chrom	start	end	binNum	tumor	tumor_expect	normal	normal_expect	log2.copyRatio	log2.TumorExpectRatio
chr1	987	28608361	283176	6065640	6305367.1964	5251656	5427838.8722	-0.00425666514646559	-0.0138995792466791
chr1	28608362	28609336	13	188	287.415	1	247.394	7.34232234258648	-0.570381760766928
chr1	28609337	30478326	19537	421587	436079.7952	369974	376671.5914	-0.0188200540023359	-0.00674083262437764
chr1	30478327	30479458	13	0	295.27	239	255.142	-33.2152225765359	-33.1772600146977
chr1	30479459	31272479	7570	163969	169275.9105	140778	146246.8501	0.013088434271942	-0.0039326603884139
chr1	31272480	31385444	126	1245	2817.085	10	2424.836	6.74774435073964	-1.13603641805963
chr1	31385445	31518619	1298	29279	29035.439	24796	25003.8339	0.0281517205444639	0.0540723677603161
chr1	31518620	31522345	48	524	1075.31	987	932.395	-1.11516436013401	-0.995092981481314
chr1	31522346	38433761	75424	1663725	1672988.3914	1406247	1427199.2036	0.0173846219130693	0.0340104871526523
chr1	38433762	38496784	4	247	89.2241	24	76.9993	3.15487498915371	1.51102662698599
chr1	38496785	51387805	133911	2900347	2971976.7315	2472617	2541723.4809	0.00862936433301175	0.00682362953365306
chr1	51387806	51388984	15	221	330.218	36	286.279	2.41603901156967	-0.537351458892767
chr1	51388985	61509137	90293	1926476	2011909.4142	1655315	1720439.9241	-0.00287103099000738	-0.0205802021940361
chr1	61509138	61511611	30	372	671.627	1	580.317	8.33239806296614	-0.810336673288941
chr1	61511612	62958059	12579	269718	282145.3632	238587	244009.7355	-0.0285051898591864	-0.0229659010667292
chr1	62958060	62995084	43	643	959.784	90	827.476	2.62688790790534	-0.535870090981415
chr1	62995085	63000821	19	434	428.178	1	372.857	8.56602130662453	0.0615053057537807
chr1	63000822	63097769	176	1825	3975.4205	125	3447.8052	3.66652562773942	-1.08119007101585
chr1	63097770	63102473	53	1185	1189.12	901	1034.6	0.198525204978658	0.0370136814983778
chr1	63102474	63132023	153	1440	3426.707	0	2968.832	31.9725852931427	-1.20873309354937
chr1	63132024	65094497	9675	195475	215161.5124	168550	183627.5816	-0.0107714084802695	-0.0964149927649611
chr1	65094498	65111385	90	885	2027.784	5	1745.484	7.25538702019675	-1.15413368951602
chr1	65111386	65187901	402	8305	8976.3876	7575	7762.5347	-0.0728145083849838	-0.0701338702771201
chr1	65187902	65197843	27	433	613.379	7	535.061	5.75785125581525	-0.460390815172098
chr1	65197844	65253677	95	1915	2136.9649	1254	1859.9938	0.41460001689538	-0.116197885201833
chr1	65253678	65263199	69	860	1549.026	84	1346.51	3.1577973814667	-0.806931860229969
chr1	65263200	65292195	158	1759	3537.29	65	3081.74	4.56333096843642	-0.965868084039192
chr1	65292196	65370926	328	6818	7391.0209	5840	6376.5782	0.0144474018195643	-0.0744041195521279
chr1	65370927	65420838	19	153	427.995	3	372.45	5.47593651602335	-1.44204135511653
chr1	65420839	70886171	30986	651070	691523.9061	568880	594633.7139	-0.0190311900237068	-0.0449455285733582
chr1	70904589	71083403	46	420	1022.61	51	882.03	2.83252213770264	-1.24177387164449
chr1	71083404	81444235	86669	1853658	1935897.9125	1564082	1629248.0998	0.000320749541675637	-0.0206068501130645
chr1	81444236	81446562	30	1	663.701	335	562.37	-8.62297266921463	-9.33236860779169
chr1	81446563	96094217	137122	2963216	3058953.6747	2517555	2563473.3474	-0.0157394912221097	-0.00385353070479331
chr1	96094218	96198463	26	234	574.528	29	495.082	2.80173238637967	-1.25384774093776
chr1	96198464	97687380	12434	275380	275429.3894	234831	237243.0713	0.0185427311059396	0.0417622101807344
chr1	97687381	97692228	53	3618	1189.91	1091	1017.34	1.50754913605064	1.64636088416521
chr1	97692229	97694760	29	632	650.864	543	559.94	0.00594685773367296	-0.00041062666541615
chr1	97694761	97697849	40	1014	909.545	1	783.132	9.77401067894026	0.198861664140063
chr1	97697850	99576405	14000	298372	312312.6385	262981	267306.8035	-0.038282437769628	-0.0238578627082693
chr1	99576406	99582680	83	1984	1842.97	3091	1555.26	-0.880480060291043	0.14840037316999
chr1	99582681	107475361	87489	1937207	1951179.0435	1624315	1637292.4599	0.00517093180098929	0.0316528873224618
chr1	107475362	107478910	37	420	841.201	697	730.302	-0.930668339320028	-0.960040302756443
chr1	107481820	108568106	9768	207773	218971.8783	181750	189609.2618	-0.0106049680099912	-0.0337164788202968
chr1	108568107	108575858	86	894	1924.54	3	1688.28	8.03426734871014	-1.06414598569673
chr1	108575859	109299387	7166	150718	160564.5716	132927	139187.2449	-0.0208506649252141	-0.0492809386372739
chr1	109299388	109307531	99	1016	2222.02	2085	1917.51	-1.24572630969233	-1.08695046562097
chr1	109307532	109580615	1483	29301	33304.2083	25859	28880.8206	-0.0212509628698237	-0.142733650018621
chr1	109580616	109616858	16	152	360.25	0	316.796	31.9784122144802	-1.20290617221332
chr1	109616859	109793728	1748	34200	39175.433	30650	33853.0185	-0.0484971198963389	-0.153931961218719
chr1	109793729	109807110	99	3160	2210.498	2029	1913.98	0.435418391197945	0.557574063698876
chr1	109807111	114126530	39391	847280	882153.2046	734567	763661.8565	0.00190783522919028	-0.0161694830611413
chr1	114126531	114132048	18	189	402.685	5	348.881	5.03745598940149	-1.04924456402286
chr1	114132049	114482968	4133	91016	91779.0585	76135	79006.9133	0.0454326198559365	0.0299761108198114
chr1	114482969	114484278	17	193	373.038	0	324.889	32.2726175687357	-0.908700818020815
chr1	114484279	116496957	20720	440392	461824.5127	377672	399030.8537	0.0148683571560738	-0.0265355544475242
chr1	116496958	116502790	66	699	1463.47	1202	1255.38	-0.999283204759811	-1.02400787672902
chr1	116502791	117890215	3034	60242	68149.3462	52584	59060.2682	-0.00630775884695341	-0.135909214610657
chr1	117890216	118169436	106	691	2368.9358	1146	2053.3906	-0.932022071124732	-1.73546055055518
chr1	118169437	118186315	7	13	159.53	150	138.409	-3.72921059320658	-3.57522328746076
chr1	118186316	119189188	599	9540	13434.9754	8389	11619.7854	-0.0198614629272699	-0.451911573996229
chr1	119189189	119238243	61	1969	1371.7968	1230	1186.7705	0.473837343341312	0.563417250115483
chr1	119238244	119245983	39	52	877.9	164	760.087	-1.86094596890028	-4.03545214936069
chr1	119245984	119557478	470	9759	10534.9503	8650	9122.0042	-0.0296692058239475	-0.0683573455250442
chr1	119557479	119572394	63	2462	1411.95	1487	1220.68	0.521480534858128	0.844162695311339
chr1	119572415	123705360	27661	569697	622450.6488	495275	538547.048	-0.002863690138467	-0.0857437137825762
chr1	123705361	123705687	4	3	89.6544	81	77.704	-4.95721464720819	-4.85931904415351
chr1	123705688	132491007	104131	2243816	2314532.771	1924816	1975508.2836	-0.00320488631091166	-0.00274568002965089
chr1	132491008	132493933	39	410	869.497	0	754.054	32.13878218109	-1.04253620563947
chr1	132493934	141685343	104788	2268460	2330600.0184	1943555	1998327.8511	0.00516552558216126	0.00303272714317545
chr1	141685344	141720255	410	7450	9055.4317	7316	7745.8382	-0.195118331892863	-0.239522060553984
chr1	141720256	144110220	27729	593404	616763.7135	505946	519653.3649	-0.0130786843253331	-0.0136823025895683
chr1	144110221	144116835	79	1045	1745.54	1595	1481.6	-0.84251252292234	-0.698149540689197
chr1	144116836	148463935	31987	682182	710053.8441	579604	607350.6219	0.0137487008032248	-0.0157508068443029
chr1	148463936	148629153	117	528	2683.2516	903	1939.7075	-1.23827290736614	-2.30335156827809
chr1	148629154	148651923	164	1990	3713.6248	2046	2879.8132	-0.402832170464341	-0.858038697091294
chr1	148651924	148654008	26	265	599.069	895	423.231	-2.25311382705418	-1.13470888617309
chr1	148654009	154086997	49975	1085099	1119652.0612	937534	968814.4187	0.00618389637308263	-0.00320286692414154
chr1	154086998	154087852	7	0	153.854	125	132.731	-33.2152225765359	-33.1772600146977
chr1	154087853	158839885	44042	967882	984080.4693	830427	850835.3703	0.015139910137248	0.0180758142984354
chr1	158839886	158845789	42	1503	934.078	827	803.181	0.648126261491435	0.728251011475861
chr1	158845790	158847683	25	228	552.7428	431	474.2977	-1.13541112770888	-1.23555356877494
chr1	158847684	167755621	106613	2349546	2377387.0923	1989134	2019422.2678	0.00886570648666974	0.0250261220473355
chr1	167755622	167756296	9	7	203.668	107	177.667	-4.12709727481571	-4.82069965344761
chr1	167756297	180497234	121194	2650564	2699516.6824	2251421	2309001.7921	0.0140900529815314	0.0156191780440094
chr1	180508974	181660015	904	11557	20293.8043	12684	17525.8801	-0.34173690842864	-0.770251457875593
chr1	181660016	182893066	1022	17437	22970.7123	13756	19829.5949	0.134008810982063	-0.35562281089929
chr1	182893067	182912785	30	83	673.826	0	584.903	30.2021464659543	-2.97917191990984
chr1	182912786	220810995	405724	8938840	9016325.3805	7488171	7629167.8481	0.018518738837516	0.0295689779304501
chr1	220810996	220823959	166	4918	3700.62	3246	3098.65	0.347339916211784	0.45232566983051
chr1	220823960	224280532	29375	637480	657815.4675	516896	542640.4501	0.0288780778377956	-0.00328191672009875
chr1	224280533	224294611	17	422	377.308	8	327.18	5.51949942673873	0.203521243537343
chr1	224294612	232975571	82838	1798314	1849722.0733	1526596	1584235.0985	0.0168629329702154	0.00135736581069035
chr1	232975572	232976046	6	16	132.913	120	114.336	-3.12003471712551	-3.01231747352387
chr1	232976047	238922153	67404	1461967	1502161.1645	1254262	1296973.2684	0.0132395172547304	0.00289207536548627
chr1	238922154	238924256	28	0	626.157	317	534.426	-33.2152225765359	-33.1772600146977
chr1	238924257	258520562	207446	4547294	4607969.6661	3904679	3958835.4202	0.00480757667148731	0.0228979975243236
chr1	258520570	258541418	30	309	667.86	26	564.897	3.33352380817584	-1.06991793715684
chr1	258541419	264121274	48169	1067698	1073063.0662	901160	906143.0434	0.00478267353044751	0.0347897017206958
chr1	264121275	264121874	8	96	178.032	0	147.557	32.3323090533704	-0.849009333397462
chr1	264121875	282763000	201462	4407669	4482857.0725	3768282	3815736.9794	-0.00228944756728318	0.0176183186268861
chr2	0	2845268	14397	312696	322341.5826	267946	278132.6647	0.0140597361100582	-0.00180861167725691
chr2	2845269	2857297	89	954	1997.39	1816	1730.13	-1.13188026779808	-1.02403394760757
chr2	2857298	5687042	22905	518602	512628.419	449264	443128.0575	0.000932896516576344	0.0587352435967242
chr2	5687043	5692478	34	363	759.057	0	658.909	32.1591006431728	-1.02221774356092
chr2	5692479	6036545	3443	78853	76938.514	69221	66632.7519	-0.015460255175324	0.077480612884953
chr2	6092261	6093389	15	200	331.104	0	287.426	32.4960548814661	-0.685263505330444
chr2	6108531	6621923	5467	123513	122822	108865	106384	-0.0211067475743692	0.0501148299334524
chr2	6621924	6623553	20	927	443.4	356	380.172	1.16279397985094	1.10598150289051
chr2	6623554	12249115	56881	1277936	1274604.1746	1105131	1102621.2784	0.00454462221530992	0.0457872301528544
chr2	12249116	12250241	15	192	336.712	0	291.963	32.4129304942058	-0.76838789257664
chr2	12250242	14630809	24653	538438	552933.9739	468565	478354.9322	-0.00443633529257756	0.00369394749949943
chr2	14630810	14631563	10	125	225.159	0	195.969	32.3743232702161	-0.806995116559424
chr2	14631564	15641801	10914	237876	245287.2739	206338	212814.9954	0.00438598027534342	-0.00224172957116259
chr2	15641802	15654551	74	861	1656.794	1	1403.356	9.51441439806369	-0.90228815684135
chr2	15654552	17178776	15072	324935	339336.4303	286400	294293.3897	-0.0192831550359858	-0.0205442378485919
chr2	17178777	17180667	25	230	556.197	2	478.591	6.63274569258465	-1.23194116744252
chr2	17180668	27876207	117673	2532617	2618066.3875	2179474	2243294.8104	-0.00217515285456514	-0.00585182735297312
chr2	27876208	27876756	7	1	153.167	70	131.985	-6.33995615600589	-7.21694073399751
chr2	27876757	34936033	82528	1753271	1832874.0295	1526524	1570171.4921	-0.019328389426281	-0.0220376926799289
chr2	34936034	34937308	17	197	377.946	0	327.516	32.283354830461	-0.897963556297665
chr2	34937309	45840671	107874	2300794	2399560.3602	1998326	2066133.557	-0.00843835718867501	-0.018617351091232
chr2	45840672	45840971	4	4	88.6169	87	76.3312	-4.6541941072211	-4.42748901680525
chr2	45840972	52404049	69766	1506095	1559145.6337	1315771	1348085.5743	-0.0108808860678883	-0.00792198271076465
chr2	52404050	52409079	60	1	1329.76	1137	1146.87	-10.3604219945313	-10.3349290449298
chr2	52409080	56166938	38319	827519	853413.494	707228	736309.9859	0.0177437605965536	-0.00243155113046002
chr2	56166939	56172563	75	828	1651.85	1430	1422.25	-1.00016170614761	-0.954359078196478
chr2	56172564	60853753	48040	1053773	1069304.8886	904782	921373.3698	0.00916490085973693	0.020911790331578
chr2	60853754	60860180	78	901	1730.51	0	1487.67	32.2817410540153	-0.89957733274301
chr2	60860181	61117217	2965	65328	65712.0677	54502	56499.12	0.0475207314367216	0.0335640682266714
chr2	61117218	61121276	54	592	1192.42	1	1034.33	9.00831565711582	-0.968202462977859
chr2	61121277	64646491	41495	905630	924455.9793	779483	796164.9613	0.00492532079175043	0.0123380610782278
chr2	64646492	64707831	762	8556	17139.9	15156	14871.7	-1.02561140431836	-0.960329370221415
chr2	64707832	67616853	31703	686535	713939.7193	608229	619942.634	-0.0248905049987536	-0.0144480609548881
chr2	67616854	67619937	41	449	916.982	0	799.419	32.193161351622	-0.988157035118786
chr2	67619938	75654665	85733	1829236	1930124.744	1621613	1675408.0488	-0.0263115524607929	-0.0354319403106475
chr2	75654666	75658154	42	460	943.529	796	817.212	-0.994432668968664	-0.994412065070531
chr2	75658155	75702387	526	11582	11836.2	10154	10265	-0.0115777429786745	0.010699356740642
chr2	75702388	75706382	53	607	1186.78	0	1033.77	32.2560552234322	-0.925263163321147
chr2	75706383	75800229	1076	23170	24152.508	20276	20922.39	-0.0105819965154961	-0.0178940279769292
chr2	75800230	75803264	40	419	894.232	727	769.818	-1.00707851638718	-1.05167799508928
chr2	75803265	92248562	158025	3293110	3529354.2125	2851965	3045359.2794	-0.00123898858595686	-0.057932591400617
chr2	92248563	92250066	15	1	332.204	181	285.538	-7.71417417392418	-8.33390465227087
chr2	92250067	118617002	274152	5895924	6126411.8792	5125392	5286377.6969	-0.00664890632608964	-0.0133035005468361
chr2	118617003	118618454	19	177	417.938	7	358.077	4.44128990926887	-1.19751864335015
chr2	118618455	120935849	26573	565181	589880.8295	484758	507018.6186	0.00712183409033691	-0.0196896229307019
chr2	120935850	120940477	60	774	1325.307	1063	1139.635	-0.671432508739394	-0.733900184770627
chr2	120940478	133356490	122432	2650523	2730727.4627	2310572	2353219.5203	-0.012564040046453	-0.000987340647310098
chr2	133356491	133359972	5	0	112.377	113	96.7042	-33.2152225765359	-33.1772600146977
chr2	133359973	135522923	18317	400023	412287.4625	353904	357678.8232	-0.024202628713539	-0.00154670319818875
chr2	135522924	135549178	323	11	7310.64	5470	6324.929	-9.16278346938785	-9.33432934644133
chr2	135549179	135549778	8	186	180.145	158	156.74	0.0386512276818954	0.0881649459342589
chr2	135549779	135553708	52	0	1177.187	352	1018.571	-33.2152225765359	-33.1772600146977
chr2	135553709	135554384	9	126	204.997	141	179.933	-0.346356050093456	-0.660158128830057
chr2	135554385	135555134	10	0	225.851	206	200.822	-33.2152225765359	-33.1772600146977
chr2	135555135	137345807	15683	338201	353117.9613	301311	306295.3826	-0.0345406316409175	-0.0202483455903466
chr2	137345808	137348566	15	411	338.274	694	295.229	-0.948096748474437	0.322967033459758
chr2	137351258	137354863	36	735	798.937	691	689.211	-0.12001910499204	-0.0783165599590907
chr2	137354864	137356729	21	0	465.374	204	391.776	-33.2152225765359	-33.1772600146977
chr2	137356730	140466700	35304	764716	789226.8281	664911	681530.2599	-0.0058410974931057	-0.00349500432566688
chr2	140466701	140467380	8	4	176.884	131	153.469	-5.23422091165432	-5.42463880451363
chr2	140467381	146619625	69074	1507947	1534419.4411	1300573	1317615.0194	-0.00226728257099459	0.0169137527030675
chr2	146619626	146621200	21	0	471.42	187	408.801	-33.2152225765359	-33.1772600146977
chr2	146621201	148566259	19302	416298	430419.854	364226	371479.8609	-0.0156195388183184	-0.00610706495091353
chr2	148566260	148568994	34	1494	755.918	661	656.224	0.97647495871604	1.02489943409963
chr2	148568995	159863655	93282	1990616	2082019.0996	1713597	1798051.7761	0.00869671892776162	-0.0227474244199012
chr2	159863656	159957721	62	588	1370.4196	176	1168.6386	1.51451025448598	-1.17870869569268
chr2	159957722	160700849	245	5707	5455.2172	3562	4659.4504	0.45662657361	0.107116858593286
chr2	160700850	160729202	96	2879	2133.88	761	1836.003	1.70674717055128	0.474109675547001
chr2	160729203	161378175	135	1205	3015.6598	722	2609.342	0.534233137440868	-1.28141960473109
chr2	161378176	187744094	256910	5561685	5741802.9454	4794933	4945921.1503	0.00280517299775131	-0.00396084845943857
chr2	187744098	187748374	47	491	1033.48	4	888.477	6.72553341955244	-1.03169460573422
chr2	187748375	196913003	74718	1616479	1666051.1526	1370198	1416164.6669	0.00808508380399309	-0.0015569967310592
chr2	196913004	196946661	24	344	534.4131	94	455.1619	1.64415870164182	-0.593525873517104
chr2	196951786	220512075	249028	5386807	5548256.7454	4609073	4752271.3938	0.00559480980934495	-0.000583238718733468
chr2	220512076	220515140	37	365	817.765	700	694.886	-1.17031008806333	-1.12176891894942
chr2	220515141	229739273	104711	2276134	2336378.1739	1973888	2015150.4728	-0.00378250857981203	0.00433261594480779
chr2	229739274	229744280	66	1597	1476.03	733	1281.68	0.923851643187726	0.155663202888149
chr2	229744281	238522160	88120	1894633	1960075.0342	1640680	1686247.6256	-0.00540956292946856	-0.00696953117033702
chr2	238522161	238523135	13	142	288.124	0	242.631	32.2025404125925	-0.978777974150163
chr2	238523136	248425822	113708	2464742	2535511.3624	2137380	2186501.6298	-0.0040007291969605	0.00118083331900298
chr2	248425823	248430779	26	7	576.804	281	503.202	-5.51995653252167	-6.32256149101734
chr2	248430780	248432698	18	84	406.125	182	335.738	-1.38600684798214	-2.23144167067729
chr2	248432699	249204195	8527	183762	189801.3505	157826	163860.3564	0.0115385440275572	-0.00463085963601072
chr2	249204196	249205395	16	1	357.591	173	311.392	-7.63014837303807	-8.4401456306347
chr2	249205396	257362914	96761	2098495	2152097.4075	1831434	1852102.4711	-0.016139770469146	0.0056325819560823
chr2	257362915	257363408	6	0	132.218	71	111.272	-33.2152225765359	-33.1772600146977
chr2	257363409	266433159	104612	2278407	2329358.7406	1975760	2003168.5311	-0.00797289420664867	0.0101135744878312
chr3	534	14421969	145563	3231232	3259596.8352	2664285	2693880.0084	0.00738635075628695	0.0294117379885062
chr3	14421970	14424671	36	334	802.015	0	670.1714	31.9595582044085	-1.22176018228053
chr3	14424672	16054134	17645	389966	393792.3446	324710	329763.2207	0.0122503370386969	0.0279342141608739
chr3	16054135	20902250	30403	590029	682310.1051	508886	590520.3982	0.00906104758847951	-0.167620783751643
chr3	20902251	23690889	29565	649833	660376.4556	548240	563909.2575	0.0214941316854381	0.0188012584250685
chr3	23690890	23695375	59	0	1310.77	598	1139.51	-33.2152225765359	-33.1772600146977
chr3	23695376	23971461	2298	46097	51469.282	39742	44405.7576	0.00510184766452191	-0.117017859763605
chr3	23971462	23982630	104	821	2337.7821	1467	1985.9405	-1.06867443738052	-1.46766540371053
chr3	23982631	25295821	13773	294337	309676.1997	259927	268126.4436	-0.0244262183780216	-0.0312706645270131
chr3	25295822	25297056	16	170	367.361	2	317.733	6.20406574851808	-1.06964279346711
chr3	25297057	27126175	21540	471147	484788.2683	412577	420333.4469	-0.0102482944118165	0.000843405253961108
chr3	27126176	27132145	78	4	1743.77	770	1502.27	-7.79972186630935	-8.7259730514798
chr3	27132146	28256223	12571	277543	282387.7697	240977	244711.2713	0.00127717041197637	0.0170546348098862
chr3	28256224	28257696	19	219	423.175	3	365.1687	5.98119162582832	-0.908302595284742
chr3	28257697	32014874	41998	912606	939512.4516	785925	812940.5777	0.0108964865389487	0.000100791071095299
chr3	32014875	32018549	49	533	1097.83	1013	956.914	-1.12056185506895	-1.00042629639481
chr3	32018550	32337767	3386	71722	75992.592	61890	65762.7612	0.00817985758770378	-0.0414221336098498
chr3	32337768	32340992	42	982	934.21	0	814.212	33.295315457589	0.113997070690839
chr3	32340993	32720588	4346	92813	96992.1898	80372	83874.858	0.00206212086549118	-0.0215207531868225
chr3	32720589	32720888	4	2	88.062	91	76.5902	-5.70509606473989	-5.41842676444492
chr3	32720889	33443473	8191	174231	183087.9258	149646	158592.4049	0.016293022685961	-0.0295143798716871
chr3	33443474	33443998	7	0	158.891	138	138.629	-33.2152225765359	-33.1772600146977
chr3	33443999	33558129	1481	32917	32952.2326	27694	28263.0623	0.0318593590756959	0.0404775763627958
chr3	33558130	33558665	7	173	156.471	3	135.952	5.65092617190685	0.186897676244009
chr3	33558666	33624542	844	18152	18690.5	16021	16037.3	-0.0366512045990456	-0.000155715492422992
chr3	33624543	33626668	14	276	309.611	4	270.134	5.91580132412399	-0.123767527775282
chr3	33626669	33627665	11	254	242.76	161	210.258	0.454456149079043	0.10731870558125
chr3	33627666	40587327	81973	1769373	1827791.5559	1534548	1577334.2758	-0.00313030535161659	-0.00484240494756791
chr3	40587328	40596794	116	1367	2599.3	2345	2249.23	-0.983208265734273	-0.885088975667486
chr3	40596795	40975439	3980	85335	89575.034	73977	77614.2271	0.00334360253313689	-0.0279381699587607
chr3	40975440	40980813	66	678	1482.239	1206	1286.1403	-1.03154441732254	-1.08639997726571
chr3	40980814	49553536	91995	1988488	2051844.308	1721377	1769308.7955	-0.00156827222843365	-0.00322847455608459
chr3	49553537	49555052	20	222	443.867	0	379.915	32.2237715446003	-0.957546842146605
chr3	49555053	60961108	131562	2860785	2929105.2359	2479274	2518331.4865	-0.00744010210583431	0.00797198466442149
chr3	60961109	60965608	60	3	1323.87	529	1132.38	-7.68350629664273	-8.74356224694376
chr3	60965609	61261065	3760	82723	83290.9069	71930	71580.7289	-0.0128344914448711	0.0321504399805791
chr3	61261066	61262750	21	0	462.062	162	397.159	-33.2152225765359	-33.1772600146977
chr3	61262751	73326034	134069	2905467	2989344.8293	2509325	2574727.9369	0.000119774807226806	0.000961677566002968
chr3	73326035	73327159	15	174	342.85	3	298.945	5.66434191221432	-0.936469281669592
chr3	73327160	119733013	491501	10724091	10971964.0029	9243941	9429102.2363	-0.000295691361402095	0.0090545068191635
chr3	119733014	119734297	16	0	351.45	133	301.768	-33.2152225765359	-33.1772600146977
chr3	119734298	121844640	25694	556661	570832.451	473856	482698.4861	-0.00553637267051259	0.00575259272405648
chr3	121844641	121845165	7	0	153.115	58	132.615	-33.2152225765359	-33.1772600146977
chr3	121845166	143278569	239164	5220368	5317364.8428	4481806	4572749.8042	0.0064802080802475	0.0154609866543394
chr3	143278570	143289146	25	242	557.442	443	485.844	-1.06656983178731	-1.16179372317669
chr3	143289147	143318644	203	4002	4548.859	3776	3907.084	-0.131491668578321	-0.142762614832472
chr3	143318645	143325801	60	689	1350.66	1268	1171.1	-1.0817207648748	-0.92906772999593
chr3	143325802	143339450	59	600	1328.95	3706	1153.84	-2.82661374526615	-1.10523148579799
chr3	143339451	143350179	102	2177	2291.57	2063	1977.91	-0.130703616110724	-0.031974014166168
chr3	143350180	143370385	84	918	1885.68	1718	1633.64	-1.10710038013303	-0.996497878132116
chr3	143370386	143375741	14	9	312.149	335	262.753	-5.46256151293629	-5.07414509313922
chr3	143375742	143380452	38	610	845.768	715	736.47	-0.424710844755277	-0.429431799353723
chr3	143380453	143406556	82	3	1832.8013	1543	1575.2516	-9.2209694993647	-9.2128511486804
chr3	143406557	143629707	1537	31206	34580.6217	27947	29930.6117	-0.0451536501676356	-0.106119428280908
chr3	143629708	143647473	13	2	292.263	242	254.984	-7.11166532083715	-7.14910243247585
chr3	143647474	143653599	71	881	1583.0591	327	1338.2467	1.19153873403002	-0.803480257606216
chr3	143653600	143657966	10	169	225.464	176	192.635	-0.281521054348968	-0.373852914832474
chr3	143657967	143675801	82	3001	1852.412	954	1602.257	1.4481410844902	0.738059245179715
chr3	143675802	143689752	53	285	1184.3689	224	1030.5284	0.150787310177274	-2.01306375364868
chr3	143689753	143719751	335	45	7547.305	5402	6542.554	-7.10947408645968	-7.34787180721492
chr3	143719752	143727284	28	456	626.297	188	540.323	1.06933466077664	-0.415792209599827
chr3	143727285	143735000	15	16	336.173	277	293.073	-4.30762758636479	-4.35103911060294
chr3	143735001	143737112	12	227	268.4279	265	231.1972	-0.434652395030868	-0.19982139906341
chr3	143737113	143741069	11	9	248.663	225	216.406	-4.84024917065386	-4.74610210678979
chr3	143741070	143743072	25	167	555.763	347	483.197	-1.25288748022723	-1.69260075275463
chr3	143743073	143762164	116	13	2588.72	2327	2247.48	-7.68368802738533	-7.59556253314298
chr3	143762165	143812890	27	388	605.807	420	527.078	-0.311116075597448	-0.600780661519351
chr3	143812902	143846205	103	1959	2310.16	1024	1989.5091	0.724379777225747	-0.195854443158515
chr3	143846206	143846870	7	1	160.188	134	138.937	-7.26736602127739	-7.28160130914327
chr3	143846871	143857642	54	1554	1203.886	1188	1041.949	0.18309591914345	0.410308653096312
chr3	143857643	143931018	536	33773	12028.054	10380	10379.71	1.49348515241156	1.53148802146595
chr3	143931019	143943824	105	2013	2353.8978	2011	2041.9703	-0.199597338077544	-0.183683577139553
chr3	143943825	144071376	767	42307	17239.4877	12091	14950.9548	1.60554190836894	1.33720041870254
chr3	144071377	144228565	871	16263	19498.142	14533	16828.3802	-0.0461210958825168	-0.21972230737638
chr3	144228566	144307870	152	2200	3392.4591	3435	2941.0752	-0.844735952425291	-0.582806964251049
chr3	144307871	144379820	662	13918	14904.6512	12323	12900.6412	-0.0286630740249624	-0.056789766789547
chr3	144379821	144384523	61	2	1363.56	1224	1182	-9.45947751691044	-9.37114143591282
chr3	144384524	144540574	1897	41886	42614.1	37935	36877.1	-0.0616087039758539	0.0171581884382998
chr3	144540575	144545305	58	530	1305.31	1163	1118.69	-1.35231062800462	-1.25830727594378
chr3	144545306	145254908	8586	189023	191196.3784	161345	165415.277	0.0235085770606392	0.0255275277862311
chr3	145254909	145264561	54	571	1192.854	854	1016.502	-0.807491372516068	-1.02083388923334
chr3	145264562	145668589	2283	49425	50921.185	42909	43809.4465	-0.0090049465539647	-0.00100409267844453
chr3	145668590	145682530	161	1416	3596.556	2284	3070.312	-0.913913813240159	-1.30277386772929
chr3	145682531	149739201	46483	1018570	1035156.9528	850195	868298.5478	0.0111513710635592	0.0187165365763894
chr3	149739202	149754312	88	319	1949.934	0	1687.028	30.6115423568439	-2.56977602930965
chr3	149754313	151772070	21984	477261	488663.3034	404438	412712.4754	-0.000785453502990915	0.0079586156377665
chr3	151772071	151773375	17	176	377.272	0	328.269	32.1233097184658	-1.05800866826033
chr3	151773376	168858270	188191	4042232	4191223.2485	3443502	3510011.7028	-0.0205615454748071	-0.0101983091897265
chr3	168858271	168859470	16	184	353.292	0	307.481	32.2821840065102	-0.899134380248238
chr3	168859471	168951417	1152	23587	25460.189	21203	21877.803	-0.06099335822568	-0.0682302588529062
chr3	168951418	168952842	19	227	421.096	0	363.832	32.3318824473468	-0.849435939421008
chr3	168952843	170990001	20893	440078	465685.8351	381105	389255.6956	-0.0470097630990342	-0.0395768140586592
chr3	170990002	170991374	18	0	402.932	314	327.099	-33.2152225765359	-33.1772600146977
chr3	170991375	171475985	5486	119479	123490.7133	99391	100047.1133	-0.034094696132545	-0.00562455065162969
chr3	171475986	171476963	13	1	287.834	133	245.623	-7.28001539929114	-8.12707223260791
chr3	171476964	174800665	34050	731319	757988.4195	617268	635001.0808	-0.00675454507740215	-0.00965402844847724
chr3	174800666	174803892	43	499	959.948	870	796.647	-1.06693287334085	-0.901895507719896
chr3	174803893	177699918	32414	719782	724783.3629	586525	599513.8727	0.0256690924162569	0.0320311194343114
chr4	784	24667036	260139	5657158	5807512.1462	4862479	4988291.5304	0.00306933438333414	0.0041781328316074
chr4	24667037	24668634	21	0	470.737	205	406.003	-33.2152225765359	-33.1772600146977
chr4	24668635	49571296	259772	5672369	5806867.7971	4904930	5019179.7349	0.00346863134241174	0.00821213133099429
chr4	49571297	49572826	13	115	288.135	6	249.819	4.05872420542651	-1.28309012081127
chr4	49572827	49692139	1369	27797	30404.4925	25073	26236.0429	-0.059881435107142	-0.0873343864543586
chr4	49692140	49694308	12	172	267.953	0	230.094	32.583767917595	-0.597550469215639
chr4	49694309	49902057	2356	51164	52580.2225	44749	45442.3464	-0.0131509292887624	0.0026297458891425
chr4	49902058	49905211	42	481	938.372	0	816.358	32.2592162496491	-0.922102137104897
chr4	49905212	62148519	142467	3105051	3174619.5109	2661400	2725119.8374	0.00622596153436041	0.0100542087464029
chr4	62148520	62150857	31	325	683.004	558	588.738	-0.990035309920338	-1.02943337503612
chr4	62150858	71856741	104271	2258777	2321195.1699	1929521	1993282.6734	0.0116359586655644	0.00269494863695377
chr4	71856742	71860217	39	0	879.777	444	753.577	-33.2152225765359	-33.1772600146977
chr4	71860218	75006701	31422	680755	704051.6439	593857	609255.3497	-0.00755577183944784	-0.00652465001334805
chr4	75006702	75007676	13	120	288.133	0	250.404	31.959638824583	-1.22167956210595
chr4	75007677	107168456	320479	6956764	7146817.3692	5960620	6144173.3625	0.00893035170480957	0.0031363922268797
chr4	107168457	107169431	13	0	288.639	125	237.988	-33.2152225765359	-33.1772600146977
chr4	107169432	107195131	263	4731	5899.0775	4126	5117.1869	-0.00367872371467482	-0.276323267704344
chr4	107195132	107201966	91	0	2054.75	810	1786.07	-33.2152225765359	-33.1772600146977
chr4	107201967	126484449	214961	4731330	4791685.4133	4045016	4075388.9092	-0.00343670173444131	0.0237335290022965
chr4	126484450	126485349	12	69	265.523	224	227.331	-1.91881449665692	-1.90214763311321
chr4	126485350	137917092	126263	2760623	2811008.9634	2382606	2416912.544	-0.00141092926035793	0.0159267623790843
chr4	137917093	137917325	3	0	67.9946	36	59.6127	-33.2152225765359	-33.1772600146977
chr4	137917326	142137834	47468	1025266	1058595.2334	877395	914415.5185	0.0175289702084014	-0.00413187055023939
chr4	142137835	142139415	21	428	474.7513	149	414.7959	1.33158652113207	-0.107540219914748
chr4	142139416	168430186	268202	5832152	5974293.0065	4945551	5081391.4977	0.00841105298921585	0.00728125889385615
chr4	168430187	168432051	23	1	509.25	419	438.484	-8.92259786588569	-8.95020925732073
chr4	168432052	173210044	53734	1163045	1192121.8474	1011267	1019000.7905	-0.0205751963658263	0.00639615035087922
chr4	173210045	173214594	24	271	546.62	0	468.918	32.2110939259316	-0.970224460812776
chr4	173214595	173488373	3316	69771	74077.4639	61502	64067.653	-0.0233860095455595	-0.0443862619550601
chr4	173488374	173489940	19	235	421.153	0	365.313	32.3816556351098	-0.799662751667051
chr4	173489941	184224823	125371	2702841	2782536.9378	2335458	2377308.3584	-0.0122422764458051	9.67400116514694e-05
chr5	34651	4579595	44941	972555	1001591.9876	833237	862967.5327	0.0121945691470646	-0.000422247116566875
chr5	4579596	4580779	15	167	333.54	3	288.766	5.59484124814408	-0.955990750756746
chr5	4580780	24918925	209018	4500694	4660494.1797	3873816	4015268.8886	0.00546408515939391	-0.00831452621168947
chr5	24918926	24941452	32	317	714.7437	85	619.2383	1.69607517202649	-1.13092222362979
chr5	24941453	26009000	11410	242571	253142.5547	207963	217454.2261	0.00690027681044261	-0.0195220359455566
chr5	26009001	26022019	154	1524	3417.768	2679	2948.081	-1.0230516115236	-1.12317063206217
chr5	26022020	33245596	78721	1691820	1762659.9305	1480938	1525273.0399	-0.0125634278927339	-0.0171571463195682
chr5	33245597	33253622	37	0	822.788	186	695.402	-33.2152225765359	-33.1772600146977
chr5	33253623	33374774	1208	25701	27045.5718	21576	23400.1457	0.0475805532642465	-0.0315469707583007
chr5	33374775	33380776	36	7	809.746	368	698.349	-5.92566988584595	-6.81194975323573
chr5	33380795	33381717	5	28	113.6684	38	98.4077	-0.644502347518416	-1.97931157135776
chr5	33382019	33382618	8	0	181.979	109	157.713	-33.2152225765359	-33.1772600146977
chr5	33382619	35214378	20120	435247	450214.2579	376248	389359.0756	0.00469832134251242	-0.00675645817085248
chr5	35214379	35215128	10	127	227.1	1	196.557	6.78436306819879	-0.796478274613465
chr5	35215129	35601299	2447	52682	54801.2824	43729	47357.4019	0.0621584125276905	-0.0148786030588366
chr5	35601300	35602346	10	102	227.164	1	195.777	6.46196075159471	-1.11314413399088
chr5	35602347	48136109	137739	2958310	3084999.0087	2584504	2667041.607	-0.0110855171194067	-0.0184758517329751
chr5	48136110	48137534	19	222	425.205	0	348.234	32.2857404361181	-0.895577950641004
chr5	48137535	69943047	226473	4881105	5054488.5074	4193100	4321634.0662	-0.00273926563265909	-0.00833638399493486
chr5	69943118	69943942	11	1	242.263	88	204.962	-6.69659085681586	-7.87840930437807
chr5	69943943	80863297	120398	2609550	2674252.6727	2237514	2285891.5386	-0.000416122908881241	0.00668619642915495
chr5	80863298	80866760	46	1091	1023.37	2850	884.056	-1.59237062721036	0.134344189368341
chr5	80866761	89464026	93043	2015542	2083469.2845	1746276	1804067.9691	0.00321048550786072	-0.00579905049366242
chr5	89464027	89466568	33	0	744.418	280	645.721	-33.2152225765359	-33.1772600146977
chr5	89466569	89477233	135	2952	3030.59	2529	2646.17	0.0314911183542296	0.00411496855439018
chr5	89477234	89482177	63	7	1411	621	1217.51	-6.67982051530021	-7.61312638728314
chr5	89482178	90187096	7137	146338	160311.7392	126828	138773.6787	0.00234341545987209	-0.0895546929231566
chr5	90187097	90191365	23	4	520.906	250	450.074	-6.17258673173864	-6.98285829152381
chr5	90191366	90555472	4024	89016	90148.3429	77624	78030.8666	-0.00663578168548336	0.023784635606171
chr5	90555473	90557502	27	2	599.322	217	515.992	-6.97347547770034	-8.1851665459087
chr5	90557503	90605204	536	11036	11995.067	9463	10391.079	0.0188104578152016	-0.0782029198772782
chr5	90605205	90608281	36	0	812.777	316	704.445	-33.2152225765359	-33.1772600146977
chr5	90608282	91364177	6268	128094	140511.82	111910	121436.2374	-0.0115701855303816	-0.0914676616608693
chr5	91364178	91370252	16	10	358.12	138	312.964	-3.97698436435316	-5.12035024693466
chr5	91370253	92815607	15485	328532	347828.0656	289020	301002.7004	-0.0196749729778977	-0.0403195111870931
chr5	92815608	92841590	101	960	2258.2071	489	1964.0185	0.775889029998583	-1.19205055616821
chr5	92841591	108800490	174057	3752042	3885725.9899	3246140	3355661.3911	0.00142210327505527	-0.00848725819053114
chr5	108800491	108806374	40	2	900.274	402	782.656	-7.84897910031551	-8.77219934574476
chr5	108806375	126889951	203966	4446627	4539680.5088	3809376	3903233.4766	0.00929406291555187	0.0121415574650264
chr5	126889952	126890701	10	96	219.99	0	186.604	32.0270076869456	-1.15431069975924
chr5	126890702	126891601	12	231	269.214	211	219.882	-0.157315704660737	-0.178839650728783
chr5	126891602	126892595	13	148	285.481	0	247.301	32.275541765901	-0.905776620856143
chr5	126892596	132330649	61004	1314488	1359908.9216	1124046	1163735.8819	0.00511190065043164	-0.00698812586669509
chr5	132330650	132367307	78	389	1759.852	779	1533.353	-1.1965590424522	-2.13559111107121
chr5	132367308	132404961	40	722	891.005	597	768.256	0.064479879417987	-0.261413756189849
chr5	132404962	133057251	6056	64761	136043.2286	112835	117748.279	-1.00531827858579	-1.0288470472137
chr5	133057252	151978462	214931	4605157	4788276.4936	3890086	4007266.3765	-0.00938138347757346	-0.0142351853273248
chr5	151978463	152030643	590	10476	13074.1968	10211	11080.3984	-0.197690388020543	-0.27761341953307
chr5	152030644	173707145	244632	5285589	5476237.7387	4443094	4510631.7688	-0.0252976089613961	-0.00909989763685508
chr6	0	123769	1366	29844	30746.613	24900	26652.665	0.0592058445738439	-0.000965646405929645
chr6	123770	126156	29	385	656.233	1	564.06	8.37441341468998	-0.727328764281154
chr6	126157	608573	5298	113702	118405.9663	98741	102537.9344	1.08047689025949e-05	-0.0164632124946821
chr6	608574	609403	11	124	243.393	0	211.685	32.2503917651872	-0.930926621565005
chr6	609404	784057	1963	43280	43677.7782	37536	37717.5744	-0.00217861819357913	0.0288219623330057
chr6	784058	785032	13	160	288.595	0	242.721	32.3723649214279	-0.808953465347241
chr6	785033	16212396	172440	3750063	3840833.1085	3206216	3279440.3454	0.00213193771873528	0.0075164896164922
chr6	16212397	16900616	285	107	6376.3896	2	5523.3266	5.53832261701989	-5.85503613676336
chr6	16900617	17171132	78	846	1739.763	714	1494.6867	0.0297442876315696	-0.998140284745469
chr6	17171133	17421107	164	3185	3677.521	726	3178.6116	1.92697345293338	-0.165419272999846
chr6	17421108	21187600	38934	843148	873925.9968	734730	756497.6909	-0.00554535722815771	-0.00970429109052626
chr6	21187601	21189503	23	1084	515.873	381	448.626	1.31105751991424	1.11329784579843
chr6	21189504	31054315	108219	2362062	2405486.8091	1995755	2042629.0034	0.0112688875952768	0.0157388796029168
chr6	31054316	31059423	2	662	44.9583	23	38.1422	4.61398439773716	3.92219276187988
chr6	31059424	40704181	109679	2401836	2443822.9084	2061583	2106329.3499	0.0100347648134669	0.0170188358631331
chr6	40704182	40705150	12	3	275.013	104	236.819	-5.32713382365305	-6.47637255880688
chr6	40705151	44651370	46809	1013415	1039179.2486	859543	881665.9506	0.00450126363212209	0.00580149544945963
chr6	44651371	44658061	89	2743	1961.11	1671	1668.65	0.486112182108001	0.526105096914933
chr6	44658062	51507905	83288	1837583	1847182.1708	1559625	1585150.9594	0.0199626882320079	0.0345041961863968
chr6	51507906	51564245	648	12703	14364.7972	11059	12307.696	-0.0189702245051575	-0.135347440071555
chr6	51564246	51567997	9	255	202.276	13	172.933	4.07186013255802	0.376193026752662
chr6	51567998	52198940	7295	156883	162017.8907	134916	139592.1384	0.00675051348256849	-0.00444316717621549
chr6	52198941	52204143	69	3	1532	684	1311.91	-8.05257914975446	-8.95421707335426
chr6	52204144	105321279	580797	12573454	12968906.4397	10858974	11177480.2715	0.0010897605388931	-0.00265487907409163
chr6	105321280	105323785	23	4	511.758	204	444.518	-5.87158687195353	-6.95729698733573
chr6	105323786	131118149	295880	6424522	6592841.381	5499435	5622180.2939	-0.00140656857369777	0.00470968104050096
chr6	131118150	131119124	13	0	285.849	261	244.008	-33.2152225765359	-33.1772600146977
chr6	131119125	147989969	155700	3388926	3478064.1702	2853617	2933199.8133	0.00628559355993891	0.00456451847254519
chr7	794	3515311	17453	359064	388921.7529	301316	328605.3318	0.0138980644925281	-0.0732179798379774
chr7	3515312	10903113	30931	522523	693841.1746	461324	599614.2724	-0.0267981684298612	-0.367089980625025
chr7	10903114	12006280	13501	310432	306605.6857	237264	240314.1616	0.0403796539234769	0.0599137650237328
chr7	12006281	12007330	14	274	306.078	66	201.364	1.45360276404773	-0.11770252432819
chr7	12007331	30355457	142744	3053968	3181732.0942	2598827	2690419.8996	-0.00509829043262177	-0.0171064843316108
chr7	30355458	30356434	13	148	286.547	0	248.993	32.2701647050093	-0.911153681746807
chr7	30356435	42662964	142357	3076432	3165090.2351	2656514	2722226.5752	-0.00167732046962689	0.00103240782990805
chr7	42662965	42664918	26	0	580.163	267	503.587	-33.2152225765359	-33.1772600146977
chr7	42664919	87181300	494014	10715401	11024775.5819	9269905	9491652.113	-0.00290040574253024	0.000957486122009181
chr7	87181301	87183441	28	355	634.306	0	553.557	32.3859793569145	-0.79533902986312
chr7	87183442	87741381	5112	111182	115268.1287	97424	100009.5531	-0.0102233631028572	-0.0100494934621379
chr7	87741387	87743708	29	341	648.664	0	560.662	32.2956396871026	-0.885678699658378
chr7	87743709	88068911	2059	45484	46384.4454	39439	40258.9584	0.00546329008930149	0.0137389772298799
chr7	88068912	88070793	25	289	570.598	0	495.014	32.2419341237915	-0.939384262959107
chr7	88070794	88798737	8213	175596	184805.4295	155306	160243.126	-0.0245398860837264	-0.0317262274909849
chr7	88798738	88799112	5	67	109.591	0	92.994	32.5134429979436	-0.667875388855781
chr7	88799113	110454013	232566	5036003	5179760.9249	4288617	4466051.3132	0.0219393509767943	0.00141456585211663
chr7	110454014	110456858	31	585	696.267	274	605.076	0.895794818114044	-0.20918308856704
chr7	110456859	113595846	34449	761741	769224.4445	651089	665915.5651	0.0224388096810307	0.0279168743053334
chr7	113595847	113603573	47	462	1044.425	748	893.892	-0.915623501760921	-1.13472320515765
chr7	113603574	116237106	30783	683850	687839.8306	556806	571805.7965	0.0340161096463487	0.033628184115394
chr7	116237107	116239529	11	0	249.138	65	214.105	-33.2152225765359	-33.1772600146977
chr7	116239530	117081234	7532	171450	168571.7164	135525	138683.1966	0.0617177695844388	0.066446342835885
chr7	117081235	117092214	139	6054	3073.5	2626	2616.96	0.977089519221283	1.02002712434427
chr7	117092215	117812878	9250	213712	208167.6357	170570	168210.6873	0.0218859473711865	0.0799430654326054
chr7	117812879	119779235	16839	359008	375790.1387	305853	312588.1282	-0.0304282833601561	-0.0238902815508078
chr7	119779236	119780365	15	0	341.877	125	264.448	-33.2152225765359	-33.1772600146977
chr7	119780366	125149592	66422	1468582	1485364.9236	1218578	1226760.56	-0.00268012954035978	0.0256273417445552
chr7	125149593	125153717	53	799	1175.374	1	997.878	9.40992537919372	-0.514831547831431
chr7	125153718	145202346	235853	5117814	5249908.274	4340058	4420937.5571	-0.00606809396741066	0.00525643352151046
chr7	145202347	145204476	21	245	465.68	0	403.969	32.2967821477407	-0.88453623902049
chr7	145204477	145280771	852	18793	18981.05	16040	16353.68	0.0176351325475693	0.0276565204607191
chr7	145280772	145683106	288	3239	6424.0364	1465	5514.0999	0.928351513017394	-0.94591066490994
chr7	145683107	145729228	508	11295	11325.665	9396	9704.1391	0.046700397708722	0.0381094427239283
chr8	510	4283987	38851	833192	873574.581	735682	756099.8006	-0.0247291374214568	-0.02626095622881
chr8	4283988	4290397	22	615	494.503	142	426.748	1.90615897118438	0.356628071338793
chr8	4290398	4322945	196	4486	4403.451	109	3818.755	5.16155569929655	0.0688159425490456
chr8	4322946	4324198	4	173	89.7728	62	78.3266	1.28771423151638	0.988442673807842
chr8	4324199	4328222	26	580	591.114	22	513.183	4.52057283009683	0.0146374446436339
chr8	4328223	4329114	5	173	111.312	70	96.5277	1.10380936078889	0.678183841200391
chr8	4329115	4339180	63	1460	1424.6	93	1237.66	3.77371036109009	0.0774324080217359
chr8	4339181	4377022	8	155	178.001	68	154.791	0.991156181334014	-0.157596196356121
chr8	4377023	4420836	14	145	314.2347	1	268.9357	6.9593862007947	-1.07376866720742
chr8	4420837	40444736	373359	8193629	8316663.3969	7009054	7135828.0941	0.00841722128906624	0.0205186621911763
chr8	40444737	43127050	4988	95550	111835.8716	83691	96504.172	-0.017478031998694	-0.185034297334853
chr8	43127051	43130376	21	57	464.16	206	401.252	-2.05966575778686	-2.98356744090781
chr8	43130377	43135362	46	680	1046.27	783	912.884	-0.396170935727119	-0.57962761503835
chr8	43135363	43168516	334	13	7532.15	3394	6539.04	-8.22825559850609	-9.13638527973582
chr8	43168517	43173994	60	797	1354.076	1319	1183.302	-0.917224955419972	-0.722636151342263
chr8	43173995	43270553	879	20093	19802.75	18011	17122.86	-0.0479040272265198	0.0630131264026888
chr8	43270554	43272105	20	4	444.968	220	382.027	-5.99732831493217	-6.75553682753621
chr8	43272106	43819363	4874	109157	109454.0162	95047	94859.5646	-0.00270971461877678	0.0381006921487425
chr8	43819364	43820038	9	0	204.149	70	178.065	-33.2152225765359	-33.1772600146977
chr8	43820039	84930350	466628	10151496	10372344.326	8614902	8812115.5408	0.00566274331258834	0.0109712790886682
chr8	84930351	84931325	13	154	285.938	0	247.117	32.3305673111042	-0.850751075663302
chr8	84931326	85135569	2572	56003	56955.1102	47328	48857.2941	0.0256171999871486	0.0176997555674725
chr8	85135570	85140211	59	653	1305.85	0	1117.62	32.2235050307707	-0.957813355976172
chr8	85140212	118105356	368119	7960524	8198082.7755	6805705	7017213.585	0.0057888717120662	-0.000402223493021284
chr8	118105357	118106219	11	107	246.989	1	214.328	6.54089887430329	-1.16481505966718
chr8	118106220	133306290	172053	3693193	3823519.9086	3159126	3230114.1695	-0.013914677347107	-0.00801179440339914
chr9	501	21436752	188656	4037891	4207026.8842	3425423	3563372.9174	0.00182062005085462	-0.0171781364095027
chr9	21436753	21887456	62	1522	1378.905	340	1192.246	1.95657895627064	0.184466227703023
chr9	21887457	81672741	667294	14534323	14881424.2891	12530219	12807085.157	0.00154016457203721	0.00797219526656202
chr9	81672742	81678529	70	1913	1594.27	992	1213.68	0.557975329815957	0.304961828165804
chr9	81678530	89159436	85835	1877934	1908650.8911	1610822	1635468.9496	0.00255877522909817	0.0186140493183757
chr9	89159437	89161928	25	3	559.429	219	482.567	-6.3989919563974	-7.50082777097688
chr9	89161929	120073448	337051	7334079	7504049.3815	6287843	6404360.7629	-0.00250576042096632	0.00896741888555118
chr9	120073449	120073973	7	95	156.68	2	135.889	5.36852161441457	-0.679800680431222
chr9	120073974	120358498	2900	60262	64628.1911	51901	55914.3645	0.0105999404068639	-0.0588941232952093
chr9	120358499	120360823	31	343	693.914	650	600.196	-1.12749593903427	-0.974527363088106
chr9	120360824	121315350	8642	186776	194023.1209	160016	168147.2699	0.0206480636213518	-0.0128985619130807
chr9	121315351	121319284	52	560	1174.85	0	1014.67	32.1543614822957	-1.02695690443703
chr9	121319285	122086633	7033	150052	157435.9822	128088	135966.3195	0.0208696127533119	-0.0272818257136411
chr10	1186	491742	908	11399	20191.7441	9400	17134.9884	0.0454126605817725	-0.782837330484224
chr10	494889	509628	25	624	562.845	881	488.6042	-0.697609030668021	0.190829285349485
chr10	509629	18413750	198775	4379550	4424416.2488	3673559	3725058.4872	0.00943852383824901	0.0273164538245835
chr10	18413751	18414500	10	1	219.432	190	190.063	-7.77309342874493	-7.7356091547642
chr10	18414501	18803369	4711	101863	104566.3688	85712	88195.5719	0.00747858774181899	0.00423212775362664
chr10	18803370	18806522	41	11	906.962	756	781.119	-6.31425217442337	-6.32344573088076
chr10	18806523	41295351	260129	5653882	5789597.3469	4820755	4952924.0771	0.00885852541568055	0.00779969227145342
chr10	41295352	41295954	8	80	177.223	0	154.293	32.0758453773257	-1.10547300939013
chr10	41295955	56008466	168498	3690343	3742197.6175	3105914	3174935.3287	0.0156368624328333	0.0218901023004847
chr10	56008467	56027492	187	3072	4267.339	1711	3312.713	0.483073324326397	-0.432137573225781
chr10	56027493	57042140	12672	275718	282507.2867	231682	234647.2319	-0.0126887720737964	0.00692631039834543
chr10	57042141	57042590	6	1	131.34	72	111.823	-6.39795602209741	-6.99514159700311
chr10	57042591	112626397	629825	13620314	14036045.5489	11515086	11802942.0359	-0.00369687001436983	-0.00135563694289102
chr11	797	2430246	24224	521062	544117.5943	452100	471404.2248	0.00191770937347766	-0.0204424992843528
chr11	2430257	2438461	49	1993	1098.96	1041	953.288	0.735875178845257	0.900823768474544
chr11	2438462	3436920	9582	207242	214758.811	179431	185818.5401	0.00312275164995194	-0.00937997673492751
chr11	3436921	3440227	34	440	770.348	708	658.41	-0.908711538078852	-0.765985863546458
chr11	3440228	16482067	143829	3153186	3226010.2655	2736077	2795733.4089	0.00223558242984849	0.00908017918135568
chr11	16482068	16503486	145	1488	3250.97	2639	2807.442	-1.03417247686153	-1.08547478194113
chr11	16503487	16638783	1343	29663	30046.845	25901	26023.5447	-0.00768093854216339	0.0234719360293246
chr11	16638784	16644033	62	585	1380.5311	1103	1196.4417	-1.11733917811985	-1.19669392436905
chr11	16644034	17645264	10625	229801	236837.4811	195571	204403.1336	0.0242708890027315	-0.00149140473920194
chr11	17645265	17646560	15	210	339.441	0	292.294	32.5305678151466	-0.650750571655592
chr11	17646561	17874836	2622	57197	58988.538	49793	51208.708	9.41900920663815e-06	-0.00247423964886765
chr11	17874837	17876984	25	104	553.441	0	478.939	30.8114933239789	-2.36982506228879
chr11	17876985	17879378	31	655	694.464	614	603.333	-0.105630791128504	-0.0423840679611558
chr11	17879379	17900514	184	1996	4144.718	3	3597.438	9.17768758063281	-1.01214129124067
chr11	17900515	21609802	37400	808283	841500.1743	707872	730062.2356	-0.00951374904868668	-0.0160821311800159
chr11	21609803	21625113	122	1224	2740.147	2063	2366.758	-0.960422983253502	-1.12062879864259
chr11	21625114	21701697	855	19309	19253.7	16897	16732.8	-0.0058921376761387	0.0461586679561306
chr11	21701698	21707945	7	5	157.099	91	132.193	-4.43083638336299	-4.93158115349025
chr11	21707946	38015362	178223	3897152	3970061.7058	3339780	3390403.2238	-0.000979064017591335	0.0152797050968579
chr11	38015363	38028567	27	12	602.525	276	511.496	-4.75580172518956	-5.60789385059926
chr11	38028568	38030470	18	231	399.404	267	345.518	-0.413976428489917	-0.747934995266187
chr11	38030471	38031855	18	9	398.03	146	337.353	-4.25445936376224	-5.42478742030412
chr11	38031856	38033322	19	131	420.022	238	357.527	-1.08974908843108	-1.63887714925129
chr11	38033323	38035587	26	614	580.148	469	481.312	0.123260508733964	0.123838600652607
chr11	38035588	38036338	8	7	180.539	99	143.501	-4.14919305431997	-4.64679085130377
chr11	38036339	38040412	54	847	1191.39	843	1009.71	-0.227817049851741	-0.450190945852772
chr11	38040413	38041444	13	55	288.255	168	250.515	-1.80934797959154	-2.3478211740438
chr11	38041445	38048786	93	2629	2068.151	1938	1766.332	0.216418957501712	0.388193552585625
chr11	38048787	38050211	19	38	423.066	231	368.792	-2.79783854147433	-3.43479048768888
chr11	38050212	40567498	17648	382341	394342.8393	327416	338476.1262	0.00739709636823437	-0.00256959672023555
chr11	40567499	40572702	18	0	403.343	335	349.907	-33.2152225765359	-33.1772600146977
chr11	40572703	40688625	1277	28036	28804.0533	24716	24974.3282	-0.0199323479231885	0.0030296220281863
chr11	40688626	40691989	4	1	88.41	89	77.0532	-6.67002973245811	-6.42411670913965
chr11	40691990	40874959	1967	43516	44245.669	38810	38420.693	-0.0344768130699101	0.0180306406806154
chr11	40874960	40878262	44	2	990.627	829	861.564	-8.89255382449764	-8.91017712697326
chr11	40878263	74068393	362615	7909329	8092524.1514	6797337	6960265.407	0.00519658167578036	0.00898647494421494
chr11	74068394	74309336	2650	51809	58928.5986	46972	49321.2994	-0.111297061466432	-0.143744285622322
chr11	74309337	90463331	174228	3791062	3879411.1275	3228885	3309959.1534	0.00660010181011893	0.0087853090831372
chr12	322	2773229	26045	551464	578932.691	471664	488734.0744	-0.0147803418198531	-0.0281079815833558
chr12	2773230	3507188	1761	33358	39156.9915	28790	33630.4222	-0.00297965659786923	-0.189216196394987
chr12	3507189	3518658	15	29	334.282	150	291.085	-2.56640449769012	-3.48491993141273
chr12	3518659	10007312	51532	1069604	1146126.6845	925568	968962.8513	-0.0295290105024405	-0.0576688177819089
chr12	10007313	10017326	119	3370	2634.68	2096	2235.9	0.452396165043234	0.397141778424614
chr12	10017327	10853768	8356	166823	185738.3405	144306	157152.3584	-0.0278624329460739	-0.11293250799306
chr12	10853769	18050305	83753	1807918	1867959.4755	1517253	1551662.9652	-0.010721987816965	-0.00511297816957332
chr12	18050306	20616963	14402	290170	321364.4918	251920	274434.1521	-0.0197594219912627	-0.105291227010298
chr12	20616964	20802923	207	2102	4584.166	3185	3907.192	-0.825999466591443	-1.08287568355039
chr12	20815326	22596969	8617	158939	192749.7471	133466	159430.0685	-0.0177459423777649	-0.236234860348701
chr12	22596970	22599185	27	0	595.701	201	512.198	-33.2152225765359	-33.1772600146977
chr12	22599186	26929117	52260	1130405	1162675.1252	964675	973341.7419	-0.0236464628924742	0.00141265131479643
chr12	26929118	27187943	2952	54251	65301.6404	50091	55557.0406	-0.113992791282488	-0.225448568111335
chr12	27187944	34956111	82335	1757468	1824870.3767	1527850	1546620.0264	-0.0326213091471661	-0.0122746355707734
chr12	34956112	35146890	22	329	491.048	24	420.954	3.55883817833172	-0.535755536691846
chr12	35148306	38868466	33011	706734	737940.1598	596903	609311.9002	-0.0285937300102638	-0.0203155805800483
chr12	38868467	38886056	224	4324	5066.099	2770	3961.9853	0.291887176523277	-0.186487812568854
chr12	38886057	47114187	97898	2095426	2185469.022	1782301	1809769.001	-0.0345764232613638	-0.0186784208439355
chr12	47114188	47114787	8	0	176.241	82	149.551	-33.2152225765359	-33.1772600146977
chr12	47114788	48196874	12953	279372	291062.1429	230827	236625.2227	-0.0192895237086719	-0.0171188385129682
chr12	48196875	48197933	14	0	313.327	126	256.378	-33.2152225765359	-33.1772600146977
chr12	48197934	48303486	1339	30220	30067.8	25130	24521.3	-0.0240324853456839	0.0493052821215265
chr12	48303487	48304806	17	2	379.296	177	313.116	-6.74017408876798	-7.5251593855004
chr12	48304807	49092886	9305	201077	208813.5121	168843	170227.9312	-0.038623220924864	-0.0124460660720157
chr12	49092887	49306971	146	2129	3242.5769	825	2774.8706	1.14704800393758	-0.564943905228082
chr12	49306972	52716696	41231	901973	922325.4295	753687	760471.4676	-0.015204643289137	0.00982930722717278
chr13	0	41126846	374319	8065484	8389278.9296	7043480	7242287.5493	-0.0125702756351629	-0.0147647696129156
chr13	41126847	41127151	4	52	87.2387	0	75.6485	32.4768826728533	-0.704435713940098
chr13	41127152	41811314	8315	183723	184613.045	155570	159248.4191	0.0308012911642305	0.0350486815408142
chr13	41811315	41812762	18	198	396.021	0	344.369	32.2232628166846	-0.95805557006222
chr13	41812763	41947674	1519	33417	33665.752	28352	28884.832	0.0202204977580861	0.031321465053995
chr13	41947675	41949672	26	273	579.812	1	500.509	7.88462626019667	-1.04466330662205
chr13	41949673	51429046	109044	2360983	2424003.0526	2007156	2056480.4535	0.0010791195976396	0.00401707233066382
chr13	51429047	51429682	7	75	155.336	3	135.15	4.44708384624967	-1.00840878604677
chr13	51429683	56937407	66341	1416682	1478112.5723	1208123	1257599.8684	0.000723806868245015	-0.0192192587638231
chr13	56937408	56939973	34	410	770.92	0	667.937	32.3123820745521	-0.86893631221205
chr13	56939974	66849841	108429	2334208	2438251.9987	2033037	2114142.901	-0.00241931813574189	-0.0208931804981937
chr13	66849842	66851093	14	131	315.586	0	277.772	31.9548729269211	-1.22644545976679
chr13	66851094	68984162	22272	487303	495998.9927	418803	427703.4992	0.00887951964666811	0.0165028478761711
chr13	68984163	68988007	49	563	1079.63	3	929.889	7.34068038633133	-0.89730920919998
chr13	68988008	69883462	11141	243571	246962.6552	209853	210796.8644	-0.00941783389331742	0.0220704087589456
chr13	69883463	69884287	11	210	243.462	6	211.554	4.93067073683655	-0.171286349129627
chr13	69884288	72608170	31675	678064	702904.6086	577473	599647.962	0.00651319443624635	-0.00988652913280139
chr13	72608171	72608920	10	137	221.159	0	189.969	32.5324312609185	-0.648887125883961
chr13	72608921	78589110	70836	1540047	1575076.9023	1308540	1351208.3637	0.0179026210211247	0.00957304571742468
chr13	78589111	78597345	109	1	2429.35	1004	2096.32	-10.1801964113365	-11.2043333561331
chr13	78597346	82450357	45523	990991	1012132.2868	852831	872445.0562	0.00640876597970625	0.0115669304331039
chr13	82450358	82450882	7	0	156.064	62	135.552	-33.2152225765359	-33.1772600146977
chr13	82450883	83798428	16924	367701	375703.5416	312162	321944.057	0.0175118488349284	0.0109593186987585
chr13	83798429	83799423	12	156	263.334	5	228.674	4.76393102688625	-0.7133268414495
chr13	83799424	114025099	348988	7602941	7749637.4873	6496636	6605968.9253	0.000564450827783495	0.0144497043541085
chr14	322	480648	201	884	4501.6267	883	3858.9161	-0.216559444460928	-2.30630721579091
chr14	480649	670016	63	1066	1413.201	1637	1199.901	-0.850839807851064	-0.364738302747683
chr14	670017	741252	91	802	2043.167	2565	1743.766	-1.90182698554828	-1.30711205246576
chr14	741253	15510293	154727	3331321	3436273.1615	2866958	2931672.8913	-0.00848860702116639	-0.00272941547222222
chr14	15510294	15956385	2113	42323	47020.3177	36795	40544.7639	-0.00777814331137287	-0.109821458208728
chr14	15956386	16150160	173	2433	3853.3854	4106	3312.6512	-0.969079115110115	-0.621369231047485
chr14	16150180	39839597	261589	5660268	5838250.8366	4887161	5027055.8957	0.000109636189765863	-0.00264489949357184
chr14	39839598	39847025	18	219	404.083	0	350.301	32.3396185332348	-0.84169985353444
chr14	39847026	40544651	6361	138788	143055.2977	122283	124199.5104	-0.0171960844931906	-0.00166915713089576
chr14	40544652	40545331	9	97	203.156	1	175.404	6.3920648636262	-1.024510386797
chr14	40545332	40887862	3830	80963	86166.7377	71968	74728.1729	-0.0315132604125524	-0.0478473811017557
chr14	40887863	40891098	40	173	893.02	0	772.999	30.8554188728895	-2.32589951340117
chr14	40891099	61656736	212752	4599185	4757235.7735	3979492	4102315.7271	-0.000832671191198352	-0.00672436360012354
chr14	61656737	61683390	19	176	418.575	1	362.393	7.25555888007321	-1.20788978372782
chr14	61683391	62739018	11402	243679	255920.4367	212704	221595.0685	-0.00757644947389489	-0.0286924985642907
chr14	62739019	62746444	39	431	869.135	0	755.703	32.2114469068074	-0.96987147993707
chr14	62746445	95453820	351006	7702729	7830705.5665	6536511	6681269.0718	0.0118871259310575	0.0182482992811956
chr14	95519624	95529143	15	165	332.19	12	281.576	3.54693381012258	-0.967521685201013
chr14	95529144	95531139	8	275	176.752	125	151.625	0.920343001696186	0.679726013267262
chr14	95531140	95550871	32	388	708.4643	27	609.094	3.63105344547303	-0.826617569734593
chr14	95550872	95568226	113	1132	2528.41	4	2198.27	7.94685470448553	-1.11733553327024
chr14	95568227	97279506	333	4697	7425.1427	3360	6372.071	0.26668032218283	-0.618658224594404
chr14	97279507	101967326	40467	872825	905567.0893	754511	783018.083	0.00443296092422119	-0.0111081686206381
chr14	101967327	101993679	32	295	716.9001	29	624.198	3.1508801596415	-1.23903620443659
chr14	102084200	102173977	40	643	891.317	415	765.6487	0.416509747822039	-0.429098950606006
chr14	102173978	102218126	51	517	1132.325	13	974.0491	5.1004174164911	-1.08903097989207
chr14	102218127	102567618	3130	64797	69858.779	56099	60441.3542	0.00310489569973549	-0.0664934729004867
chr14	102567619	102571077	41	426	913.03	808	785.051	-1.13731937434366	-1.05778789958889
chr14	102571078	102766935	2282	49021	50863.6293	42728	44095.5806	-0.00372383793903514	-0.0112135581253377
chr14	102766936	102769041	28	0	615.444	236	528.221	-33.2152225765359	-33.1772600146977
chr14	102769048	115493372	142267	3076250	3168814.2787	2633152	2717851.9754	0.00696409734277094	-0.000749420156119486
chr15	0	7646609	73425	1595764	1633561.8483	1357938	1399146.036	0.0134135400708566	0.00824716156398673
chr15	7646610	7654167	97	3	2151.21	955	1853.88	-8.52493650100546	-9.44394911308787
chr15	7654168	7654917	10	197	223.48	185	193.779	-0.11100476102315	-0.139929161383353
chr15	7654918	7656636	20	1	452.872	243	392.519	-8.12709494501033	-8.78093853400119
chr15	7656637	8405613	9124	200679	202599.8523	172382	172634.5373	-0.00757311377857279	0.0282774661047787
chr15	8405614	8406123	6	0	133.469	46	114.461	-33.2152225765359	-33.1772600146977
chr15	8406124	20651720	137023	2979300	3041998.9429	2549502	2613382.7737	0.00971510067701143	0.0119746853818508
chr15	20651721	20651945	3	0	66.436	40	57.5795	-33.2152225765359	-33.1772600146977
chr15	20651946	21033563	4433	89560	98283.0234	78781	83932.638	-0.038645142720566	-0.092066776301666
chr15	21035990	23165584	492	6282	10961.2577	4441	9401.3467	0.282923736699532	-0.761096560791266
chr15	23165585	30919046	62603	1348766	1390900.5294	1166077	1187787.4823	-0.0137071264427445	-0.00235824048070744
chr15	30919047	31092331	110	1924	2455.4377	2254	2098.1483	-0.451183909383463	-0.309850485098114
chr15	31099767	31950404	396	4914	8811.4327	4401	7583.1065	-0.0534627710353824	-0.800457821918788
chr15	31953379	32138539	124	2712	2771.912	3363	2369.7951	-0.532452360323229	0.0104966558920651
chr15	32159991	32796641	5410	96890	120121.5475	90035	103336.8537	-0.107219897388851	-0.26805435356891
chr15	32796642	35519139	25947	572088	577524.9429	478488	484562.6147	0.00861255597185644	0.0283747604687097
chr15	35519140	35533756	129	0	2911.16	1301	2524.66	-33.2152225765359	-33.1772600146977
chr15	35533757	49952491	154027	3356901	3418464.5914	2854751	2918593.8626	0.00974843235660119	0.0158024428587199
chr15	49952492	50266856	667	12317	15096.2891	12515	13043.9955	-0.229757119042616	-0.251522114509665
chr15	50266857	65194592	164386	3602151	3656141.9371	3071984	3136666.6304	0.0126564561597836	0.0205575145991843
chr15	65194593	65339051	43	87	961.143	5	831.2909	3.91567607515823	-3.42364285101053
chr15	65339052	86827848	238823	5157985	5358530.3576	4500636	4642094.9351	-0.00632428876105391	-0.0130088662568653
chr15	86827849	86828523	9	0	198.353	86	169.426	-33.2152225765359	-33.1772600146977
chr15	86828524	95309337	94152	2043722	2106695.6151	1790108	1821302.4283	-0.0148006722817779	-0.00176198267851045
chr15	95309338	95310312	13	0	287.909	130	252.041	-33.2152225765359	-33.1772600146977
chr15	95310313	96729351	16045	349432	360901.7718	306564	313093.3769	-0.0121314213672808	-0.00457355939034111
chr15	96729352	96731694	30	2	675.153	298	584.791	-7.42240349135316	-8.35704968288059
chr15	96731695	97012792	3414	75393	76846.8982	64833	66512.6694	0.0134027642357613	0.0144644853404135
chr15	97012793	97016570	50	993	1120.68	1530	971.611	-0.82553131751255	-0.13248783126966
chr15	97016571	97045738	305	6533	6855.969	5817	5947.121	-0.0336404491971555	-0.0275940120982498
chr15	97045739	97046402	7	0	160.941	74	138.548	-33.2152225765359	-33.1772600146977
chr15	97046403	111239624	149223	3229328	3328191.0275	2782823	2860374.6578	0.000209088906167618	-0.00148332594487116
chr16	17697	14006786	148413	3252725	3300374.2382	2740782	2797550.4153	0.0126541520368657	0.0210401651610832
chr16	14006787	14008519	22	197	491.571	1	424.698	7.41514763813894	-1.27718324288791
chr16	14008520	14134977	1439	30829	32085.9678	25940	27545.2862	0.0330309395867229	-0.0156334716403037
chr16	14134978	14137904	38	449	856.114	677	733.111	-0.812153282160373	-0.889066539036063
chr16	14137905	17900321	41947	917387	937812.3263	787866	809856.5043	0.0120056214456732	0.010252156417169
chr16	17900322	17901482	15	0	333.212	117	290.35	-33.2152225765359	-33.1772600146977
chr16	17901483	57056851	387331	8356975	8659336.9861	7191633	7441361.8275	0.00202989527016452	-0.00925481292281613
chr16	57056852	57058051	16	403	360.388	0	312.584	33.3845681860737	0.203249799167307
chr16	57058052	64896286	90300	1963808	2008344.4989	1698722	1727593.4058	-0.003980560090188	0.009668058251818
chr16	64920676	64933865	77	13090	1736.77	964	1506.85	3.56247561217367	2.9560074153972
chr16	64934998	64975245	52	5792	1160.6904	1002	1001.8263	2.32288665480581	2.36109933440498
chr16	64975262	64978895	25	2366	566.13	0	492.417	35.2865841137154	2.10526572671455
chr16	64978896	64984693	31	2590	700.1437	551	606.8551	2.03058727230616	1.92925007066956
chr16	64984694	66894516	19372	415400	432533.2253	359833	374619.1479	0.00384577084647571	-0.0162888079850761
chr16	66894517	66894891	5	0	113.523	110	99.9233	-33.2152225765359	-33.1772600146977
chr16	66894892	71349942	46531	1012693	1034776.424	871991	886457.786	-0.00332514742651064	0.0108987290956785
chr16	71349943	71352794	38	479	846.768	665	699.378	-0.745164647488238	-0.779920159451885
chr16	71352795	72206325	10178	215907	225624.2708	184845	191933.2446	-0.00516527712919207	-0.0214913167396121
chr16	72206326	72208630	20	331	443.577	107	380.848	1.41330954981721	-0.380332410567247
chr16	72208631	78865440	74288	1614413	1649929.2928	1378758	1412856.9648	0.00791002991554288	0.0106264316202296
chr16	78865441	78865972	7	12	159.301	66	139.209	-2.6498760831288	-3.68862807626331
chr16	78865973	90668716	135090	2956041	3013153.8453	2521149	2560986.0343	-0.000931682258665362	0.0144128781967755
chr17	1115	48019145	514403	11079238	11433910.9051	9470808	9749682.4263	0.000465791713196936	-0.00343935924870014
chr17	48019146	48283895	347	6522	7814.7727	6868	6719.1725	-0.288437568806578	-0.218868536260448
chr17	48283896	59757620	112787	2448936	2512754.3178	2098900	2163992.9381	0.0110061822999114	0.00490638565934479
chr17	59757621	59777987	134	1458	2976.0357	2486	2568.4362	-0.97827879955721	-0.98738017873007
chr17	59777988	59836259	706	15117	15666.8091	13290	13508.5238	-0.0239522156012603	-0.00951857578922318
chr17	59836260	59840396	52	380	1147.028	4	985.81	6.35539485664063	-1.55180835100557
chr17	59840397	60272129	5327	114964	118153.3254	98134	101582.4601	0.0144066490777768	0.00254286429043551
chr17	60272130	60274454	31	364	694.707	0	597.176	32.2908731373611	-0.890445249398937
chr17	60274455	89385792	321211	6909317	7141880.32	5960586	6138649.553	-0.00123534337139374	-0.00573991952057771
chr17	89385793	89463173	210	2267	4652.032	654	3957.6016	1.56424558889336	-0.995055695181906
chr17	89464669	89642016	1708	33488	38228.1185	29363	32850.3449	-0.0250224640865638	-0.148969044743868
chr17	89642017	89653336	99	2187	2225.164	1962	1932.1103	-0.0430476620926862	0.0170624845768978
chr17	89653337	89659072	32	481	726.431	3174	604.01	-2.98438829065157	-0.552767941684619
chr17	89659073	90616926	8032	175757	178953.0384	149314	154241.8753	0.0249045382341585	0.0160220448846866
chr17	90616927	90617165	3	0	66.6789	61	56.5614	-33.2152225765359	-33.1772600146977
chr17	90617166	90843705	2871	63891	63667.9877	52755	54449.6342	0.0547174468691365	0.0470654877905966
chr18	0	19472115	208287	4494598	4642233.6935	3868109	3989614.0066	0.00205203112343516	-0.00460613067515211
chr18	19472116	19476485	38	1	853.613	407	739.822	-8.87123048977503	-9.69541728013463
chr18	19476488	19504266	278	5340	6256.7835	4857	5383.4448	-0.0760589251952933	-0.186560507868936
chr18	19504267	19504890	8	0	177.85	68	153.695	-33.2152225765359	-33.1772600146977
chr18	19504891	29846876	117885	2585697	2628351.9621	2212309	2252809.6462	0.00662562950696908	0.0184156802838681
chr18	29846877	29850264	45	482	1005.79	0	871.358	32.1621152580778	-1.01920312865657
chr18	29850265	38376908	84196	1854813	1874979.1309	1585733	1609294.9633	0.00973647993690994	0.0264201396788296
chr18	38376909	38505519	357	5973	8056.9013	6275	6953.1641	-0.279656808382172	-0.3897484259418
chr18	38505520	38506127	6	7	136.515	144	118.207	-4.56625571231118	-4.24353981107912
chr18	38506128	38847407	3371	75629	75334.968	65783	65225.85	-0.00259271942900915	0.04764080574041
chr18	38847408	38848339	8	5	177.322	139	151.786	-5.01728741097598	-5.10627869533924
chr18	38848340	40903037	18521	399756	413034.012	341934	356573.0561	0.0173972806950788	-0.00511996592709161
chr18	40903038	40905621	34	366	759.367	652	645.76	-1.06276916865625	-1.01093272177859
chr18	40905622	40976644	676	13882	15028.851	11970	13018.969	0.0107311418566376	-0.0724983467754828
chr18	40976645	40978069	19	0	421.705	404	366.348	-33.2152225765359	-33.1772600146977
chr18	40978070	41091100	1246	28058	27635.304	24282	23869.443	0.00123571172967769	0.0639206274204286
chr18	41091101	41094317	42	468	930.905	773	805.144	-0.929288626067313	-0.950104482221407
chr18	41094318	44327241	35171	755336	785498.0693	660046	678987.9923	-0.0116113198407483	-0.0144682464745802
chr18	44327242	44328046	4	0	89.9228	65	75.6355	-33.2152225765359	-33.1772600146977
chr18	44328047	44748120	4909	108656	109926.0576	93550	94983.4284	0.00923097941719767	0.025255364064385
chr18	44748121	44754205	81	914	1795.29	1566	1524.77	-1.00838503714416	-0.93192990201682
chr18	44754206	51320910	74285	1626569	1655854.936	1401210	1429865.9464	0.00752081498956678	0.0162766693500669
chr18	51320911	51325673	63	748	1431.36	1294	1205.28	-1.0346872986171	-0.894255458890252
chr18	51325674	54524786	36746	813551	815911.3245	702368	702161.6497	-0.000545118634873496	0.037841358295428
chr18	54524787	54529551	62	784	1389.78	0	1199.43	32.39740835601	-0.78391003076971
chr18	54529552	60530586	67828	1499583	1508356.7049	1276818	1285801.3114	0.00575693426286412	0.0336046642564987
chr18	60530587	60535612	67	0	1477.51	624	1264.18	-33.2152225765359	-33.1772600146977
chr18	60535613	63311209	30497	652802	676356.6121	560340	576196.8768	-0.00682090775720049	-0.00911770298319668
chr18	63311210	63312919	22	0	503.101	457	389.231	-33.2152225765359	-33.1772600146977
chr18	63312920	63348454	458	10399	10199.025	8585	8754.343	0.0602527088631758	0.0700344944047841
chr18	63348455	63349246	10	0	223.003	216	190.8	-33.2152225765359	-33.1772600146977
chr18	63349247	63453982	1334	29721	29650	25594	25480	0.00106856417913654	0.0454714875101956
chr18	63453983	63454785	9	0	198.344	174	171.369	-33.2152225765359	-33.1772600146977
chr18	63454786	67884617	52774	1129751	1174446.9512	977300	1012646.5586	-0.000661018004056896	-0.0139557811388211
chr18	67884618	67894957	17	0	377.154	83	325.299	-33.2152225765359	-33.1772600146977
chr18	67894958	69192519	14427	308315	321508.3299	268296	277831.9813	-0.00600553166740055	-0.0184301017405989
chr18	69192520	69195933	42	429	954.562	774	824.497	-1.05862220737766	-1.1118403233044
chr18	69195934	69421952	2689	60385	59677.3386	51710	51383.243	0.0119200368003351	0.0590279562913668
chr18	69421953	69440602	246	2759	5435.81	4904	4687.18	-1.03952998058846	-0.936328638749349
chr18	69440603	77296416	83408	1812486	1854295.7597	1540639	1568529.6957	-0.00295915666739265	0.009119414025468
chr18	77296417	77334958	482	11559	10806.417	8234	8725.936	0.184903148720209	0.139149267009233
chr18	77334959	84407142	76707	1672252	1708218.921	1426792	1458837.3069	0.00540173169094782	0.0113203261001993
chr18	84407143	84410543	41	651	925.504	276	805.826	1.04227677781713	-0.465560747621268
chr18	84410544	84894801	5222	114388	117435.6288	98729	101833.2358	0.0107865885543779	0.00408647269225104
chr18	84894802	84896532	23	276	516.196	0	447.542	32.3200886261756	-0.861229760589981
chr18	84896533	84990541	1185	26627	26712.9169	22618	23154.8597	0.0332543973554248	0.0373733083039622
chr18	84990542	84991066	7	79	158.91	0	138.524	32.2150539651446	-0.9662644216006
chr18	84991067	85677859	7890	168746	177287.4064	146805	153712.0278	-0.000849427934995122	-0.02921581925304
chr18	85677860	85691425	46	196	1035.3193	401	882.3772	-1.25929856565482	-2.35912927959916
chr18	85691426	88201446	20500	440153	460139.3556	374934	398275.3909	0.027122298849263	-0.0220448197642058
chr19	0	26344079	289978	6340199	6462770.0783	5408520	5504619.8575	0.00184289939659924	0.0143963905863481
chr19	26344080	26378204	19	18	425.592	172	364.67	-3.47516089229866	-4.52138128300178
chr19	26378205	26851890	294	1605	6548.1123	1248	5584.279	0.137305693581098	-1.98648483210435
chr19	26851908	27105279	124	966	2785.3694	1119	2400.232	-0.422751383006817	-1.48575264393704
chr19	27105280	27179901	15	55	335.446	178	289.534	-1.90266311133168	-2.56655608168088
chr19	27179902	28561082	3895	72401	86849.4104	61954	74438.14	0.00639651672155803	-0.220485496608336
chr19	28569676	28596974	8	50	176.682	171	150.821	-1.99825570045798	-1.77913413387671
chr19	28596975	62275498	384350	8323332	8552501.4098	7102802	7223449.1159	-0.0108272766739426	0.00283568183992964
chr20	747	4008	7	250	156.317	15	136.006	3.86214767366299	0.719474344341086
chr20	44062	168423	137	1098	3062.1295	876	2544.5929	0.0628332178841411	-1.43763630797811
chr20	168424	186138	90	863	2001.197	345	1683.143	1.07711712791114	-1.17140979566939
chr20	186139	452023	2561	51740	57310.5614	45342	49324.1663	-0.0220159648290719	-0.10550004024623
chr20	452024	521973	187	2487	4192.863	24	3623.362	6.48867989917427	-0.71150824953884
chr20	521974	660959	1055	23695	23696.578	20011	20512.114	0.0396452183376004	0.0419248593266412
chr20	660960	665471	56	1115	1264.997	567	1096.111	0.772941381767258	-0.140069319019193
chr20	665472	784759	911	20480	20383.6759	17470	17534.1139	0.0161447600732937	0.0488224055877312
chr20	784760	794211	114	3524	2558.14	2130	2219.09	0.525291825307177	0.504139637408241
chr20	794212	2878790	14041	298584	312700.8341	248081	267822.5405	0.0478783031942692	-0.0246252742826542
chr20	2878791	2883504	12	217	266.488	4	226.672	5.53214521797413	-0.254354592620998
chr20	2883505	3426394	2948	63262	65885.2753	48243	54094.9161	0.110614855760979	-0.0165959722821789
chr20	3426395	4034151	5782	114543	129487.7301	93392	105927.6049	0.00883999695401015	-0.13490516949791
chr20	4034152	4044844	122	2001	2714.66	1041	2284.43	0.697872188841768	-0.398029416108565
chr20	4044845	4046353	20	254	450.71	4	339.599	5.58437579773604	-0.785350028365123
chr20	4046354	4048153	24	392	548.831	245	433.239	0.340931424375571	-0.443487383833098
chr20	4048154	4065815	212	2099	4705.48	11	4011.97	7.35008207249782	-1.1226187968081
chr20	4065816	4073472	101	1311	2241.162	765	1876.583	0.525055569503732	-0.731558316304491
chr20	4073473	4276617	2225	44137	49472.135	37918	41739.9311	-0.0220238678633006	-0.122606654179205
chr20	4277402	4281483	28	270	629.139	4	518.757	5.80255405274429	-1.17839845505613
chr20	4281484	5381207	8203	173980	184901.3903	136633	148173.5195	0.0332054422693947	-0.0458136687572224
chr20	5381208	5388349	22	2	492.339	85	397.256	-5.71491557256208	-7.9014872454136
chr20	5388350	5497967	1003	20694	22708.3089	15788	18009.9485	0.0600162666521741	-0.0919868028012279
chr20	5497968	5498492	7	0	159.245	71	127.337	-33.2152225765359	-33.1772600146977
chr20	5498493	18211334	138417	2974533	3097549.5399	2510586	2576020.2029	-0.0172860369198269	-0.0164432377210911
chr20	18211335	18216533	43	242	950.742	561	811.092	-1.43812368042022	-1.93202591213511
chr20	18216534	19756560	18352	380608	406815.7387	335236	346130.7547	-0.0458711856702463	-0.0540486743271134
chr20	19756561	19760499	49	581	1095.03	1002	907.83	-1.05269039322227	-0.872339391986275
chr20	19760500	21013488	15291	322875	338845.8426	283349	287845.7855	-0.0428789817377364	-0.0276323980374021
chr20	21013489	21014014	7	85	156.973	1	135.721	6.2035768229663	-0.842960750184643
chr20	21014015	23217043	26345	566597	583965.2896	491805	499020.3143	-0.0184891395958815	-0.0015387217634282
chr20	23217044	23253309	436	14976	9634.08	8317	8238.06	0.626733305066012	0.678454465285486
chr20	23253310	35572910	135545	2929848	3021340.1606	2497787	2572007.3054	0.00193985644416775	-0.00234186632418588
chr20	35572911	35575820	36	2	816.439	783	706.456	-8.81755545069769	-8.63118029598264
chr20	35575821	36681139	12330	270521	276412.4403	232190	239518.9975	0.0178106655585323	0.0109389786840085
chr20	36681188	36683744	14	159	314.697	3	272.178	5.52256584759263	-0.942915725548783
chr20	36683745	56205872	218679	4674310	4883029.8609	4048753	4190289.4639	-0.00939253505879451	-0.0210022493473979
chrX	598	13022945	111243	2410013	2483553.2842	2082134	2138017.4123	-0.0010957155480992	-0.00134383694494351
chrX	13022946	13023772	11	0	246.849	217	214.423	-33.2152225765359	-33.1772600146977
chrX	13023773	38341651	240331	5172325	5361673.9445	4475795	4625464.9467	-0.000357755794104598	-0.00984962522842825
chrX	38341652	38346652	53	2248	1188.0716	907	1018.522	1.09138131085697	0.962041185985257
chrX	38346653	39068206	7511	163729	167560.9039	139914	144895.0811	0.0211509690336531	0.0086452398359891
chrX	39068207	39070083	25	134	553.505	0	477.162	31.1769759724709	-2.00434241396861
chrX	39070084	39101826	339	7417	7616.396	6297	6611.1194	0.0360155539036429	0.00374821256272154
chrX	39101827	39103001	12	111	272.475	1	235.532	6.58827341975015	-1.25354325536912
chrX	39103002	39642854	4725	103526	106133.231	89686	91921.5517	0.00369542068528286	0.00613762856173115
chrX	39642855	39644939	27	314	606.018	0	528.246	32.2747432349385	-0.906575151818511
chrX	39644940	53562379	133173	2900178	2992524.888	2548800	2590626.4496	-0.0176805923254593	-0.0032008622393017
chrX	53562380	53568925	41	419	916.96	821	789.907	-1.18154959987715	-1.08788762295009
chrX	53568926	55847398	21425	460113	480100.001	401116	415126.7406	-0.00775599552337145	-0.0193257858548896
chrX	55847399	55850792	43	1957	968.196	886	840.905	0.943967213825114	1.0572936512312
chrX	55850793	63559735	77742	1675475	1747178.2927	1477915	1512240.1621	-0.0232743270081001	-0.018435742771756
chrX	63559736	63594005	267	6366	6145.38	7543	4638.59	-0.646508785425456	0.0929058687845787
chrX	63594006	112386400	462990	9890362	10380784.1048	8626680	8970436.9766	-0.00938899331749412	-0.0277992548183993
chrX	112386401	112394453	65	1731	1495.2	1933	1077.3	-0.62809595572305	0.253288184809373
chrX	112394454	150471387	366631	7909619	8208098.4945	6886653	7097307.9902	-0.00591253903370698	-0.0114189056829752
chrX	150471388	150631024	133	628	2992.6159	201	2578.533	1.43277081558838	-2.21054972280176
chrX	150631025	155776346	48530	1040455	1089631.995	906686	942224.043	-0.00710089189607057	-0.0246054673751793
chrX	155776347	155847540	219	3499	4957.6769	3344	3853.6598	-0.294008845615765	-0.460700652709231
chrX	155847541	157389858	13540	310591	301407.4152	254392	254568.2944	0.0483589328469025	0.0853220492162967
chrX	157389859	159969947	18011	381994	400243.1066	332247	345089.7238	-0.0085528645920057	-0.0253056430934412
