chrom	start	end	binNum	tumor	tumor_expect	normal	normal_expect	log2.copyRatio	log2.TumorExpectRatio
chr1	987	31272479	310320	6690025	6954650.0754	5762736	5951469.3457	-0.00629775491094463	-0.0148994143217145
chr1	31272480	31385444	126	1226	2837.033	10	2424.837	6.71449657589278	-1.16935704204833
chr1	31385445	31518619	1298	29317	29235.063	24796	25003.826	0.0192558420439494	0.0451046908982833
chr1	31518620	31522120	45	501	1016.43	916	872.432	-1.08775666143637	-0.979561443007279
chr1	31522121	51387805	209460	4560431	4656817.8976	3882661	3971334.8979	0.00558059088470113	0.0108926211909743
chr1	51387806	51388984	15	353	331.835	36	286.279	3.08373175759938	0.130269032883722
chr1	51388985	71804812	151970	3214448	3402241.3243	2765866	2903126.8225	-0.00886152668272382	-0.0408475532027125
chr1	71804813	71808502	9	5	201.879	87	172.249	-4.34683403353322	-5.29435202395301
chr1	71808503	72126251	2192	47358	49462.0899	40680	42410.0242	0.00054718633140947	-0.0216481328266893
chr1	72126252	72147148	109	2107	2461.958	2785	2110.611	-0.621455856002729	-0.183548925378498
chr1	72147149	73406293	12594	265489	280192.5872	225280	236154.8611	-0.00657610452961436	-0.0366997903971543
chr1	73406294	73424261	123	9	2761.661	1008	2362.042	-7.02967991922502	-8.22032856486495
chr1	73424262	73424973	6	114	133.838	183	115.306	-0.894653426646523	-0.190387056724485
chr1	73424974	73457727	141	23	3185.245	1219	2733.119	-5.94559991167476	-7.07255974283977
chr1	73457728	81444160	64901	1392463	1447548.366	1178051	1218578.7375	-0.00399848142788668	-0.014905648840365
chr1	81444161	81446562	31	4	684.008	349	581.894	-6.67716343709488	-7.37680245320241
chr1	81446563	82600166	11491	245152	254690.9318	204728	209269.1826	-0.0202430150318034	-0.0140041516072357
chr1	82600167	82600920	10	0	218.051	103	184.563	-33.2161043459879	-33.178214038333
chr1	82600921	82691037	1023	19643	22601.3262	17310	19189.5669	-0.0504991167022935	-0.161325235081231
chr1	82691038	82702798	64	130	1423.772	314	1220.633	-1.49116496810212	-3.41206769401572
chr1	82702799	97687380	136958	2958849	3044015.0218	2529088	2570662.9655	-0.0142395656091633	0.000127505164376145
chr1	97687381	97692228	53	2484	1192.78	1091	1017.34	0.960664617765152	1.09940411169482
chr1	97692229	97694760	29	695	655.22	543	559.94	0.132530232478639	0.126100493895843
chr1	97694761	97697849	40	450	916.627	1	783.132	8.58987839899243	-0.985342869826849
chr1	97697850	148463935	487401	10534137	10895999.1388	8975422	9278190.6378	0.00231395313274111	-0.00765945628327544
chr1	148463936	148629153	115	454	2554.7959	834	1902.2383	-1.29968853465471	-2.45137692637165
chr1	148629154	148651923	164	1832	3629.5723	2046	2879.8142	-0.490033858515831	-0.945313140289488
chr1	148651924	148663511	38	326	842.741	910	633.532	-1.88948980024071	-1.32915043975001
chr1	148665444	154086564	49959	1097619	1130136.0086	937454	968528.9052	0.00810476115944279	-0.00105213640182412
chr1	154086565	154087852	8	9	177.111	143	151.727	-4.20994570989464	-4.25751809264739
chr1	154087853	158845789	44083	979677	993540.9139	831182	851618.7368	0.0179466742407197	0.0207937023154009
chr1	158845790	158847683	25	236	552.7561	431	474.2977	-1.08657457543109	-1.18678927068156
chr1	158847684	167755696	106610	2353163	2379482.2361	1989051	2019364.8622	0.0089515108912735	0.0250204838134152
chr1	167755697	167756296	8	4	182.644	82	157.924	-4.56417932252206	-5.47182363345068
chr1	167756297	180492689	121166	2665997	2707935.8969	2251555	2308469.1821	0.016672925483237	0.0185484802835504
chr1	180494129	182078054	1191	13470	26947.7403	14860	23015.4609	-0.366068629448328	-0.959347539375531
chr1	182078055	215003458	341154	7481097	7571232.9494	6300895	6434669.0256	0.0162073579675414	0.0237884904030174
chr1	215003459	215004133	9	0	202.234	75	174.001	-33.2161043459879	-33.178214038333
chr1	215004134	215451881	3029	60406	66961.2934	51338	56577.1227	-0.00526722002112461	-0.107568627520259
chr1	215451882	215453375	19	0	419.84	205	359.174	-33.2161043459879	-33.178214038333
chr1	215453376	215453900	7	119	153.652	126	131.643	-0.30232129367432	-0.32763806152724
chr1	215453901	215465787	143	9	3176.02	1301	2716.09	-7.39799233041083	-8.42201231920133
chr1	215465788	238922153	241963	5287417	5405793.4928	4447324	4577377.6522	0.0128171261167272	0.00912362177937485
chr1	238922154	238924256	28	2	629.143	317	534.426	-7.54056017279112	-8.25617720317044
chr1	238924257	264121274	255618	5643619	5700473.8674	4805237	4865014.2284	0.0065517819186529	0.0266056535376477
chr1	264121275	264121874	8	84	176.062	0	147.557	32.1548352232795	-1.0265554176368
chr1	264121875	282763000	201452	4418429	4487749.9539	3767912	3815538.6352	-0.00116072641747992	0.0186081173918363
chr2	0	5687042	37363	838901	843521.9233	717912	722450.626	0.00434358511341719	0.0331419118038464
chr2	5687043	5692478	34	415	767.259	0	658.909	32.3358552245175	-0.845535416434551
chr2	5692479	6036545	3443	78450	77605.513	69221	66632.7519	-0.0361873993306797	0.0566812145461949
chr2	6092261	6093389	15	181	333.468	0	287.426	32.3408989238089	-0.840491717144044
chr2	6108381	14548646	86226	1946047	1951661.2876	1667338	1672245.6845	0.00326069041730866	0.0369107707781455
chr2	14548647	14552065	42	337	957.5063	597	810.821	-1.061704261883	-1.46546647705469
chr2	14552066	14630809	784	17961	17848.3129	15592	15293.9701	-0.0155864689451752	0.0501468758562239
chr2	14630810	14631563	10	199	227.463	0	195.969	33.0295940924159	-0.151796548637949
chr2	14631564	15641801	10914	240507	248392.2825	206338	212814.9587	0.00122516043455525	-0.00547455480212252
chr2	15641802	15654551	74	1761	1658.754	1	1403.356	10.5441366844911	0.127361875261071
chr2	15654552	17178776	15072	333035	343846.641	286400	294293.376	-0.00369126766557544	-0.00502453750094779
chr2	17178777	17180667	25	606	557.151	2	478.591	8.02707543660389	0.16231632217805
chr2	17180668	18639233	17204	379606	390289.7833	322919	334555.6389	0.0142075326870037	0.00102400873544346
chr2	18639234	18639834	8	93	180.337	4	155.341	4.32707863983491	-0.91432589478927
chr2	18639835	19192565	6241	139752	141135.881	121467	121039.1849	-0.0161295187568714	0.0268510292240636
chr2	19192566	19194729	28	0	629.882	297	537.61	-33.2161043459879	-33.178214038333
chr2	19194730	27876207	94196	2023401	2095923.9746	1734899	1787084.2689	-0.00487153183019077	-0.00973721305319283
chr2	27876208	27876756	7	1	153.462	70	131.985	-6.34361388705905	-7.22067071921401
chr2	27876757	34936033	82525	1775870	1839005.8965	1526495	1570115.5149	-0.00657568807919596	-0.00933321970984179
chr2	34936034	34937308	17	191	380.756	0	327.516	32.2271634189624	-0.954227221968779
chr2	34937309	52404049	177652	3875933	3986925.9564	3314423	3414451.7391	0.00533962847080618	0.000333730572852131
chr2	52404050	52409079	60	7	1336.89	1137	1146.87	-7.56166388313598	-7.53624318913177
chr2	52409080	52631181	2258	51503	50307.2003	46095	42923.0355	-0.0657899907787632	0.0749584781303046
chr2	52631182	52662609	14	223	307.267	455	263.803	-1.24567809287069	-0.421382211152205
chr2	52662610	52685156	10	31	220.6873	368	187.5125	-3.80120587729935	-2.79059657634929
chr2	52685157	52712152	18	477	397.823	777	340.236	-0.926339617739412	0.302929489390991
chr2	52712153	52723169	60	1195	1331.413	1074	1123.288	-0.0880370642408518	-0.114880631094904
chr2	52723170	52742630	69	927	1537.712	1601	1312.17	-1.01398614285908	-0.689077169701493
chr2	52742631	52779918	67	1548	1485.7384	1233	1264.2944	0.098561602058484	0.100292265105061
chr2	52779949	52806548	66	935	1466.074	861	1235.0966	-0.12520431202625	-0.607852744378202
chr2	52809375	52825273	39	801	876.3742	1555	743.8294	-1.19043907034961	-0.0886778594302297
chr2	52832619	52971658	1134	25649	25254.331	22040	21503.8668	-0.00997975939218366	0.0634386654438319
chr2	52971659	52989887	46	77	1044.195	437	880.4603	-2.74758762144349	-3.72032198711643
chr2	52989888	53387421	4388	93644	98398.7606	79699	84338.5412	0.0133534644317318	-0.0303866728199153
chr2	53387422	53389395	25	0	567.302	275	486.839	-33.2161043459879	-33.178214038333
chr2	53389396	131682460	810763	17614610	18263214.3654	15097451	15635785.9539	0.0015551801377134	-0.0111012615489323
chr2	131682461	131686908	39	291	879.7699	4	752.7166	5.96303246441602	-1.5550401783475
chr2	131686909	138234897	57294	1258613	1305741.718	1093680	1118486.9966	-0.0175003983596694	-0.01196789293577
chr2	138234898	138238908	53	615	1191.57	0	1022.75	32.2682521607085	-0.913138480230751
chr2	138238909	140466775	26015	576449	584864.0575	490168	500738.8315	0.0130502812217821	0.0201585533131264
chr2	140466776	140467380	7	1	155.53	112	133.764	-7.02168129283491	-7.23998214375469
chr2	140467381	146605684	68973	1513724	1538921.4847	1299157	1315665.1548	-0.002424271541776	0.0172494631388636
chr2	146605685	146606687	12	2	267.598	98	229.415	-5.8336408436186	-7.0228565933959
chr2	146606688	151284389	48884	1070887	1098722.6996	909956	941126.695	0.0147477047132259	0.00404584702588658
chr2	151284390	151285454	14	171	317.823	1	273.013	7.20177519521479	-0.853160296523757
chr2	151285455	151525747	2565	57947	58024.418	49210	49708.986	0.0158055865746747	0.0391407364053967
chr2	151525748	151529733	48	634	1094.99	968	937.61	-0.83120543670448	-0.747296038201973
chr2	151529734	191381172	355552	7731065	7995612.6134	6595448	6830173.3701	0.00508673524223782	-0.00747449703305283
chr2	191381173	191382557	16	42	363.484	196	309.136	-2.45286600722847	-3.07236371555881
chr2	191394290	192494471	5683	123933	128392.3586	105989	109977.5559	0.00547223730990951	-0.00993204165038282
chr2	192494472	192495703	16	1	361.936	310	311.409	-8.48987172300268	-8.45852383966997
chr2	192495704	192527935	258	5050	5852.329	4532	5007.1091	-0.0657208553909376	-0.171660577077508
chr2	192527936	192529921	26	2	593.434	566	509.78	-8.36069440522079	-8.17187682287799
chr2	192529922	210658150	177115	3833632	3944320.7663	3254994	3358010.4875	0.00706342894374687	1.88479006188458e-06
chr2	210658151	210661046	16	188	353.019	1	299.93	7.3226454103446	-0.86794626083329
chr2	210661047	215240914	46353	1017092	1041793.7351	865337	889703.4518	0.00861957803944962	0.00644742678791517
chr2	215240915	215247492	32	788	740.263	308	634.744	1.13657881282741	0.131224619094345
chr2	215247493	215928908	7539	169441	171914.5778	146459	147272.045	-0.00974551881580687	0.0201580337189227
chr2	215928909	215930558	22	233	504.63	446	430.768	-1.16185204663049	-1.07382911062652
chr2	215930559	216027555	1027	22350	23441.9621	19344	20086.4573	-0.0113049095941285	-0.0277515867667125
chr2	216027556	216029487	23	264	525.418	0	448.707	32.2295298555463	-0.951860785385337
chr2	216029488	223340819	78817	1721276	1778284.926	1476175	1524019.4597	0.00218611242166561	-0.00594114151390354
chr2	223340820	223341794	13	173	291.3	6	251.535	4.64109578101226	-0.710666752832691
chr2	223341795	224703484	15662	347681	351451.5798	294530	301451.3447	0.0211254665275693	0.0255051998491527
chr2	224703485	224704870	18	4	396.483	145	337.6	-5.40867658610394	-6.59004827375986
chr2	224704871	225010388	3706	79180	82292.4853	67272	70134.284	0.00766568050099011	-0.0145577160705451
chr2	225010389	225011144	10	0	218.588	88	188.204	-33.2161043459879	-33.178214038333
chr2	225011145	228986850	46492	1020628	1042233.1664	875189	890584.8684	-0.00188584713420929	0.0108459664053467
chr2	228986851	228993666	37	9	838.641	374	717.689	-5.59848740337576	-6.50091762762447
chr2	228993667	248426215	210746	4596346	4726656.5827	3945856	4046292.4525	-0.000893752378178734	0.000734265920621646
chr2	248426216	248430875	25	4	560.208	275	484.381	-6.30993150417893	-7.08875184486525
chr2	248430876	248432473	14	45	312.315	142	257.223	-1.93469963211741	-2.75393804330749
chr2	248432474	249204195	8532	186933	191307.5505	157888	163957.6915	0.024226120473319	0.00769437185086087
chr2	249204196	249205395	16	1	361.199	173	311.392	-7.64551361421639	-8.455583125765
chr2	249205396	251789506	31979	691883	712339.4948	595639	608951.9255	-0.00697016630811953	-0.000969976927642446
chr2	251789507	251789882	5	0	110.481	40	94.9829	-33.2161043459879	-33.178214038333
chr2	251789883	251833647	442	9811	9787.0375	7616	8317.0741	0.133747175012906	0.0445948758846417
chr2	251833648	251833947	4	1	86.9974	42	72.9279	-5.64364224673933	-6.40183345708854
chr2	251833948	257362914	64331	1413843	1441777.7731	1228097	1234665.3914	-0.0173546926516248	0.012840022426327
chr2	257362915	257363408	6	0	130.741	71	111.272	-33.2161043459879	-33.178214038333
chr2	257363409	266433159	104619	2286127	2342188.8448	1976057	2003303.6911	-0.0120186667097477	0.0061150603350681
chr3	534	13001303	130349	2857738	2893751.8487	2385612	2407724.4349	-0.00158008751156804	0.0229993555472152
chr3	13001304	13002834	19	170	420.055	4	357.494	5.17990831488477	-1.26397658261292
chr3	13002835	15645058	29418	641060	652206.5738	539377	549303.4113	0.00461626007995714	0.0161973203217499
chr3	15645059	15657578	62	851	1390.394	360	1198.032	1.02951150995691	-0.667195813782234
chr3	15657579	16048986	3351	74963	75574.4083	63794	64837.681	0.014869265857597	0.0293478226193638
chr3	16048987	16054134	66	7	1485.32	657	1279.2	-6.76474995732123	-7.68813620276631
chr3	16054135	20901916	30230	591625	684849.2982	503733	587149.6239	0.0131420105775265	-0.170036628782681
chr3	20901917	20904909	34	199	785.22	418	671.836	-1.29254572432008	-1.93926157765647
chr3	20904910	20908576	26	18	586.172	274	503.338	-4.14472701237152	-4.98418832876022
chr3	20908577	21141795	2382	52814	53921.963	47522	46264.611	-0.0654624972976965	0.0111143043308947
chr3	21141796	21145836	50	589	1137.23	981	973.662	-0.956840019362807	-0.908117612776056
chr3	21145837	23272201	22809	500295	510721.8159	422339	433889.2464	0.0123433052161627	0.0113082583820844
chr3	23272202	23275402	40	2	884.289	381	751.378	-7.80544962023072	-8.74730715828476
chr3	23275403	23690889	4540	101600	101762.8199	85649	86985.4348	0.0232038991219976	0.0387567586859246
chr3	23690890	23695375	59	4	1323.41	598	1139.51	-7.43667154727248	-8.32897741244411
chr3	23695376	25295821	16178	348164	367268.2068	301230	314575.8862	-0.0113477448546342	-0.0360000647336408
chr3	25295822	25297056	16	214	373.608	2	317.733	6.51093315610272	-0.762847640125309
chr3	25297057	28256223	34189	764180	777753.9207	654324	666546.9414	0.00447663253387356	0.0156656484044692
chr3	28256224	28257696	19	127	425.6684	3	365.1686	5.18573149412622	-1.70383458589071
chr3	28257697	32014799	41998	919204	948279.7983	785928	812940.0117	0.00700062310878742	-0.00386081509855289
chr3	32014800	32018624	51	667	1156.43	1060	996.333	-0.880107022297321	-0.752852363360975
chr3	32018625	32337767	3385	72451	76728.811	61870	65743.8272	0.00802921633471073	-0.0416958855636869
chr3	32337768	32340992	42	513	946.299	0	814.212	32.3391202768376	-0.842270364114994
chr3	32340993	40587958	96886	2108257	2177227.42	1808849	1865087.8787	0.00090686651114029	-0.00537445530393197
chr3	40587959	40596794	108	1254	2445.59	2174	2095.57	-1.01347783359733	-0.922578299217931
chr3	40596795	40975439	3980	85043	90591.2395	73977	77614.2192	-0.018758262003116	-0.0501121418328458
chr3	40975440	40980115	61	619	1385.46	1195	1187.79	-1.16790796781293	-1.12128683355612
chr3	40980116	49254051	88346	1926371	1983830.1152	1652196	1698246.0872	0.000434381808027442	-0.00133599675823524
chr3	49254052	49256020	26	290	591.257	0	508.793	32.1947250931154	-0.98666554780918
chr3	49256021	49305133	596	13487	13511.3	11310	11599.9	0.0370930265333818	0.0384698953945608
chr3	49305134	49308821	47	504	1072.47	901	919.599	-1.0567872589897	-1.04837474236889
chr3	49308822	49553536	2999	68279	68135.343	57470	58403.105	0.0294512111452378	0.0441054961228614
chr3	49553537	49555052	20	235	445.161	0	379.915	32.3007911030467	-0.880599537898704
chr3	49555053	51356216	21388	469130	482613.0935	401966	413534.5191	0.00323159104878204	0.000187615146114532
chr3	51356217	51361393	68	671	1529.49	0	1315.18	32.0337915488941	-1.14759909199583
chr3	51361394	66812094	180420	3967925	4031315.4258	3399788	3446579.8674	3.13499069577411e-05	0.0182009977956225
chr3	66812095	66815544	46	565	1049.22	1	899.698	8.92347903805651	-0.851927529862979
chr3	66815545	84223291	174662	3838670	3932354.3824	3283019	3352763.2981	-0.00128266436782159	0.00628010893330009
chr3	84223292	84225401	20	9	448.108	214	384.137	-4.79059093058984	-5.59671075353131
chr3	84225402	87324081	32956	728559	748636.8566	629945	642004.1165	-0.00868698996001421	0.00184664352253162
chr3	87324082	87329137	56	630	1275.95	1204	1083.23	-1.16746725140457	-0.977081151499783
chr3	87329138	87808558	5316	118197	121105.6833	103913	103867.1312	-0.0325335171484476	0.00599375907469935
chr3	87808559	87812952	58	678	1332.47	1147	1139.85	-0.98059067792622	-0.933678962381363
chr3	87812953	89246768	14923	319898	340629.3066	280150	291566.5138	-0.0297884451951264	-0.0495236815289067
chr3	89246769	89252377	72	557	1627.086	1002	1366.972	-1.09526348766277	-1.50547436335968
chr3	89252378	91243805	21739	471113	493212.5836	400044	422590.7012	0.0161424714615221	-0.0250695551668242
chr3	91243806	91244105	4	67	91.8157	0	78.668	32.7678777793608	-0.413512861660274
chr3	91244106	109782367	198102	4358480	4444377.3394	3730735	3804454.0628	0.00324993743334562	0.0129106895390909
chr3	109782368	109783717	18	880	402.764	341	347.263	1.15700235307286	1.16863569674809
chr3	109783718	115420056	61676	1350763	1372602.08	1142892	1165790.9498	0.00865775115814798	0.0179280314782941
chr3	115420057	115424943	56	4	1256.88	547	1079.78	-7.31132991283153	-8.25456424452277
chr3	115424944	125592489	119546	2627351	2660206.667	2230755	2265300.1654	0.0074173767410517	0.0231375297107425
chr3	125592490	125594810	29	316	646.582	0	554.819	32.189548764888	-0.991841876035555
chr3	125594811	143277730	194777	4288934	4360796.4147	3655444	3735972.7365	0.0106413554398302	0.0170943867357119
chr3	143277731	143289146	36	10	815.3746	538	701.9369	-5.96247932506119	-6.30832418824621
chr3	143289147	143293384	41	913	915.42	898	786.007	-0.192815633109004	0.0372479587621899
chr3	143293385	143305067	27	0	606.805	154	501.047	-33.2161043459879	-33.178214038333
chr3	143305068	143357602	358	7870	8121.0183	9775	6962.3509	-0.531642575750185	-0.00423009284171718
chr3	143357603	143368867	66	7	1499.74	1339	1287.35	-7.79671675874741	-7.70207483306005
chr3	143368868	143376024	33	69	733.923	748	628.299	-3.65937082436095	-3.36989353065832
chr3	143376025	143377363	11	459	250.777	301	216.427	0.399382723518367	0.91315602675471
chr3	143377364	143395505	32	41	716.2641	549	617.8866	-3.9530832774106	-4.08572890638381
chr3	143395506	143406556	79	8	1775.75	1543	1516.94	-7.81561017322691	-7.7531458274191
chr3	143406557	143627952	1516	31187	34427.8132	27888	29522.8435	-0.0572659553073166	-0.10156285453603
chr3	143627953	143647473	34	4	770.062	301	662.76	-6.44693113452116	-7.54776385764622
chr3	143647474	143673542	134	4181	3023.2444	1457	2576.0095	1.29306407102264	0.508817342439605
chr3	143673543	143692790	121	213	2722.0384	203	2340.2192	-0.145493446524056	-3.63469517124459
chr3	143692791	143719751	295	36	6722.314	5402	5769.975	-7.44656915975953	-7.50375027839776
chr3	143719752	143721752	14	473	315.4595	188	269.6678	1.10801259165264	0.625452296282725
chr3	143721753	143736237	31	16	702.789	277	601.5192	-4.33504638334855	-5.41588088346704
chr3	143736238	143737187	11	227	247.899	281	212.151	-0.529362202725701	-0.0859932435331553
chr3	143737188	143741069	10	7	230.623	209	197.662	-5.11932845879634	-5.00097075236563
chr3	143741070	143742997	24	152	536.874	330	463.664	-1.32672192008567	-1.77944530432106
chr3	143742998	143762164	117	29	2633.62	2344	2267.01	-6.54985568494051	-6.46378356279073
chr3	143762165	143763802	4	48	90.3449	84	77.6507	-1.0226225516038	-0.871341846122052
chr3	143796746	143808555	19	25	429.604	298	370.199	-3.7868421540268	-4.06194051315571
chr3	143812605	143825296	48	1562	1089.8975	630	929.1422	1.08292617514843	0.560268901774988
chr3	143825297	143827900	28	4	629.8809	48	539.4039	-3.80549900961154	-7.2578683212825
chr3	143827901	143833411	19	302	429.8679	248	366.7966	0.0584719153808264	-0.468277922088438
chr3	143833412	143836849	7	441	159.2772	112	136.1443	1.75405334343315	1.51030580171643
chr3	143845981	143846870	10	5	229.468	140	196.552	-5.02756025030816	-5.47915415724637
chr3	143846871	143857642	54	1896	1212.022	1188	1041.948	0.459468124377215	0.686609988762107
chr3	143857643	143931018	536	34891	12115.154	10380	10379.71	1.52917849896242	1.56710911383349
chr3	143931019	143943509	101	2202	2284.4048	2002	1962.9915	-0.0782152977143459	-0.0119369415137581
chr3	143943510	144071376	771	42660	17505.4986	12100	15029.94	1.60108461703083	1.3261427223952
chr3	144071377	144228565	875	16080	19737.2738	14635	16905.0331	-0.0844486274337144	-0.254588414868002
chr3	144228566	144307720	142	1841	3194.2477	2964	2745.4243	-0.902326277557184	-0.753919654326588
chr3	144307721	144379820	664	14547	15092.0772	12390	12940.5422	0.0128287564655386	-0.0120028147910827
chr3	144379821	144384523	61	2	1375.64	1224	1182	-9.47308407304514	-9.3848202462618
chr3	144384524	144510938	1513	34211	34323.2	30321	29430.8	-0.0445377617466244	0.0363431223226676
chr3	144510939	144511243	4	2	90.997	75	78.3786	-5.44100126090735	-5.46668016093503
chr3	144511244	145254833	9023	201193	202646.8449	170043	173882.9275	0.0250056733971904	0.0306793081980777
chr3	145254834	145263830	48	15	1059.69	818	903.219	-5.99638436831695	-6.10146905115361
chr3	145263831	145668589	2271	48864	50954.4055	42399	43583.0887	-0.0175201123540028	-0.0193680087516151
chr3	145668590	145670902	22	180	486.719	366	417.087	-1.24341088674062	-1.39402527656927
chr3	145670903	145683056	141	0	3169.493	1921	2690.654	-33.2161043459879	-33.178214038333
chr3	145683057	145981457	2123	45376	47549.7576	39852	40680.5143	-0.0346461561437932	-0.0264416381262513
chr3	145987151	145993183	8	6	181.237	132	155.516	-4.67706951035587	-4.87570428951352
chr3	145993184	146266516	2039	43397	45645.057	36902	39091.172	0.0134571104472121	-0.0317964117118579
chr3	146266517	146284852	40	33	884.2361	678	754.1021	-4.58724250557847	-4.70282679126075
chr3	146284853	149734904	42224	919435	935232.5275	772309	786697.7706	0.00523039256571776	0.0164893889026684
chr3	149734905	149735894	6	174	131.8927	24	113.4179	2.64344123017559	0.440789500241046
chr3	149735895	149739201	41	392	899.2174	305	767.6805	0.137057064500956	-1.15674938699583
chr3	149739202	149751551	52	773	1165.102	0	999.049	32.630541608458	-0.55084903254331
chr3	149751552	149771990	62	385	1383.539	671	1187.76	-1.01839767658916	-1.80436605006659
chr3	149771991	151772070	22015	478894	488489.0868	406015	413299.3162	0.000210580354150283	0.0124469393367904
chr3	151772071	151773375	17	192	380.689	0	328.269	32.2349509788438	-0.946439662088894
chr3	151773376	152955475	12252	268090	271508.916	227700	229197.8111	-0.0056465910958674	0.0227847421401258
chr3	152955476	152974788	110	1733	2429.0982	3929	2031.3738	-1.43567898511413	-0.446082249059429
chr3	152974789	153027624	555	10093	12267.1754	9074	10409.6078	-0.0801662865927777	-0.240381127575917
chr3	153027625	153048184	194	4013	4302.6268	8639	3673.2753	-1.33115724906521	-0.0594696428341348
chr3	153048185	153058859	60	769	1346.9801	621	1154.3597	0.0889312353182796	-0.767606122792214
chr3	153058860	153070173	109	1990	2419.0739	4723	2059.2019	-1.47612805437555	-0.240619501224796
chr3	153070174	160754644	86533	1885938	1919232.2715	1600894	1625388.6731	-0.00016351052524418	0.0158198374711704
chr3	160754676	160797075	137	1650	3041.62	2513	2604.94	-0.827357824183852	-0.841306988212117
chr3	160797076	168858270	88576	1865914	1960259.341	1601490	1639772.4313	-0.0339046169016434	-0.0300951299752151
chr3	168858271	168859470	16	180	358.096	0	307.481	32.2301080547422	-0.951282586189556
chr3	168859471	168951417	1152	23886	25548.219	21203	21877.8126	-0.0486807466721702	-0.0559905345385332
chr3	168951418	168952842	19	205	423.587	0	363.832	32.1754231481828	-1.00596749273782
chr3	168952843	177699918	92932	1988480	2058578.9735	1686060	1725459.5409	-0.0134813728351632	-0.00891583362023976
chr4	784	3554248	31280	680000	697819.9217	573798	594762.2225	0.0176266395024343	0.00374687217697236
chr4	3554249	3561512	36	196	806.266	1	678.942	7.36991879826331	-1.99933531989174
chr4	3561513	42713107	414268	9104984	9321513.153	7796041	7973115.127	0.0016707426082465	0.00715922737268058
chr4	42713108	42718689	73	823	1657.18	1	1424.53	9.46968070823276	-0.968699067497695
chr4	42718690	43045805	3710	84713	83729.2875	71731	71858.501	0.0225897328887599	0.0579179437736545
chr4	43045806	43046480	9	78	202.312	0	174.414	31.8474216859282	-1.3339689549163
chr4	43046481	43326285	3108	69899	69939.8724	61118	60009.3502	-0.0240767710227314	0.0402235627738467
chr4	43326286	43328422	26	324	593.412	0	508.196	32.3494172635222	-0.831973377432292
chr4	43328423	45426836	24495	544856	551355.9292	464132	472403.5702	0.0115523374471372	0.0239579461268125
chr4	45426837	45474172	27	431	603.3124	872	511.0461	-1.25291545880329	-0.444150454610889
chr4	45474173	47285511	17354	375956	394559.347	325387	337957.1322	-0.0118182402343432	-0.0286115804787641
chr4	47285512	47290610	25	297	580.693	1	495.497	7.98859633171598	-0.926245801239274
chr4	47290611	47383093	1007	21704	23015.4123	18951	19715.8142	-0.0243834194266804	-0.0435724239255583
chr4	47383094	47385344	30	350	692.953	0	592.765	32.2370549698908	-0.94433567104226
chr4	47385345	71856741	275150	6021102	6164286.5518	5120152	5267698.1323	0.0102562662304639	0.00716053993117093
chr4	71856742	71860217	39	0	884.338	444	753.577	-33.2161043459879	-33.178214038333
chr4	71860218	99900046	297489	6538985	6674901.1431	5562122	5707525.302	0.0107268072816225	0.011387154233045
chr4	99900047	99906109	80	907	1767.47	1398	1464.75	-0.892044579680448	-0.921444361094099
chr4	99906110	105073288	33238	697342	742646.633	595276	632944.2893	0.000886861447060302	-0.0497426225890181
chr4	105073289	105075594	19	2	431.698	228	369.875	-7.05269800989677	-7.71281165709231
chr4	105075595	107168456	21102	456798	480415.3505	395793	411637.4046	-0.0129213268628054	-0.0316590047278498
chr4	107168457	107169431	13	0	284.711	125	237.988	-33.2161043459879	-33.178214038333
chr4	107169432	107195131	263	4842	5956.6366	4126	5117.1896	0.0148896030135374	-0.257827956374174
chr4	107195132	107201966	91	0	2078.35	810	1786.07	-33.2161043459879	-33.178214038333
chr4	107201967	107844025	6874	151647	156018.4423	131989	133767.4074	-0.0185140693094795	6.72941780343259e-05
chr4	107844026	107845625	14	3	321.115	167	276.107	-6.01342777361455	-6.70091682122103
chr4	107845626	136874132	322910	7107009	7207850.0348	6074599	6136001.6565	-0.0026401693781522	0.0207404419357769
chr4	136874133	136874507	5	1	116.466	82	99.7993	-6.5771826359474	-6.82269811181301
chr4	136874508	139052539	25251	565319	571463.2114	483661	490377.3688	0.00747735102207371	0.0254714702463673
chr4	139052540	139053755	16	162	359.579	0	309.627	32.0721425972998	-1.1092480435987
chr4	139053756	139872137	9043	197181	203700.616	169615	174747.8118	-0.000742568129932897	-0.00586288943528892
chr4	139872138	139880329	76	329	1707.976	622	1462.857	-1.13914934900548	-2.33506130239175
chr4	139880330	142137909	24567	525143	549929.108	445992	470887.3251	0.015005341748904	-0.0254684085187513
chr4	142137910	142139490	21	4	482.58	152	415.314	-5.46131652544116	-6.87355738770411
chr4	142139491	143223228	12331	276275	279035.6599	234575	239607.9623	0.0194587014379688	0.0267224240901389
chr4	143223229	143232154	119	1435	2685.29	2413	2305.33	-0.96670519499697	-0.862960253895504
chr4	143232155	168430186	255708	5558908	5697039.0367	4707406	4838624.3494	0.00743046892493897	0.00565612461275538
chr4	168430187	168432051	23	4	510.054	419	438.484	-6.92575560771537	-6.9534392557809
chr4	168432052	173210044	53734	1169400	1194453.7911	1011267	1019000.7788	-0.0164147444392044	0.0104843646589586
chr4	173210045	173214594	24	310	551.999	0	468.918	32.3900601138358	-0.791330527126052
chr4	173214595	173488373	3316	70512	74738.1015	61502	64067.671	-0.0218352924478332	-0.042908204370129
chr4	173488374	173489940	19	236	427.524	0	365.313	32.3652390002156	-0.816151640741812
chr4	173489941	184224823	125373	2702796	2787966.4867	2335573	2377347.1008	-0.0160079723476311	-0.00369368330232663
chr5	34651	4579595	44923	972036	1007778.3323	832678	862632.5328	0.00206732952491968	-0.0110297813493769
chr5	4579596	4580779	15	174	336.154	3	288.766	5.64193615324253	-0.908968099850955
chr5	4580780	15302345	110252	2388146	2478270.3151	2045712	2121353.434	0.00211603667835561	-0.0123756071518602
chr5	15302346	15307332	66	769	1500.67	2	1290.45	8.37228378073162	-0.92348434651016
chr5	15307333	24918925	98723	2145776	2212086.159	1828852	1893053.4164	0.00904529439588769	-0.00284118842756993
chr5	24918926	24927566	12	116	268.738	7	230.759	3.83398925252665	-1.17100861902503
chr5	24927567	26009000	11419	243354	254461.6498	207834	217635.6874	0.0052683074587348	-0.0233248434761168
chr5	26009001	26022019	154	1489	3442.141	2679	2948.081	-1.06770425601356	-1.16789553073455
chr5	26022020	33245596	78709	1711411	1779246.3147	1480593	1525037.8073	-0.0102334801426174	-0.0150130684997642
chr5	33245597	33253622	37	0	821.653	186	695.402	-33.2161043459879	-33.178214038333
chr5	33253623	33370633	1207	25226	27283.112	21566	23380.9017	0.00665180699863114	-0.0720298402517477
chr5	33370634	33382618	50	45	1139.5196	525	973.7147	-3.76799862381129	-4.62129001364262
chr5	33382619	35214378	20120	441322	454266.926	376248	389359.0242	0.0108851513851019	-0.000641691858804493
chr5	35214379	35215128	10	118	229.401	1	196.557	6.66289568704821	-0.918017909924999
chr5	35215129	35601224	2446	52678	55246.9535	43723	47338.0322	0.0490896062981496	-0.027627428489184
chr5	35601225	35602346	11	110	251.611	7	215.16	3.75139628822835	-1.15262456112026
chr5	35602347	41127143	60682	1310958	1370550.3156	1130819	1174097.5765	-0.00677294085747604	-0.0230669168631225
chr5	41127144	41128193	14	154	312.931	0	260.705	32.199543318786	-0.981847322139527
chr5	41128194	41230702	1117	25909	25456.7944	21645	21830.7686	0.0409082982636536	0.0664694821554263
chr5	41230703	41242034	150	1854	3415.89	3046	2933.98	-0.932500575586129	-0.840553362632978
chr5	41242035	42181915	10344	224923	235785.2639	193859	201948.9223	-0.00588302545901136	-0.0269754502952301
chr5	42181916	42182365	6	89	137.777	0	118.42	32.591999723163	-0.589390917832356
chr5	42182366	68765419	284016	6167586	6375509.414	5282641	5435814.871	-0.00342113729543712	-0.00676778225073677
chr5	68765420	68769360	51	606	1162.22	963	994.305	-0.890164220839884	-0.898426576899946
chr5	68769361	68987107	2408	53828	54176.81	46154	46437.9196	0.0027056320966389	0.0317482848431009
chr5	68987108	68989963	38	492	843.12	0	719.354	32.4453778849298	-0.736012756041687
chr5	68989964	68990263	4	69	90.8033	63	78.3753	-0.0779245329937805	-0.355081456691388
chr5	68990264	68992157	25	270	566.907	0	489.017	32.1523048757964	-1.02908576511941
chr5	68992158	69825774	3851	86073	86705.3964	72137	74317.5661	0.0355793972782058	0.0305058770914905
chr5	69825775	69841619	191	5693	4295.8251	2177	3652.0942	1.15581301604485	0.447320753670515
chr5	69841620	89464026	214785	4692533	4814076.8394	4008095	4115457.7443	0.00442052469045201	0.00417463203308694
chr5	89464027	89466568	33	0	751.704	280	645.721	-33.2161043459879	-33.178214038333
chr5	89466569	89477233	135	3231	3075	2529	2646.17	0.139909654812995	0.11246125082935
chr5	89477234	89482177	63	2	1422.53	621	1217.51	-8.49979825948539	-9.43317634962458
chr5	89482178	89549243	744	15441	16908.9116	12946	14523.3744	0.0380292754663892	-0.0899506996528081
chr5	89549244	89553464	55	1373	1265.99	498	1087.06	1.24645614343339	0.158132527132864
chr5	89553465	90187096	6338	131434	143799.0902	113384	123163.2607	-0.00718452097499099	-0.0886491098858589
chr5	90187097	90191365	23	5	525.768	250	450.074	-5.86494369097946	-6.67528750655596
chr5	90191366	90555772	4028	90215	91097.7265	77632	78105.558	-0.0020973583161583	0.0270191906996872
chr5	90555773	90557502	23	0	516.136	209	441.304	-33.2161043459879	-33.178214038333
chr5	90557503	90605204	536	11031	12111.9481	9463	10391.079	0.00328519648446302	-0.0938004353912009
chr5	90605205	90608281	36	1	821.87	316	704.445	-8.52302723325672	-9.64169937307695
chr5	90608282	91364177	6267	130761	141773.1486	111882	121417.138	0.0045187250594336	-0.0755850904035995
chr5	91364178	91370767	18	29	406.811	156	347.282	-2.65249567363643	-3.76916697167854
chr5	91370768	92823399	15488	334615	351302.7645	289004	301066.8796	-0.00804166219045533	-0.0291458994482976
chr5	92823400	92838999	69	1040	1560.328	461	1341.341	0.958748192475345	-0.544198893959764
chr5	92839000	98665953	62516	1373029	1421084.5343	1173611	1218103.5212	0.00722877160063037	-0.00856336902468686
chr5	98665954	98877946	113	452	2547.0945	641	2182.8155	-0.723487274421195	-2.45339089706692
chr5	98877947	106249094	85606	1857377	1914013.2717	1590340	1638967.2965	0.00329427882715908	-0.00226724759539886
chr5	106249095	106250938	24	285	535.041	0	459.64	32.3137700220832	-0.867620618864687
chr5	106250939	108800490	25819	558286	579490.311	481330	496356.8269	-0.00625226845365444	-0.0127132506111514
chr5	108800491	108806374	40	1	910.233	402	782.656	-8.86573257196103	-9.78902503928979
chr5	108806375	132557606	266539	5827599	5965174.1402	4958728	5097346.3739	0.00929025489074333	0.00740426408060533
chr5	132557634	132558009	5	0	115.495	62	98.8697	-33.2161043459879	-33.178214038333
chr5	132558010	133335399	8088	176267	181913.4666	150335	155455.2031	0.0060046387398505	-0.00442303100184442
chr5	133335400	133338786	42	1007	940.168	402	809.28	1.11169324448317	0.140140111786694
chr5	133338787	137582064	44526	957448	987713.6967	811166	832925.6366	-0.00353166352902425	-0.00383187051037066
chr5	137582065	137592620	96	2295	2134.57	2643	1828.76	-0.423585389416993	0.145615589947169
chr5	137592621	173707145	412132	8802018	9131610.4088	7470195	7629989.6802	-0.0193231822619454	-0.01196807699058
chr6	0	123769	1366	29683	31115.57	24900	26652.665	0.0333108905008637	-0.0269328546620657
chr6	123770	126156	29	313	660.721	1	564.06	8.06500280181384	-1.03681163128209
chr6	126157	1631413	17854	389578	399133.3785	333653	341006.8416	-0.000329912606990174	0.00610818667849385
chr6	1631414	1638854	20	120	444.696	5	370.906	4.32637327101276	-1.84871811092827
chr6	1638855	3992276	26913	582721	598408.7799	498996	510756.8528	-0.00154103178009056	0.00274087119438985
chr6	3992277	3992715	5	66	109.427	0	94.6152	32.493026728952	-0.688363912027492
chr6	3992716	20950165	171492	3726362	3846805.1056	3191220	3279033.1456	-0.00355388841590812	-0.004825995455335
chr6	20950166	20951065	12	0	277.617	113	237.351	-33.2161043459879	-33.178214038333
chr6	20951066	21670456	8796	192170	196244.393	165869	167995.2878	-0.00871521291137285	0.0107986080852782
chr6	21670457	21678402	84	971	1874.7	1	1611.02	9.70781851443684	-0.908049634357218
chr6	21678403	21696008	231	4995	5153.3	4522	4413.5	-0.076873095057363	-0.0039449928996183
chr6	21696009	21699721	49	561	1091.47	0	901.796	32.2622577505574	-0.919132890380611
chr6	21699722	40704181	211661	4638212	4726467.5546	3942207	4030011.8857	0.00776357580757704	0.0138733222693414
chr6	40704182	40705150	12	1	277.251	104	236.819	-6.92467092888046	-8.07398190320178
chr6	40705151	51047447	124446	2726382	2765813.5994	2315904	2358861.0701	0.00897538800196097	0.0203506964301885
chr6	51047448	51060142	167	1910	3751.79	2	3222.18	9.68299130492276	-0.932939528651646
chr6	51060143	51507830	5574	123101	124485.5565	105029	106420.7951	0.00603307773230784	0.0249310295835456
chr6	51507831	51508430	8	193	177.702	3	148.266	5.74939901399453	0.160207839468538
chr6	51508431	51564245	641	13045	14245.0167	11059	12179.3374	0.0154309444996703	-0.0858934581380151
chr6	51564246	51567997	9	214	202.46	13	172.933	3.81678016422236	0.121040804254061
chr6	51567998	52198865	7293	157820	162916.3983	134870	139553.5989	0.00657467653073007	-0.00478486966119862
chr6	52198866	52204143	70	0	1558.74	696	1331.39	-33.2161043459879	-33.178214038333
chr6	52204144	85228674	362806	7971748	8184994.8548	6824226	7010502.6804	0.00394366721117568	0.00298150583353778
chr6	85228675	85253624	111	967	2548.5642	1855	2174.1161	-1.16591050132591	-1.35702999039761
chr6	85253625	87963675	28195	618099	638690.5906	529978	547312.825	0.00233052759095195	-0.00621235475822542
chr6	87963676	87964321	7	1	160.546	70	138.084	-6.34354696135504	-7.28577597686896
chr6	87964322	91777114	40314	881323	912689.2854	754289	781526.4026	0.00390089016222162	-0.00938602831805414
chr6	91777115	91838709	809	15994	17845.509	15163	15130.6937	-0.157930741852892	-0.116963347652837
chr6	91838710	105321354	148547	3202726	3307424.1472	2733302	2820530.7137	0.00209068699684353	-0.00534078150741835
chr6	105321355	105324884	23	2	515.749	201	444.421	-6.8626172013448	-7.96945836086381
chr6	105324885	138272007	371352	8087968	8279227.8201	6885606	7014829.6569	-0.00371788602115257	0.00734798196699941
chr6	138272008	139591701	1873	31995	41657.0883	25236	35669.1234	0.121653571017154	-0.339648625909704
chr6	139591702	142614153	22848	491650	517987.2459	413818	444290.9129	0.030399904191279	-0.0342180221168178
chr6	142614154	142687226	640	7831	14530.23	12132	12470.609	-0.848897965995142	-0.85072217575681
chr6	142687227	143013350	2731	60920	61854.4592	51224	53042.2693	0.0315375235689018	0.0191052470628666
chr6	143013351	143056620	369	10345	8370.67	7233	7179.82	0.298048764333554	0.346585548039673
chr6	143056621	143126582	465	4743	10473.0043	7532	8965.4261	-0.888287826784395	-1.10173667067618
chr6	143126583	143199494	480	11707	10864.0576	9774	9300.3871	0.0393266523798911	0.14887529953691
chr6	143199495	143224780	138	1245	3136.054	1971	2676.483	-0.888217343462215	-1.29173774836715
chr6	143224781	143287291	48	486	1098.451	375	941.349	0.154573404358507	-1.13537538525464
chr6	143287292	143341483	327	3644	7369.081	6073	6302.9856	-0.959159151987767	-0.97489484169373
chr6	143341484	143356905	95	2018	2136.38	1873	1829.72	-0.112793514268113	-0.0411751982904699
chr6	143356906	143361499	46	433	1046.81	748	889.906	-1.01976939492935	-1.23249377043361
chr6	143361500	143499549	542	8617	12218.9457	7790	10413.7804	-0.0818869611188856	-0.462795309232215
chr6	143499550	143516873	49	503	1105.0656	879	943.7915	-1.0297200937567	-1.09443479885146
chr6	143516874	143625569	592	11942	13371.3914	9453	11428.2179	0.113827768589969	-0.122038212647965
chr6	143625570	143661025	107	1734	2405.071	2398	2061.611	-0.686858501539411	-0.430908675063198
chr6	143683392	144703195	10482	230972	232852.7116	191477	198838.6114	0.0459037147902691	0.029367196975328
chr6	144703196	144703870	9	97	197.071	0	169.469	32.1997987120846	-0.981591928841059
chr6	144703871	147989969	38425	844157	858906.7629	718642	733864.9828	0.00842781980960514	0.0160767226270138
chr7	794	9777093	43358	779614	976660.0917	669472	832026.317	-0.00831450144358042	-0.284029637592094
chr7	9777094	28202375	136036	2899006	3029913.344	2461004	2545770.1129	-0.0116864660157197	-0.0226513029787443
chr7	28202376	28203125	10	14	223.503	112	192.599	-3.21151737980225	-3.95572855118602
chr7	28203126	58224407	336268	7352323	7557143.1278	6325207	6470472.2748	-0.00370587314517416	0.00142611190554978
chr7	58224408	58241193	83	7	1850.515	635	1587.19	-6.72153323052735	-8.00528924388231
chr7	58241194	70672424	142471	3106147	3176841.5324	2660509	2712119.3925	-0.00157201057198159	0.00859989115710446
chr7	70672425	70674392	22	275	496.498	0	426.005	32.3701012641151	-0.811289376843143
chr7	70674393	85596543	166263	3636695	3731423.0115	3101469	3187955.6428	0.0057584696207201	0.00396892647657779
chr7	85596544	85598483	9	239	208.287	19	178.025	3.42962295076417	0.239504730880335
chr7	85598484	85755865	1878	42134	42824.7538	37359	36672.8015	-0.0470288226334027	0.0176068433782832
chr7	85755866	85756540	9	120	208.974	0	179.287	32.4221685004756	-0.759222140491871
chr7	85756541	87181225	14710	317455	335671.269	271721	287480.5694	0.00401802548387009	-0.0394300465762711
chr7	87181226	87183441	29	373	668.312	1	572.883	8.32392708868709	-0.80027923771823
chr7	87183442	87741381	5112	114465	116916.3935	97424	100009.5524	0.010394585179906	0.0104962107351421
chr7	87741387	87743708	29	352	654.125	0	560.662	32.328466626782	-0.852924014168673
chr7	87743709	88068911	2059	45447	47030.4103	39439	40258.9581	-0.0165453876648573	-0.00834194395694749
chr7	88068912	88070793	25	311	579.815	0	495.014	32.3237794752498	-0.85761116569999
chr7	88070794	100154719	133802	2922774	3006239.4907	2492211	2573221.2192	0.00870420919225887	0.000445244003107741
chr7	100154720	100155440	9	90	196.563	5	166.288	3.93179387953905	-1.08592796438908
chr7	100155441	110454013	106968	2327763	2395679.9404	1951725	2052911.3956	0.0346071739457131	-0.000424089740012644
chr7	110454014	110456858	31	779	704.393	274	605.076	1.29135982758032	0.186309666693331
chr7	110456859	117081234	72824	1605406	1626902.9144	1344288	1377549.3681	0.01924840544693	0.0218769446996181
chr7	117081235	117091691	134	4330	2958.97	2564	2521.45	0.52830591337098	0.590338865984252
chr7	117091692	119779310	26096	566961	578283.094	476530	480932.5056	-0.012082426805948	0.0125404836366744
chr7	119779311	119780365	14	4	311.492	116	247.17	-5.18849585022434	-6.24198437921483
chr7	119780366	125149592	66437	1454414	1472111.9307	1219120	1227041.1088	-0.00492933106489632	0.0236175330142394
chr7	125149593	125153717	53	378	1173.394	1	997.879	8.33166815717828	-1.5931624695569
chr7	125153718	145280771	236723	5121253	5254132.9677	4355946	4437637.5893	-0.00697349410150761	0.00411103192723572
chr7	145280772	145442654	101	3213	2251.9655	968	1912.1304	1.4980148182506	0.553803165880269
chr7	145442655	145495232	57	291	1297.8626	254	1103.2179	-0.0350526297330396	-2.1159796891063
chr7	145495233	145683106	130	1286	2913.9286	243	2498.7515	2.18528093070069	-1.1390079739418
chr7	145683107	145729228	508	11156	11380.537	9396	9704.1391	0.0209813253318281	0.0123181161637876
chr8	510	8266195	80279	1739489	1811560.5754	1498398	1552102.087	-0.00459031655036432	-0.0175025812705686
chr8	8266196	8266712	6	0	131.155	60	112.26	-33.2161043459879	-33.178214038333
chr8	8266713	25792219	172346	3805987	3867023.4238	3257899	3297652.341	-0.00227883640168675	0.0181140412224121
chr8	25792220	25794499	30	290	669.214	536	571.211	-1.11144736227138	-1.1653478158514
chr8	25794500	37996372	139571	3094123	3112169.4501	2617714	2660704.6037	0.0182874035037773	0.0326768460369082
chr8	37996373	37998354	26	0	594.277	245	509.638	-33.2161043459879	-33.178214038333
chr8	37998355	41412899	24136	514366	540770.287	436957	461329.631	0.00926264635510245	-0.0311536906891444
chr8	41412900	41416849	32	9	722.077	225	619.335	-4.86211229454939	-6.28501695595391
chr8	41416850	58550061	180844	3938950	4016727.316	3342155	3413464.9257	0.00542546710824677	0.0128574902488108
chr8	58550062	58558371	15	24	340.3664	144	291.6224	-2.80477298271274	-3.78491540178123
chr8	58558372	66019559	90302	1978124	2007854.4169	1665189	1699798.8331	0.0113328839838375	0.0195451080243479
chr8	66019560	66225106	2509	49625	55389.5927	44327	46592.7844	-0.0834504016605984	-0.117480916916943
chr8	66225107	77172835	117773	2550430	2615128.5182	2169342	2218980.9754	-0.000324956183935799	0.00492556705230919
chr8	77172836	77176062	43	481	982.579	840	842.852	-1.02246991213678	-0.989469600837117
chr8	77176063	122447549	502788	10925811	11231591.2189	9294624	9577671.5459	0.00663309767464789	0.00124494872979011
chr8	122447550	122448439	10	3	220.578	100	189.504	-5.27477768674549	-6.15911567454793
chr8	122448440	133306290	122490	2607587	2713676.1443	2245427	2294402.5944	-0.0232278256931035	-0.0164662582575551
chr9	501	23532304	204024	4357975	4554318.8077	3711731	3861616.9741	-0.00328784670218952	-0.0225104543764738
chr9	23532305	23536440	54	1277	1217.73	585	1048.37	0.913380284812207	0.109631147172206
chr9	23536441	36307661	140570	3062129	3173346.8658	2632836	2718492.7543	-0.00210423634704957	-0.0104032530558896
chr9	36307662	36325480	12	1	269.686	114	220.325	-7.12136081632137	-8.0340698703361
chr9	36325481	101200950	733721	16118187	16401753.2903	13751275	13990296.3871	0.00287717400325642	0.0159063448229333
chr9	101200951	101204025	9	5	202.335	86	173.394	-4.32385197639685	-5.29760707803359
chr9	101204026	101229663	129	2603	2908.9	2339	2490.12	-0.0667983803687347	-0.119231478950028
chr9	101230431	103939179	26510	578534	600147.7967	498149	514415.9214	-0.00338151416159552	-0.0118491743054648
chr9	103939180	103947327	64	859	1429.0954	342	1221.8984	1.10586051224749	-0.693305280242408
chr9	103947328	104609967	6836	151362	154679.8341	128757	132527.5204	0.013535647453061	0.00978484525829696
chr9	104609968	104610793	11	0	245.307	121	210.62	-33.2161043459879	-33.178214038333
chr9	104610794	119866831	165142	3586125	3692219.8573	3095338	3153795.775	-0.0118937973024184	-0.000995775241746544
chr9	119866832	119866988	2	50	43.94	270	36.4492	-2.69943052311582	0.227460135793604
chr9	119866989	120073448	2051	44500	45898.0765	38160	39331.1027	0.00215770801242522	-0.00356144756649628
chr9	120073449	120073973	7	210	158.358	2	135.889	6.49666103577921	0.448266486622847
chr9	120073974	120358573	2901	61112	65183.6627	51914	55933.9365	0.0177220944182792	-0.051987812772893
chr9	120358574	120360898	31	6	699.696	664	600.31	-7.0079208527186	-6.82455500581158
chr9	120360899	122086633	15726	338137	356055.2286	287990	305108.0541	0.0119850001875904	-0.0334262387856042
chr10	1186	5729842	50046	1090108	1110774.9889	919262	942133.7722	0.0115368951023252	0.013971386782078
chr10	5729843	5733943	54	5	1184.91	507	1006.82	-6.89570892514092	-7.84756672823192
chr10	5733944	7164335	17307	377904	383206.5668	323688	326310.7359	-0.00528331968402401	0.0209644159013302
chr10	7164336	7166187	24	239	528.703	463	441.269	-1.21162408641069	-1.10437998390771
chr10	7166188	18803294	137001	2996318	3040267.0379	2525899	2561252.3107	0.00222172971124669	0.0200596097287858
chr10	18803295	18806522	42	447	933.835	773	800.379	-1.00950132637966	-1.02182591934313
chr10	18806523	29423080	126632	2776524	2840323.7834	2368225	2429276.3474	0.00712153114317499	0.0082913777092786
chr10	29423081	29428423	71	1645	1565.5	2104	1344.07	-0.571885749611089	0.112530986161878
chr10	29428424	41295351	133467	2906014	2967200.2072	2451726	2523103.1485	0.0145174143751383	0.011006290299445
chr10	41295352	41295954	8	92	179.571	0	154.293	32.2576089386439	-0.923781702293286
chr10	41295955	56008466	168505	3684840	3740165.5752	3106269	3175073.9212	0.0132838507136882	0.0195667489942314
chr10	56008467	56026550	175	2849	3904.38	1695	3100.266	0.419645481434978	-0.413570939925952
chr10	56026551	57042140	12684	273491	280738.922	231698	234860.2629	-0.0150020873938997	0.00333117371375992
chr10	57042141	57042590	6	3	130.726	72	111.823	-4.80711504487731	-5.40437287847552
chr10	57042591	63321003	68733	1485999	1530484.5008	1245718	1296748.5564	0.0185425621907527	-0.0014883790744116
chr10	63321004	63321548	6	158	132.601	0	114.554	33.4752904546992	0.29389981360153
chr10	63321549	112626397	561042	12104476	12461207.2628	10268464	10505217.996	-0.00584090964731076	-0.000836308425330876
chr11	797	8860931	89986	1985243	2045275.7402	1701487	1752293.636	0.00264527620043263	-0.00191283840533176
chr11	8860932	8862446	19	0	428.889	134	368.062	-33.2161043459879	-33.178214038333
chr11	8862447	10209776	15693	346042	354549.1386	299056	304095.6121	-0.00775249963024869	0.00602847167365263
chr11	10209777	10211351	21	224	470.003	405	404.491	-1.06780893534295	-1.0281043223264
chr11	10211352	10646262	4704	99521	105781.4698	87714	90666.6718	-0.0370722382558352	-0.0469471286854631
chr11	10646263	10648223	24	134	537.533	3	460.713	5.2618182509564	-1.96305341494605
chr11	10648224	12596824	23608	530759	535521.0873	453294	459196.2753	0.00895402211576868	0.028180455256892
chr11	12596859	12598283	19	216	425.426	0	364.608	32.2445806575425	-0.936809983392102
chr11	12598284	20079742	79995	1759322	1811956.8015	1502856	1552837.7057	0.00784787287552129	-0.00146209378966694
chr11	20079743	20084656	29	3	651.374	283	555.19	-6.78702367580942	-7.721312881998
chr11	20084657	39258849	203151	4451842	4544564.2685	3813299	3872002.7201	-0.00452267279262043	0.0113273258224014
chr11	39258850	39273709	7	13	158.148	146	135.634	-3.70776467637039	-3.56362487043618
chr11	39273710	40567498	10259	224174	232534.5918	191727	199244.8943	0.00583945390015983	-0.011759474376915
chr11	40567499	40572702	18	0	409.165	335	349.907	-33.2161043459879	-33.178214038333
chr11	40572703	40685907	1275	28502	29128.502	24679	24934.4813	-0.0133334947560668	0.00969855868478534
chr11	40685908	40691989	6	9	135.723	126	116.912	-4.01942052401256	-3.87352950023602
chr11	40691990	40874959	1967	44224	44857.191	38810	38420.693	-0.0318780483573958	0.0205571512098066
chr11	40874960	40878262	44	0	1003.86	829	861.564	-33.2161043459879	-33.178214038333
chr11	40878263	46701593	59535	1315454	1344094.1032	1118366	1151518.2565	0.0142481324556551	0.0099935624556735
chr11	46701594	46706378	16	135	356.267	1	303.05	6.84658914184621	-1.35893253871964
chr11	46706379	47462957	6642	145104	148666.4247	123048	127088.6695	0.0147992364123441	0.00607533927739237
chr11	47462958	47473156	35	199	787.564	2	672.856	6.4127017907903	-1.94356182445227
chr11	47473157	90463331	473268	10355738	10597304.2059	8832302	9040016.0646	0.00344549573131845	0.00779996970392564
chr12	322	1505031	13361	281813	296515.3546	243400	252215.6004	-0.01886370106407	-0.0323017392655621
chr12	1505032	1507065	23	35	513.2081	177	441.4175	-2.55254604412299	-3.83305020093956
chr12	1507066	2752457	12461	263053	276093.9562	226405	232263.1878	-0.0297745057481283	-0.0287388929970811
chr12	2752458	2779858	208	18	4646.688	1932	3960.617	-6.97325533921688	-7.97099511435742
chr12	2779859	3750649	2374	43909	53105.9469	38535	45423.1907	-0.0339204853457583	-0.233289836599292
chr12	3750650	5421312	8762	176913	197181.5094	153390	168752.5886	-0.0156024016132069	-0.115417294648233
chr12	5421313	5422327	7	13	156.702	74	123.458	-2.84984031172694	-3.55037315251269
chr12	5425514	9284479	33694	704476	745529.4822	614353	630551.5759	-0.0409917137198945	-0.0406479369583651
chr12	9284480	9285890	17	225	384.287	0	330.291	32.4501983807374	-0.731192260234951
chr12	9285891	26853020	175353	3687697	3884894.8905	3151015	3264467.0534	-0.020947982333541	-0.0340885335398884
chr12	26853021	27196765	4059	76315	89824.7543	71033	76573.5617	-0.123612882690359	-0.194079521218202
chr12	27196766	36537502	86799	1843179	1920371.4704	1605166	1629841.9576	-0.0340030473007739	-0.0181223126340733
chr12	36537503	36537919	5	80	110.005	4	90.6992	4.04669732603017	-0.418430283455241
chr12	36537920	36708850	2020	44471	44708.2	36234	37287.9	0.0368654566946276	0.0333922943918403
chr12	36708851	36709453	8	139	175.815	0	151.932	32.8834842726316	-0.297906368404626
chr12	36709454	52716696	189564	4042673	4195659.8301	3446131	3496025.6607	-0.0296733684894537	-0.0125212901898788
chr13	0	28273732	245142	5316719	5551202.4541	4610821	4758038.1919	-0.013744294685616	-0.021197180000609
chr13	28273733	28278308	59	699	1330.47	0	1139.48	32.2938859322435	-0.887504708700622
chr13	28278309	28934387	6539	138098	148456.213	119191	127221.3319	-0.00710315144002591	-0.0632781357632072
chr13	28934388	28938952	21	160	474.817	349	406.4383	-1.34631375898613	-1.52823277301937
chr13	28938953	30937553	18091	407520	412599.8725	350865	353383.1583	-0.00437866399226203	0.0231944000029769
chr13	30937554	30938078	7	72	163.467	2	139.488	4.94424318800942	-1.14186369764282
chr13	30938079	33517306	23369	526621	532665.5443	461858	456208.4698	-0.0310444332599927	0.0246020008205051
chr13	33539748	33818936	129	995	2912.6732	1326	2495.7598	-0.634000491733486	-1.50850849940039
chr13	33820489	33889900	455	10493	10214.1	9016	8786.53	0.00484773390637415	0.0799320323610637
chr13	33889901	33900715	93	692	2098.6	0	1794.913	31.621874284278	-1.55951635650321
chr13	33900716	33909395	93	2449	2111.2899	1691	1814.6353	0.31904765788884	0.255134996655374
chr13	33909396	33955505	335	3182	7595.0051	51	6487.8795	5.73916545389881	-1.21405018693472
chr13	33955506	33962089	2	33	46.3195	17	37.4081	0.651838892283807	-0.448086744895861
chr13	33962090	34029634	360	3609	8084.739	15	6920.305	7.68930379220853	-1.12253514576154
chr13	34029635	41126846	79630	1726132	1781005.8737	1488394	1517529.5333	-0.0140047637959317	-0.00408256984950291
chr13	41126847	41127151	4	66	87.8949	0	75.6485	32.8091441191458	-0.372246521880776
chr13	41127152	41811314	8315	184615	185787.5318	155570	159248.4885	0.0277584944622476	0.0319330019333242
chr13	41811315	41812762	18	206	399.246	0	344.369	32.2678239356555	-0.913566705283598
chr13	41812763	41947674	1519	33085	33791.441	28352	28884.832	-0.000442396876417022	0.0105863162362022
chr13	41947675	41949672	26	295	582.847	1	500.509	7.98802646723798	-0.94133535378539
chr13	41949673	46159166	45400	975670	1008703.5474	841274	861927.4924	-0.00986970614421996	-0.00697015172196772
chr13	46159167	46159621	6	0	136.389	53	116.701	-33.2161043459879	-33.178214038333
chr13	46159622	53505081	89850	1955104	1995031.043	1646550	1682055.064	0.00478937254549232	0.0119010679413522
chr13	53505082	53513250	107	408	2380.7553	805	1949.7585	-1.26536693188257	-2.50371137572214
chr13	53513251	56937407	40053	850276	897605.5363	727468	768623.8132	0.00442013157721122	-0.0370834468352164
chr13	56937408	56939973	34	330	780.677	0	667.937	31.9801978100465	-1.2011928308309
chr13	56939974	57482305	6325	145475	143855.309	121794	123301.843	0.037080685229114	0.0572196918535864
chr13	57482306	57482760	6	0	138.403	121	118.516	-33.2161043459879	-33.178214038333
chr13	57482761	58731910	13270	282283	302499.5701	244706	259048.8601	-0.0144394819288521	-0.0587239337763792
chr13	58731911	58739638	92	946	2078.5	0	1784.39	32.0868268924744	-1.09456374842735
chr13	58739639	59199790	5086	112408	116172.2391	98711	99489.6891	-0.0330078879146496	-0.00645373326399062
chr13	59199791	59211889	46	354	1035.022	632	878.665	-1.06927489538676	-1.50677325699686
chr13	59211890	76101517	190615	4153122	4286786.4996	3547835	3663950.4718	0.00393737481535733	-0.00463340357711885
chr13	76101518	76103317	24	245	536.395	0	460.485	32.0919435117479	-1.08944712915501
chr13	76103318	83798428	91554	2006143	2047520.6378	1700834	1753045.7967	0.0173443995140633	0.0116133636810159
chr13	83798429	83799423	12	140	265.678	5	228.674	4.59414509295805	-0.883185029531439
chr13	83799424	84216338	5375	117831	119725.3338	98322	101585.647	0.0272777019924955	0.0180575986164489
chr13	84216339	84217088	10	176	211.641	26	142.46	2.19110625844071	-0.224976800005965
chr13	84217089	84567145	4298	94605	95463.3646	79842	81103.9419	0.0127700275015552	0.0280361596385092
chr13	84567146	84568206	14	119	311.983	264	265.95	-1.37671213453911	-1.34943893411013
chr13	84568207	84625448	740	16842	16421.9	13632	13950.7	0.0729592900472886	0.0775093249916768
chr13	84625449	84636345	140	4652	3112.54	2683	2665.91	0.57371634380289	0.620825629727563
chr13	84636346	87424133	31700	687330	705518.7123	591122	602838.2805	-0.0061896976834312	0.00338549338562102
chr13	87424134	87428935	19	0	423.863	131	361.28	-33.2161043459879	-33.178214038333
chr13	87428936	94676803	81264	1784874	1812826.209	1511846	1548152.9642	0.0149950441195278	0.0186485198129277
chr13	94676804	94678304	20	2	449.236	430	382.394	-7.97742986793722	-7.77026279108621
chr13	94678305	104854730	116369	2518789	2583590.9105	2153546	2196417.0419	-0.00503290465688502	0.00441953295197418
chr13	104854731	104898509	537	10459	11893.364	10027	10143.087	-0.16562854247823	-0.144345003745789
chr13	104898510	114025099	108497	2371253	2408594.1797	2034659	2047861.0091	-0.0100343590458986	0.0185251729556604
chr14	322	10933029	100954	2150226	2243650.0603	1850109	1908095.4114	-0.013659729786077	-0.0202924646197149
chr14	10933030	10933329	4	52	87.8345	0	73.8454	32.4661814561794	-0.715209184795595
chr14	10933330	17278032	68888	1492615	1533933.3	1283400	1309149.3982	-0.00755820241989124	0.00167324881189171
chr14	17278033	17279137	14	2	310.961	134	263.827	-6.30005401147923	-7.2395229090728
chr14	17279138	39839597	248700	5426357	5593044.6539	4650927	4784212.6124	0.000289929061981557	-0.00258297226581333
chr14	39839598	39847025	18	221	408.683	0	350.301	32.3355216886018	-0.845868952350164
chr14	39847026	40544651	6361	140353	144850.6815	122283	124199.4593	-0.0198949270251815	-0.00443966027115144
chr14	40544652	40545331	9	108	204.444	1	175.404	6.53704000440756	-0.879607500227869
chr14	40545332	40887862	3824	81567	87068.2823	71738	74618.5078	-0.034189082428836	-0.053094759816838
chr14	40887863	40891098	40	162	900.991	0	772.999	30.7469386698407	-2.43445197057566
chr14	40891099	61656736	212746	4635407	4796034.4869	3979206	4102205.0869	-0.00205038122920839	-0.00807910556028364
chr14	61656737	61683390	19	190	421.041	1	362.393	7.3566265209815	-1.1068943970262
chr14	61683391	61953239	3085	67846	70148.6685	58281	60163.6238	0.000890478738695203	-0.00708504834558139
chr14	61953240	61957549	37	366	832.415	650	711.998	-1.05084924039977	-1.144392403089
chr14	61957550	62739018	8303	180974	188111.3553	154489	161164.8065	0.00840472703348116	-0.0147375843025601
chr14	62739019	62746444	39	391	876.596	0	755.703	32.0577140635841	-1.12367657731124
chr14	62746445	98555351	365712	8039076	8187669.0238	6816552	6968003.7433	0.00845673824019664	0.0146438158862487
chr14	98555352	98556176	11	168	256.682	0	219.214	32.6109366552749	-0.57045398572343
chr14	98556177	115493372	174200	3763674	3901221.637	3213679	3333222.9765	0.00408430849170694	-0.0107173818328355
chr15	0	94197	556	11765	12378.618	10165	10473.468	-0.0270433168104917	-0.0322820238596703
chr15	94198	95547	18	164	398.422	405	340.59	-1.52731072513796	-1.23953458636677
chr15	95548	6108293	55096	1185850	1225279.8282	1009486	1044097.8493	0.00462288729414621	-0.00612282474099698
chr15	6108294	6108968	9	8	200.898	104	173.228	-3.91105417364078	-4.60925247729089
chr15	6108969	6597521	5339	115345	120477.7731	98964	103285.0974	0.00202145118575911	-0.0217446309163253
chr15	6597522	6598196	9	0	197.897	99	169.687	-33.2161043459879	-33.178214038333
chr15	6598197	6681080	964	22180	21770.1	18673	18669	0.0297788566965545	0.0679782416841078
chr15	6681081	6681680	8	1	181.285	69	156.282	-6.31945577682421	-7.46104881070014
chr15	6681681	7646684	11428	256013	258694.0359	220028	221817.3556	-0.000167997926543865	0.0260371873297786
chr15	7646685	7654167	96	2	2138.48	941	1834.02	-9.09645057392179	-10.0213029344252
chr15	7654168	7654917	10	203	226.082	185	193.779	-0.0853028407675843	-0.114299495311249
chr15	7654918	7656636	20	0	457.707	243	392.519	-33.2161043459879	-33.178214038333
chr15	7656637	20651720	146153	3197776	3258301.3454	2721914	2786133.5532	0.00976837815665259	0.0140157558517885
chr15	20651721	20651945	3	0	67.0545	40	57.5795	-33.2161043459879	-33.178214038333
chr15	20651946	29353834	66492	1427820	1480109.7062	1235094	1261232.3577	-0.0185001515090578	-0.0108230865516467
chr15	29353835	30404282	480	6051	10757.7741	8536	9202.7951	-0.718445575642006	-0.789067198958229
chr15	30404283	30985145	789	13567	17719.7337	13015	15171.7907	-0.16086251665708	-0.344188271479719
chr15	30985146	31904139	524	6698	11728.7782	8831	10023.3319	-0.622360408400187	-0.767183542080142
chr15	31904140	31950404	105	2236	2368.92	2030	2026.28	-0.0827788693072858	-0.0422423797575457
chr15	31953379	32138539	140	1607	3138.8914	3923	2678.1195	-1.51344558193592	-0.924818275292996
chr15	32157805	34892234	28950	630986	642168.032	527574	542077.3238	0.0169589412599411	0.0157240589329484
chr15	34892235	34893847	21	997	469.939	360	403.081	1.25136948019378	1.12618691399272
chr15	34893848	61632237	284733	6218716	6335901.5934	5284889	5403468.7523	0.00825607841484739	0.0141337152606591
chr15	61632238	61632630	4	52	88.774	0	76.5646	32.4508319709994	-0.730558669973059
chr15	61632631	72468242	113718	2490412	2577623.5863	2145098	2208193.656	-0.00465742327339714	-0.00859025623816395
chr15	72468243	72481667	144	1640	3263.55	1	2803.37	10.4633763249308	-0.951679416955335
chr15	72481668	73728860	13870	304021	316647.198	262182	271072.9984	-0.00741595807125952	-0.0176384223321343
chr15	73728861	73736408	34	409	790.256	3	673.663	6.86387808240157	-0.909152329812928
chr15	73736409	74097842	3702	83807	84566.0969	72389	72382.2498	-0.00996657620672456	0.0280582676979617
chr15	74097843	74107642	54	2544	1246.65	1144	1066.1	0.930474508432615	1.07010909933764
chr15	74107643	75542225	15352	337348	350457.9308	292578	300135.097	-0.0150363193448825	-0.0139367531733095
chr15	75542226	75543079	9	115	207.69	0	177.708	32.3696596589406	-0.811730982017573
chr15	75543080	86827848	128911	2821305	2918593.4786	2425561	2500417.045	-0.00188375505460934	-0.00784372749496459
chr15	86827849	86828523	9	0	198.388	86	169.426	-33.2161043459879	-33.178214038333
chr15	86828524	95309262	94151	2069761	2126555.4542	1790095	1821283.3222	-0.0109584726572994	0.00201262013860379
chr15	95309263	95310312	14	3	313.399	143	271.288	-5.77990756826316	-6.66582733987833
chr15	95310313	96729426	16045	354239	365672.7563	306542	313094.7104	-0.0121391075178213	-0.00476318037560302
chr15	96729427	96731694	29	0	660.979	288	564.477	-33.2161043459879	-33.178214038333
chr15	96731695	97045738	3769	83337	85848.1944	72180	73431.4012	-0.0148560358217491	-0.00176371417102193
chr15	97045739	97046402	7	0	163.057	74	138.548	-33.2161043459879	-33.178214038333
chr15	97046403	105433303	94666	2066352	2130119.889	1775589	1822871.7326	-0.00275661982261235	-0.00278168478828551
chr15	105433304	105437135	51	626	1131.94	1	966.796	9.06568123138582	-0.813496015136111
chr15	105437136	106442861	12568	271106	278395.4418	235329	236966.438	-0.025098319786458	0.00278836334526548
chr15	106442862	106451432	108	974	2372.078	1749	2020.162	-1.0730404693646	-1.24309086185961
chr15	106451433	106498168	615	13786	13542.5	12042	11562.7	-0.0297102698816807	0.0667767403020274
chr15	106498169	106521936	311	3236	6841.44	0	5782.26	32.1423691411109	-1.0390214998028
chr15	106521937	109985517	28868	627714	641916.2285	531220	546101.9349	0.0107597585466226	0.00878926190303035
chr15	109985518	109998201	51	841	1152.0574	358	982.7805	1.00605135390614	-0.412967982942239
chr15	109998202	110183669	2211	48646	49968.9349	41735	42809.4764	0.00113873693674449	0.00235662551539875
chr15	110183670	110184119	6	114	138.071	3	118.385	5.02918007389339	-0.235309597165037
chr15	110184120	111239624	9808	216300	222902.9833	186122	190947.9179	-0.00327506346033769	-0.00231534955108788
chr16	17697	59897773	611307	13321991	13717417.0698	11358471	11696873.9652	0.00333183476056417	-0.00113223079147517
chr16	59897774	59901598	48	504	1065.57	856	911.047	-0.987038442169581	-1.03906282085213
chr16	59901599	66894441	77722	1688273	1736446.2723	1449392	1486087.813	-0.00134142690249635	0.000477350011178955
chr16	66894442	66894891	6	4	139.162	135	119.542	-5.29288672176274	-5.07955459247148
chr16	66894892	71350242	46536	1015576	1038670.1073	872130	886547.3336	-0.00560824154270372	0.00862760588334472
chr16	71350243	71417526	763	14017	16848.6819	13238	14250.0097	-0.156003794740304	-0.224391212320854
chr16	71417527	72206325	9449	204550	209490.261	172210	178309.4616	0.0189613020572968	0.00663727193051198
chr16	72206326	72208630	20	323	444.929	107	380.848	1.37274015531258	-0.42097405925133
chr16	72208631	78865248	74291	1617693	1655277.5028	1378841	1412912.6759	0.00525754636560854	0.00793165368651595
chr16	78865249	78866122	11	45	251.001	125	216.116	-1.68664181209391	-2.4386292940533
chr16	78866123	90665174	135074	2950657	3016111.1875	2521037	2560680.5768	-0.00596677885037235	0.00941352083967418
chr16	90665175	90668716	23	427	506.7733	624	432.1907	-0.773805844237541	-0.20603753568843
chr17	1040	8916508	95139	2057066	2113520.1716	1762093	1793120.2671	-0.0107010099397244	0.00200711186210304
chr17	8916509	8923218	86	1019	1899.261	886	1613.802	-0.0300225437160746	-0.857217214649567
chr17	8923219	48010065	419263	9011091	9338217.3299	7710142	7956589.8046	-0.00287598108303211	-0.0103784663055418
chr17	48010066	48283895	367	7470	8322.1254	7473	7111.2062	-0.224260413860788	-0.114776873743341
chr17	48283896	88135728	425948	9223249	9524933.6187	7906996	8147246.71	-7.44876505548784e-05	-0.00536708069570258
chr17	88135729	88136253	7	0	156.002	73	134.894	-33.2161043459879	-33.178214038333
chr17	88136254	89385792	14283	313420	320067.5898	266088	274326.3023	0.0168867553013235	0.0107875586125057
chr17	89385793	89463173	212	3090	4708.7205	670	3997.448	1.97229461656965	-0.566661340867442
chr17	89464669	89653336	1809	36469	40774.0432	31392	34821.4612	-0.00822398272201454	-0.119913471755037
chr17	89653337	89659072	32	480	723.842	3174	604.01	-2.98312159885422	-0.551573504069215
chr17	89659073	90616926	8032	175809	180201.8156	149314	154241.9123	0.0144173840866594	0.00546229047595465
chr17	90616927	90617165	3	0	66.3576	61	56.5614	-33.2161043459879	-33.178214038333
chr17	90617166	90843705	2871	63695	63820.9397	52755	54449.6312	0.0459413201008788	0.0382171863269031
chr18	0	11711898	126047	2707616	2828100.1835	2328680	2417227.1027	-0.00579285667780777	-0.0217431695721922
chr18	11711899	11805830	1123	35498	25167.2847	20185	21554.7923	0.594089848217094	0.537255081944568
chr18	11805831	38376908	283491	6225323	6345646.9136	5319545	5418617.3962	0.0021799786535721	0.0134483552216608
chr18	38376909	38538371	694	13001	15726.1865	12944	13457.9061	-0.215199223100413	-0.233479362569051
chr18	38538372	40903112	21569	470400	484960.1154	401314	415565.2404	0.00954206282021657	-0.00291112967167338
chr18	40903113	40905621	33	311	736.326	632	625.935	-1.25416517079819	-1.20236315337822
chr18	40905622	40976494	674	13918	15105.245	11928	12979.509	0.00696257743277275	-0.0770307608724413
chr18	40976495	40978069	21	213	471.448	446	405.808	-1.27931502287434	-1.10517831128753
chr18	40978070	44748345	41377	901707	932047.7635	778837	798814.3708	-0.00802970060207261	-0.0066782567166872
chr18	44748346	44754130	77	831	1707.9	1479	1451.02	-1.06368116804974	-0.998236212617441
chr18	44754131	46142204	14691	318496	331602.2662	272044	284143.2342	0.00777634396513124	-0.0171117019366588
chr18	46142205	46145954	50	549	1141.18	947	980.356	-1.00253040119408	-1.01458140280231
chr18	46145955	54524786	96356	2134714	2157686.0927	1831878	1848174.9171	0.000512286269780426	0.0256247152154
chr18	54524787	54529551	62	700	1399.67	0	1199.43	32.2227976556757	-0.958592985254564
chr18	54529552	60530511	67825	1500908	1510607.1739	1276750	1285743.6571	0.00401058486830021	0.0317739151929328
chr18	60530512	60535612	68	4	1499.98	638	1282.87	-7.53980426700487	-8.50966058468013
chr18	60535613	61053680	4645	96938	102657.9521	82874	87080.3465	-0.00810696935922904	-0.0416442526521975
chr18	61053681	61054880	16	0	354.014	320	302.903	-33.2161043459879	-33.178214038333
chr18	61054881	61798643	8730	189076	193295.3659	163072	164413.7991	-0.0168418980954142	0.0092261093473331
chr18	61798644	61799384	9	131	200.181	2	171.06	5.80979698862951	-0.570671326042729
chr18	61799385	63311134	17096	368452	380254.1118	314046	324211.0492	0.00364680461782019	-0.00442025283681254
chr18	63311135	63312919	23	205	515.223	483	406.853	-1.57391204548375	-1.28850617740959
chr18	63312920	70722119	87556	1898885	1957914.4673	1629065	1674652.3551	-0.00117113708607503	-0.00309829476329165
chr18	70722120	70725079	38	920	840.247	1384	720.554	-0.807668506815315	0.171887285267247
chr18	70725080	70871160	1878	41330	41543.019	34790	35085.5176	0.00796287057234197	0.033650211367598
chr18	70871161	70871835	9	95	198.711	4	164.536	4.30076374353986	-1.02360540834343
chr18	70871836	76937529	62665	1357808	1391864.9212	1156435	1179928.5842	-0.00354774870984954	0.00532719511500739
chr18	76937530	76939329	24	3	534.256	189	449.152	-6.22443075744584	-7.43535795808596
chr18	76939330	77216193	2359	50286	52160.7746	43115	43671.9263	-0.0311156048810152	-0.0117415846048297
chr18	77216194	77217318	15	0	331.458	125	271.915	-33.2161043459879	-33.178214038333
chr18	77217319	84407142	78095	1700649	1743331.4575	1449518	1484124.8691	0.00145435240333497	0.00530542858910012
chr18	84407143	84410543	41	693	937.244	276	805.826	1.11340735795386	-0.394502421674433
chr18	84410544	86399722	22316	488562	506285.769	415080	433987.4079	0.0160300905164103	-0.0103433657555143
chr18	86399723	86403308	42	11	945.858	383	814.747	-5.33386383063554	-6.38498125874041
chr18	86403309	88201446	12510	267414	284612.3674	227910	243547.2721	0.00899084373995863	-0.0488564454376899
chr19	0	25563482	281044	6138632	6276972.1241	5249135	5340823.3303	-0.00399255369088862	0.00891529417830685
chr19	25563483	25564778	17	1	375.551	199	305.684	-7.93041578112196	-8.51179806475294
chr19	25564779	26359988	8907	193161	197234.4328	158965	163296.7723	0.0118561227381557	0.0109593116331354
chr19	26359989	26360588	4	1	92.668	125	79.0567	-7.19179116073661	-6.49293240614523
chr19	26360589	27097170	422	2403	9472.8675	2287	8056.2428	-0.159137155818654	-1.93789764561268
chr19	27097171	27179901	20	45	453.152	178	386.9175	-2.20867280126029	-3.29093123363068
chr19	27179902	50419049	249760	5392626	5555669.9333	4628193	4732199.5997	-0.0077344076119285	-0.00190599883900063
chr19	50419050	50419142	1	17	21.3508	316	17.7005	-4.48364131464802	-0.287688470578734
chr19	50419143	62275498	138473	2975685	3067640.5645	2536000	2565457.9888	-0.0240693804175356	-0.0028407277026037
chr20	747	4008	7	503	158.434	15	136.006	4.8504889225843	1.70774333903924
chr20	44062	168423	158	1968	3520.7799	1503	2950.0937	0.136927551233703	-0.798097909100991
chr20	168424	186803	93	1025	2060.6202	384	1740.5238	1.17606521634839	-0.966387800730433
chr20	186804	198546	127	2243	2815.9143	2071	2373.0274	-0.128595999071847	-0.287106896278687
chr20	198547	200024	19	3	423.155	391	362.489	-7.24613466938485	-7.0990129717952
chr20	200025	259836	658	11946	14790.6939	10907	12575.3069	-0.0996462374092595	-0.267095199923925
chr20	259837	266446	85	1733	1915.535	1502	1630.778	-0.0226235425084972	-0.103408821234504
chr20	266447	266821	5	0	112.75	85	97.1502	-33.2161043459879	-33.178214038333
chr20	266822	360345	951	21065	21472.4	17996	18368.2	0.00507505034186995	0.0134313743484081
chr20	360346	360733	3	0	67.8044	72	58.3837	-33.2161043459879	-33.178214038333
chr20	360734	452023	746	15831	16890.955	13300	14466.993	0.0310169326569636	-0.052431599116858
chr20	452024	525928	198	5136	4486.785	115	3836.317	5.25815591746491	0.236030059236405
chr20	525929	653822	967	21873	21956.3	18732	18791.8	0.00229107430187534	0.0355830612238841
chr20	653823	656279	15	394	338.367	74	288.572	2.18611750555679	0.260673667094771
chr20	656280	661034	63	1496	1450.52	1126	1238.57	0.185185170260796	0.0856068981248094
chr20	661035	662961	22	613	507.9293	175	435.6731	1.59032709483743	0.312326286078376
chr20	662962	781958	934	20592	21032.9281	17666	17981.5369	-0.00184822923943965	0.010501160455107
chr20	781959	794682	128	5092	2902.69	2387	2490.77	0.875411759586202	0.851908825876791
chr20	794683	814764	161	2588	3647.913	2199	3121.2989	0.0132418116391847	-0.45416679463951
chr20	814765	1071694	972	20665	22061.7119	19439	18881.0295	-0.133195349610326	-0.0532884681911099
chr20	1071695	1161878	153	3534	3483.53	2842	2991.15	0.0977223608597721	0.0618189628037333
chr20	1161879	1172808	78	3446	1785.88	11	1531.44	8.07270565174949	0.989354468573106
chr20	1172809	1284340	717	15258	16230.148	12782	13906.742	0.0357371948889126	-0.0480433770842773
chr20	1284341	1286238	16	0	361.908	202	305.0302	-33.2161043459879	-33.178214038333
chr20	1286239	1602974	1577	32153	35579.7568	27337	30512.2189	0.0156054771004953	-0.10503638572271
chr20	1602975	1606134	39	1429	884.371	778	760.158	0.661988057482077	0.733349204397687
chr20	1606135	2872493	10439	222225	232481.8981	187081	197977.561	0.0197532202628945	-0.0240303493127857
chr20	2872494	2876482	5	0	110.451	82	94.1585	-33.2161043459879	-33.178214038333
chr20	2876483	2883504	17	585	376.182	104	320.7096	2.26486641957603	0.678072716590661
chr20	2883505	3242623	1083	23843	23941.0809	16880	19889.7056	0.23396110342819	0.0351443932240195
chr20	3242624	3245423	19	2	418.106	188	354.148	-6.79092858497739	-7.66665799589585
chr20	3245424	3250994	17	121	375.2942	263	310.6906	-1.38942255000756	-1.591948035718
chr20	3250995	3266018	55	19	1216.2	476	1026.88	-4.88782653780276	-5.95917034608169
chr20	3266019	4034151	7568	151053	167563.4501	124251	138669.8045	0.011920156018522	-0.108585746633579
chr20	4034152	4044844	122	2656	2705.37	1041	2284.43	1.11046999876112	0.0144961396009103
chr20	4044845	4046353	20	485	439.805	4	339.599	6.55198573256262	0.182187652154436
chr20	4046354	4047628	17	333	382.228	232	313.181	0.237137198529008	-0.157844378385664
chr20	4047629	4048153	7	122	156.546	13	120.058	2.85061911518355	-0.318638587274123
chr20	4048154	4065352	206	4536	4579.73	9	3897.98	8.74792060613875	0.0272250048589032
chr20	4065353	4071972	87	1501	1916.022	742	1616.827	0.774660680421498	-0.311123238687492
chr20	4071973	4073472	20	421	440.758	25	373.747	3.83907207764293	-0.0250996115078351
chr20	4073473	4098115	322	4757	7136.335	3664	6005.795	0.130981014779485	-0.544064405026826
chr20	4098116	4099183	11	218	247.324	37	212.553	2.34332793895961	-0.141007198068879
chr20	4099184	4267967	1850	40841	40984.521	34192	34737.997	0.0209714147211697	0.0360059652794285
chr20	4267968	4278129	46	116	1016.752	27	858.877	1.86282570518186	-3.09070420638258
chr20	4278130	4281483	24	543	533.66	2	443.4501	7.8208358510894	0.0660982292282629
chr20	4281484	4989286	5498	113375	121960.3186	90496	99254.5283	0.0311462280970333	-0.0642423628040317
chr20	4989287	4989588	4	97	87.8049	0	74.6051	33.3661408466738	0.1847502055857
chr20	4989589	5381207	2670	55681	59229.673	45345	48308.8682	0.00538617652202999	-0.0480680890873183
chr20	5381208	5388349	22	3	486.531	85	397.256	-5.11371454981413	-7.30035848637376
chr20	5388350	5497967	1007	20556	22397.0639	15869	18079.3612	0.0675590282740139	-0.0826831493942552
chr20	5497968	5498492	7	0	155.593	71	127.337	-33.2161043459879	-33.178214038333
chr20	5498493	18214128	138444	2951418	3079004.4492	2510916	2576515.6507	-0.0206714992613718	-0.0199887818279491
chr20	18214129	18216533	30	317	662.503	561	564.5837	-1.05108083735066	-1.02237723630024
chr20	18216534	19756734	18353	381278	406796.65	335256	346150.039	-0.0441535479237885	-0.0523975988709872
chr20	19756735	19760499	48	633	1062.47	982	888.654	-0.888069311606051	-0.706077790207393
chr20	19760500	21013488	15283	319951	338384.4189	283100	287696.0828	-0.0544017332960475	-0.0397452540740395
chr20	21013489	21014014	7	76	158.623	1	135.721	6.02614608786715	-1.02046373943269
chr20	21014015	27611241	75086	1626615	1680614.339	1409190	1437644.1261	-0.0150988189044768	-0.00604896464812292
chr20	27611242	27615300	54	638	1210.64	1091	1037.48	-0.993532568453418	-0.883074684216698
chr20	27615301	32993911	62725	1356411	1392739.9369	1145415	1173045.5124	-0.000566312786967071	0.00293540795774732
chr20	32993912	33000658	27	303	608.045	513	525.035	-0.968228928004225	-0.963793393605021
chr20	33000659	56205872	255482	5494175	5736112.6395	4723115	4897577.4312	-0.00666424906874938	-0.0211035799457045
chrX	598	21257706	185824	4039638	4173269.5651	3460150	3568255.8585	0.000608991882896639	-0.00588518530630082
chrX	21257725	21260346	31	336	691.333	643	589.86	-1.1621891147438	-0.999852648865702
chrX	21260347	22594729	12116	264851	271861.3783	223781	232504.5178	0.0206575469758007	0.00337665555916218
chrX	22594730	22609966	95	727	2145.494	1183	1819.1392	-0.937300126173677	-1.5202156862866
chrX	22609967	23792750	9831	209118	221162.4208	180103	189289.8321	-0.00583771240601098	-0.0397221092414425
chrX	23792751	23823061	93	1119	2100.6	16	1797.86	5.90665012210171	-0.867524520474433
chrX	23823062	38341651	143539	3143318	3229316.171	2690626	2768347.6414	0.00531939371763369	0.00212644624467859
chrX	38341652	38346652	53	2278	1193.1116	907	1018.522	1.103518042103	0.974105663047884
chrX	38346653	39069031	7522	163506	169205.0491	139914	145105.6693	0.00631112017527496	-0.00836213092293767
chrX	39069032	39070083	14	162	311.289	0	266.659	32.2801967675862	-0.901193873355269
chrX	39070084	39101905	340	7511	7724.482	6297	6630.2674	0.0371457995299547	0.000633719006949536
chrX	39101906	39103001	11	121	252.618	1	216.385	6.69868286234086	-1.02088348199331
chrX	39103002	55669568	157453	3469778	3574614.007	3003947	3061150.1691	-0.012553040966796	-0.00187719427829572
chrX	55669569	56017113	3796	74958	86655.0819	72124	74178.6363	-0.165500961278022	-0.168134988134937
chrX	56017114	63559811	75915	1667368	1724821.5829	1442861	1476506.9694	-0.0124421367264784	-0.00780767269842638
chrX	63559812	63594080	267	6305	5989.9758	7526	4641.7767	-0.620083369023292	0.115013106813222
chrX	63594081	100623271	346585	7505647	7852317.4642	6445042	6718994.7097	-0.00190982408193295	-0.0240751504726916
chrX	100623272	100630120	6	20	132.847	94	113.449	-2.4572059096262	-2.69062683211266
chrX	100630121	112386400	116455	2547892	2630331.1277	2183126	2252421.607	0.00231779665653742	-0.00487339261047967
chrX	112386401	112394603	67	1644	1493.2	1949	1113.03	-0.666262123482419	0.179869795937659
chrX	112394604	113107240	7742	169476	174879.725	145706	149864.5689	-0.00150639769464554	-0.00421514328904463
chrX	113107241	113110167	38	434	849.311	707	729.776	-0.919677798683552	-0.927530981910308
chrX	113110168	155776346	407522	8907997	9212932.4308	7647621	7891685.7169	-6.02826477064927e-05	-0.00749244915452744
chrX	155776347	155847540	219	3513	4854.9941	3344	3853.6583	-0.25893555539727	-0.425699055119455
chrX	155847541	159969947	31557	692299	704110.2585	586756	599777.5123	0.0104372473696492	0.016660812914258
