chrom	start	end	binNum	tumor	tumor_expect	normal	normal_expect	log2.copyRatio	log2.TumorExpectRatio
chr1	987	31272479	310311	6742042	7025386.1121	5762685	5951288.6444	-0.00801553268579967	-0.0165915894599096
chr1	31272480	31385444	126	1207	2844.664	10	2424.836	6.68982618902839	-1.19403226789751
chr1	31385445	31518619	1298	29308	29433.26	24796	25003.826	0.0108040764387598	0.0366474913362794
chr1	31518620	31522345	48	526	1086.98	987	932.395	-1.12438406811229	-1.00439037759987
chr1	31522346	71804812	361099	7899060	8189636.0402	6639021	6867970.89	0.0017104914353419	-0.00931804389983099
chr1	71804813	71808502	9	4	204.368	87	172.249	-4.68470176208277	-5.63222518569422
chr1	71808503	73406293	14895	325080	339486.0504	268745	280675.5485	0.00502341690942539	-0.0197571822562013
chr1	73406294	73424261	123	7	2784.785	1008	2362.042	-7.40254086831649	-8.59319494038937
chr1	73424262	73424973	6	136	134.643	183	115.306	-0.646993198330327	0.0572677376504721
chr1	73424974	73457727	141	13	3190.159	1219	2733.119	-6.76920729229695	-7.8961725488743
chr1	73457728	81444235	64944	1435566	1484788.6219	1179293	1219420.6004	0.00455115659270408	-0.00583758704644443
chr1	81444236	81446562	30	0	681.528	335	562.37	-33.2143655095059	-33.1764806358078
chr1	81446563	82600241	11492	260750	266204.6795	204735	209287.8174	0.00677733911936076	0.0129316339566421
chr1	82600242	82600920	9	0	207.235	96	166.048	-33.2143655095059	-33.1764806358078
chr1	82600921	91462190	78646	1742666	1800549.2236	1437788	1471106.5645	-0.00917472387268433	-0.00434063889674059
chr1	91462191	91462565	5	47	102.371	1	65.7369	4.92047252881552	-1.08027410644504
chr1	91462566	97687380	59395	1315473	1349017.2598	1108947	1119914.8305	-0.0172131265707303	0.00647314404647958
chr1	97687381	97692228	53	2386	1204.64	1091	1017.34	0.890058226766764	1.02879228673935
chr1	97692229	97694760	29	655	652.936	543	559.94	0.0537888049269955	0.0473536323876126
chr1	97694761	97697849	40	494	904.895	1	783.132	8.74478765996828	-0.830439042837381
chr1	97697850	148462921	487422	10708854	11069490.088	8976084	9278631.0928	0.00495657077906524	-0.00498435379942222
chr1	148462922	148629303	131	691	3108.3819	1107	2161.7253	-1.19896272799535	-2.12660583665617
chr1	148629304	148651923	165	2156	3842.8539	2173	2901.3886	-0.41185014814118	-0.791020636756207
chr1	148651924	148663094	35	322	827.983	895	579.309	-1.98517962252584	-1.31974014509347
chr1	148663095	154087072	49974	1096602	1132258.6646	937853	968818.3408	0.00561623575651718	-0.00336325646757036
chr1	154087073	154087852	6	2	135.065	114	114.072	-6.07168372366734	-6.03470973801542
chr1	154087853	158840013	44043	983133	997105.4515	830446	850854.9197	0.0195827484709859	0.0224408246731249
chr1	158840014	158845864	42	1500	954.191	832	802.37	0.605212093481193	0.695412829985933
chr1	158845865	158847683	24	188	544.4458	407	455.6837	-1.36613636202572	-1.4912554592981
chr1	158847684	167755696	106612	2413784	2426969.7614	1989102	2019404.5079	0.0188685545982618	0.0349407605179945
chr1	167755697	167756296	8	4	182.855	82	157.924	-4.56410620160547	-5.47175594648725
chr1	167756297	180497234	121149	2702541	2749301.0656	2250156	2308148.6956	0.0168781883568721	0.0180519187325166
chr1	180508974	182072180	1093	12694	24741.8045	13645	21106.3359	-0.328584786306492	-0.920003663496814
chr1	182072181	215003303	341222	7664327	7752199.3226	6301629	6435985.6152	0.0189051706208105	0.0263537630210207
chr1	215003304	215004133	11	2	247.962	91	212.567	-5.72508059625812	-6.91117490438563
chr1	215004134	215451956	3031	63470	69068.4346	51380	56614.6687	0.0229327653244101	-0.0791513702468956
chr1	215451957	215453375	18	0	404.682	185	340.585	-33.2143655095059	-33.1764806358078
chr1	215453376	215453900	7	140	156.202	126	131.643	-0.0898635835614576	-0.115185785372287
chr1	215453901	215465787	143	6	3236.71	1301	2716.09	-8.00852409429377	-9.03254950301831
chr1	215465788	238922078	241966	5431712	5515180.4788	4447456	4577437.1303	0.0244740677368762	0.0207992029578881
chr1	238922079	238924256	29	5	663.733	333	554.442	-6.31210127820192	-7.00973076773238
chr1	238924257	271140489	334536	7530158	7588762.588	6303307	6360612.6318	0.00678771164754365	0.0316157883045744
chr1	271140490	271141014	7	84	157.886	0	137.069	32.3137743704148	-0.867621704489614
chr1	271141015	282763000	122572	2715601	2783519.5919	2270735	2320675.0671	0.000661908980194344	0.0071615972152083
chr2	0	5687042	37356	842325	846515.5628	717568	722308.7236	0.00725587316097329	0.0356407071342499
chr2	5687043	5692478	34	423	768.041	0	658.909	32.3636707238201	-0.817725351093536
chr2	5692479	6033003	3442	78429	77993.623	69194	66613.5519	-0.0418847579831481	0.0508313492420324
chr2	6092261	6093389	15	166	337.701	0	287.426	32.1996331783542	-0.981762896527885
chr2	6108381	14548646	86227	1940804	1953789.2546	1667375	1672264.826	-0.000480264421797174	0.033179882726432
chr2	14548647	14552065	42	364	956.3109	597	810.821	-0.946973306633954	-1.35074095577061
chr2	14552066	18639309	44084	961230	1000131.8266	831256	859055.1152	-0.00486330710814074	-0.0144362790186221
chr2	18639310	18639834	7	77	158.942	0	136.131	32.1786263357765	-1.00276973910129
chr2	18639835	19192565	6241	139722	141254.815	121467	121039.075	-0.0159169578013565	0.0270594661477773
chr2	19192566	19194729	28	0	632.321	297	537.61	-33.2143655095059	-33.1764806358078
chr2	19194730	27876207	94200	2059217	2135807.557	1735075	1787160.4713	-0.00509919742499676	-0.00988547930739785
chr2	27876208	27876756	7	0	157.865	70	131.985	-33.2143655095059	-33.1764806358078
chr2	27876757	34936033	82528	1810489	1869782.334	1526552	1570169.1685	-0.000932213217764427	-0.00369060751531788
chr2	34936034	34937308	17	197	384.421	0	327.516	32.2597048686784	-0.921691206215664
chr2	34937309	52404049	177654	3896314	4021237.4813	3314512	3414487.9264	0.00225860372943836	-0.00272927891187327
chr2	52404050	52409079	60	3	1358.64	1137	1146.87	-8.80559990051683	-8.78018464014427
chr2	52409080	52631181	2258	52599	51167.1772	46095	42922.9855	-0.0581276753977664	0.0826170401158607
chr2	52631182	52662609	14	231	314.026	455	263.803	-1.22448129585678	-0.400190848093182
chr2	52662610	52665654	8	48	180.175	368	150.284	-3.1953914392782	-1.86549222079214
chr2	52681835	52712152	20	435	450.7614	777	377.4645	-1.08800676932573	-0.00854826448145695
chr2	52712153	52723169	60	1227	1370.843	1074	1123.288	-0.0902787884640037	-0.117127789274859
chr2	52723170	52742630	71	928	1605.6461	1680	1350.1651	-1.10136719411774	-0.748156920109095
chr2	52742631	52778738	59	1418	1342.2803	1204	1115.4264	-0.0261530698042372	0.121971873798978
chr2	52778739	52779918	8	151	181.575	29	148.868	2.09880727476751	-0.223216717268338
chr2	52779949	52821747	72	738	1647.479	872	1356.359	-0.516312874675709	-1.11576704089389
chr2	52821748	52824328	17	287	382.9103	836	325.4309	-1.77219199082597	-0.373155417965755
chr2	52832319	52842239	69	1759	1581.41	2009	1286.48	-0.484589065734309	0.196344343373853
chr2	52842240	52971658	1069	24071	24262.442	20231	20288.5188	-0.00241733712010538	0.0313716271113978
chr2	52971659	52989887	46	92	1046.2765	437	880.4603	-2.49194637780237	-3.46468617759115
chr2	52989888	53387421	4387	93869	99184.7577	79674	84322.5609	0.0072554752707207	-0.0366693269258405
chr2	53387422	53389395	25	1	565.706	275	486.839	-8.31498005080788	-9.10110826769276
chr2	53389396	131682460	810749	17631035	18368351.2007	15096929	15635504.2886	-0.00361888114853112	-0.0163046502231978
chr2	131682461	131686908	39	338	889.1074	4	752.7171	6.16554489468504	-1.35253414041685
chr2	131686909	138234897	57295	1243279	1300202.5827	1093828	1118506.1945	-0.0274835543539983	-0.0217860288008043
chr2	138234898	138238908	53	491	1198.82	0	1022.75	31.9363762601443	-1.245019814679
chr2	138238909	140466775	26013	576278	588830.4205	490107	500698.7355	0.00467423673326731	0.0117130509640901
chr2	140466776	140467380	7	2	157.421	112	133.764	-6.03737758822914	-6.25568387490895
chr2	140467381	146605684	68973	1542483	1561780.8461	1299157	1315665.1746	0.00519459917492534	0.0248628781870083
chr2	146605685	146606687	12	2	272.436	98	229.415	-5.85775202881754	-7.04697321235175
chr2	146606688	151284389	48883	1076207	1106862.7226	909933	941107.3378	0.0129936880868697	0.00227960431735505
chr2	151284390	151285454	14	132	317.264	1	273.013	6.8325953409223	-1.22234558469475
chr2	151285455	151525006	2561	57501	57984.513	49135	49636.486	0.00748478926365499	0.0307197350483924
chr2	151525007	151529733	52	654	1179.16	1043	1010.12	-0.891693976038692	-0.807596636458625
chr2	151529734	161473564	61866	1321587	1400269.1002	1128121	1192689.5061	0.00177942991095745	-0.0406323934653157
chr2	161473565	164336024	5186	101854	117651.6738	90410	99912.5572	-0.0589201113159052	-0.165218893535481
chr2	164336025	187744094	251736	5527677	5708100.6244	4704871	4846240.7623	0.00128890171270792	-0.00353713729371539
chr2	187744098	187748374	47	1166	1058.38	4	888.477	7.93981611067334	0.182510397074599
chr2	187748375	191381172	36812	830137	839598.2728	674786	692282.7379	0.0254970220611271	0.0264505628535878
chr2	191381173	191382557	16	44	359.418	196	309.136	-2.36778377679616	-2.98728691910898
chr2	191394065	192494546	5678	123458	128579.5195	105920	109872.9411	-0.00086399610987382	-0.0158402260773256
chr2	192494547	192495703	15	0	341.182	293	292.89	-33.2143655095059	-33.1764806358078
chr2	192495704	192528010	259	4951	5894.5078	4548	5026.8872	-0.102302900379411	-0.208851088556214
chr2	192528011	192529921	25	0	569.138	550	490.001	-33.2143655095059	-33.1764806358078
chr2	192529922	210658150	177141	3918589	4020787.9697	3255401	3358528.3237	0.0127653742126692	0.00565631770658077
chr2	210658151	210661046	16	172	362.226	1	299.93	7.15891587906329	-1.0316812260386
chr2	210661047	215820957	52787	1169931	1197443.4111	990585	1015413.3339	0.0070958360125469	0.00926627995155474
chr2	215820958	215821590	8	104	180.412	0	156.854	32.4294846147954	-0.751911460129882
chr2	215821591	216027555	2178	46746	49434.7954	41309	42557.3083	-0.0328177325024876	-0.0378836274570819
chr2	216027556	216029487	23	262	522.855	0	448.707	32.2273522913617	-0.9540437835259
chr2	216029488	223340819	78819	1720851	1784625.6224	1476230	1524055.4968	-0.00158590821792867	-0.00969895821542265
chr2	223340820	223341794	13	188	294.468	6	251.535	4.74719007890526	-0.604577888913063
chr2	223341795	224703484	15662	347961	353955.2011	294530	301451.4465	0.0137853418356969	0.0181591540030156
chr2	224703485	224704870	18	5	404.782	145	337.6	-5.11489578418078	-6.29627290728855
chr2	224704871	225010388	3706	81385	84020.6079	67272	70134.3555	0.0190503076818308	-0.00317999363427652
chr2	225010389	225011144	10	0	225.801	88	188.204	-33.2143655095059	-33.1764806358078
chr2	225011145	228986850	46492	1027271	1053895.7279	875189	890585.2334	-0.00684078623105827	0.00588500207330255
chr2	228986851	228993785	38	3	858.407	382	736.561	-7.20840769728673	-8.11775517550808
chr2	228993786	248425822	210742	4620574	4771730.9495	3945798	4046216.3164	-0.0052688268337186	-0.00364030238811217
chr2	248425823	248430696	25	2	565.843	271	483.642	-7.303695859482	-8.10145765124322
chr2	248430697	248432473	16	52	370.967	163	296.057	-1.96878888619891	-2.79190701270312
chr2	248432474	248563261	1221	26777	27629.7452	22614	23617.5424	0.0223301642851554	-0.0024276092558714
chr2	248563262	248564386	15	62	339.447	192	282.192	-1.89235999678056	-2.41004590051418
chr2	248564387	248593929	168	3234	3805.9252	2230	3219.8915	0.299956275124446	-0.192127215741966
chr2	248593930	249204195	7126	158172	161136.9304	132819	136799.8858	0.0207279784981324	0.0160073680833813
chr2	249204196	249205395	16	0	362.611	173	311.392	-33.2143655095059	-33.1764806358078
chr2	249205396	257362654	96759	2131461	2190265.3954	1831412	1852065.1158	-0.0181691531631816	0.00353727892390043
chr2	257362655	257363408	8	8	181.337	93	148.337	-3.82403819548031	-4.45972919604061
chr2	257363409	266433159	104619	2305178	2369528.5821	1976057	2003303.5323	-0.0150500014044847	0.00307840604459841
chr3	534	13001303	130438	2991207	3005345.8004	2387733	2409408.0695	0.0111494274816396	0.0359970661787208
chr3	13001304	13002834	19	203	426.517	4	357.493	5.41556309146183	-1.02832320446151
chr3	13002835	15645058	29413	662706	672185.642	539252	549214.383	0.0108344795425176	0.0223095677786859
chr3	15645059	15657578	62	854	1411.255	360	1198.032	1.01484235355903	-0.681870404135048
chr3	15657579	16048986	3351	74773	76037.695	63794	64837.6759	0.00412969520732409	0.0186029314917479
chr3	16048987	16054134	66	0	1498.04	657	1279.2	-33.2143655095059	-33.1764806358078
chr3	16054135	20901841	30371	591764	688340.6705	507490	589876.5278	0.00384822668892293	-0.175300507888157
chr3	20901842	20904909	35	202	793.385	435	691.203	-1.30065631097415	-1.93086551506046
chr3	20904910	20908576	26	18	590.914	274	503.338	-4.15461230001007	-4.99407905033829
chr3	20908577	21141795	2382	52971	53967.285	47522	46264.615	-0.0606532949331717	0.0159179480043905
chr3	21141796	21145686	48	549	1083.51	950	935.146	-0.998654864233558	-0.938034100812977
chr3	21145687	23272126	22813	511220	518789.0287	422399	433965.1041	0.0226843665311767	0.0215966219233981
chr3	23272127	23275402	41	2	932.781	386	771.319	-7.86175231739136	-8.82259421172108
chr3	23275403	23690889	4540	103260	102818.5627	85649	86985.4348	0.0334336408967913	0.0489810665038821
chr3	23690890	23695375	59	1	1332.05	598	1139.51	-9.44432078554649	-10.3366320160341
chr3	23695376	25295821	16176	342903	366826.8735	301159	314537.437	-0.0296770016290992	-0.0544984942697927
chr3	25295822	25297056	16	163	362.596	2	317.733	6.16309549796827	-1.11069073214796
chr3	25297057	28256223	34189	754544	774627.0834	654324	666547.1925	-0.00627963700896152	0.00490340141624575
chr3	28256224	28257696	19	157	428.403	3	365.1687	5.48416819875642	-1.40540371038284
chr3	28257697	32015099	41997	916317	950847.7798	785863	812924.3908	0.000391171140022998	-0.0105673016212726
chr3	32015100	32018549	46	478	1044.37	952	897.911	-1.20702407831249	-1.08475008459217
chr3	32018550	32337767	3386	71942	76705.8332	61890	65762.7536	-2.22005865762025e-05	-0.0497017131963855
chr3	32337768	32340992	42	409	948.048	0	814.212	32.011337126284	-1.17005894855719
chr3	32340993	40587877	96879	2116400	2193299.6519	1808615	1864955.3123	-0.00231943915769339	-0.00869029257192946
chr3	40587878	40596794	109	1251	2474.85	2190	2115.29	-1.0294192611524	-0.941458983624506
chr3	40596795	40975541	3981	85463	90295.8125	74009	77633.8298	-0.00545894693931746	-0.0365588098481548
chr3	40975542	40980813	65	719	1470.957	1174	1266.5203	-0.918338165572653	-0.989891084243476
chr3	40980814	49254051	88334	1940546	2000670.2864	1651916	1698010.6142	0.000599792706402475	-0.0012204830770452
chr3	49254052	49256020	26	316	590.142	0	508.793	32.3230588090391	-0.858337265866997
chr3	49256021	49304983	594	13711	13448.2	11272	11559.1	0.0691217067606998	0.0707210244525545
chr3	49304984	49308821	49	494	1114.25	939	960.389	-1.13608085289063	-1.13068970063674
chr3	49308822	49553536	2999	67559	67991.096	57470	58403.0555	0.0189523873173771	0.0336024611059725
chr3	49553537	49555052	20	226	450.8	0	379.915	32.2280316453717	-0.953364429516066
chr3	49555053	51356216	21388	468601	484111.6232	401966	413534.6497	-0.00112952113869998	-0.00417938662142514
chr3	51356217	51361393	68	692	1536.35	0	1315.18	32.0735334135009	-1.10786266135436
chr3	51361394	66812169	180415	4011438	4085315.7675	3399569	3446492.977	-0.0016354309962338	0.0164722193027317
chr3	66812170	66815544	45	549	1020.01	0	880.047	32.330491146388	-0.850904928519478
chr3	66815545	84223366	174605	3864088	3966248.9949	3281181	3351639.7191	-0.00207996407966982	0.00515301287732705
chr3	84223367	84225401	19	0	433.988	203	365.254	-33.2143655095059	-33.1764806358078
chr3	84225402	87324081	32956	718234	747109.9291	629945	642004.0443	-0.0245946346757138	-0.0140662729039755
chr3	87324082	87328995	55	629	1252.51	1185	1063.5	-1.14484178594714	-0.950889886327468
chr3	87329000	87808633	5318	115228	120735.9896	103948	103906.4382	-0.0630259693810842	-0.024564143667461
chr3	87808634	87812952	57	619	1290.77	1131	1120.2	-1.06914779414337	-1.01742032437549
chr3	87812953	89248679	14946	316753	339130.2592	280150	291977.3321	-0.0339089170802509	-0.0556809192958324
chr3	89248680	89252527	51	554	1155.27	1043	995.831	-1.12212307054494	-1.01747187086065
chr3	89252528	90527187	13757	293822	312041.9756	256574	268586.4851	-0.0158705204222473	-0.0439973768233
chr3	90527188	90530337	42	493	952.189	689	822.63	-0.689005173823462	-0.906860002556003
chr3	90530338	109782367	206083	4573036	4665958.2046	3874575	3958412.3001	0.00677814909523937	0.0137792052179569
chr3	109782368	109783567	16	794	361.783	305	308.849	1.1570222454372	1.17681470245749
chr3	109783568	115420630	61641	1385254	1400808.5786	1142000	1165131.8096	0.0177366715701074	0.0266910220982279
chr3	115420631	115424943	55	0	1242.37	545	1061.03	-33.2143655095059	-33.1764806358078
chr3	115424944	125592489	119543	2684494	2712720.3464	2230675	2265242.5818	0.0120105120692709	0.0277101653590425
chr3	125592490	125594810	29	316	660.266	0	554.819	32.1610735894926	-1.02032248538147
chr3	125594811	143277880	194789	4330492	4406578.8928	3655927	3736207.2665	0.0111245753360258	0.0176722218153089
chr3	143277881	143289146	34	1	769.645	511	662.002	-9.20962153423677	-9.54524891948283
chr3	143289147	143293309	40	871	909.683	893	767.845	-0.275620797024954	-0.0198908605200818
chr3	143293310	143305067	28	9	646.469	159	519.209	-4.45430831088006	-6.12371205532817
chr3	143305068	143325801	195	4409	4435.15	3992	3791.12	-0.0781035799502591	0.0342688918171698
chr3	143325802	143350287	162	3396	3671.9	5775	3151.6	-0.981511377149629	-0.0698899970233211
chr3	143350288	143368953	68	4	1545.95	1361	1326.05	-8.62689433990678	-8.5514775753862
chr3	143368954	143369395	5	48	114.274	127	94.1305	-1.67856977710854	-1.2085905697658
chr3	143369396	143378426	39	23	885.861	816	742.985	-5.39769519983821	-5.22457425908687
chr3	143378427	143379537	10	46	229.363	213	197.188	-2.42429314572392	-2.27512659977018
chr3	143379538	143406556	90	1	2036.49	1687	1729.27	-10.9512501204662	-10.9490684079281
chr3	143406557	143629152	1532	31171	34743.018	27888	29833.9294	-0.0542936711868498	-0.113718329001227
chr3	143629153	143647473	18	4	407.886	301	351.663	-6.44267666416895	-6.62922185190021
chr3	143647474	143673542	134	4206	3055.384	1457	2576.009	1.28814733671526	0.503895454200818
chr3	143673543	143692790	121	209	2748.671	203	2340.224	-0.185148954838884	-3.67435907256143
chr3	143692791	143719751	295	32	6696.222	5402	5769.977	-7.60914424733195	-7.66633129978943
chr3	143719752	143721677	13	372	292.934	188	250.138	0.761633989158969	0.387527282146814
chr3	143721678	143736237	32	19	723.2997	277	621.0482	-4.08078752299625	-5.20772191105431
chr3	143736238	143737187	11	253	247.603	281	212.151	-0.369454621710633	0.0739089035303984
chr3	143737188	143741069	10	3	227.257	209	197.662	-6.3187703703648	-6.20041809824515
chr3	143741070	143743988	26	129	590.62	358	502.526	-1.70070505181515	-2.15205883150313
chr3	143743989	143762164	115	17	2612.24	2316	2228.15	-7.31448232650896	-7.22080855900635
chr3	143762165	143763352	3	60	68.5722	60	58.4649	-0.22513762161259	-0.149860994939598
chr3	143796746	143808029	18	15	408.639	288	350.658	-4.47888122068869	-4.7249921768398
chr3	143808031	143825296	50	1669	1137.3338	647	968.4031	1.14008564142582	0.596128529968108
chr3	143825297	143833411	47	274	1061.2827	296	906.2008	-0.33441218042771	-1.91076089452996
chr3	143833412	143846205	11	399	247.0022	124	212.6774	1.47510690790669	0.734665167934693
chr3	143846206	143846870	7	2	159.942	134	138.937	-6.26429172210208	-6.27860469851935
chr3	143846871	143854018	15	790	340.15	375	287.633	0.837935612911885	1.25848187730784
chr3	143854019	143857741	40	965	910.415	832	774.424	-0.0145398107508034	0.126804927894954
chr3	143857760	143931018	535	34650	12143.27	10361	10359.601	1.51741900776371	1.55549869548861
chr3	143931019	143950165	113	2694	2556.1217	2187	2199.6636	0.0890384491179233	0.1185936376528
chr3	143950166	144071376	759	41767	17218.3413	11915	14793.2668	1.59549451883866	1.32121766600825
chr3	144071377	144228565	875	16024	19852.0152	14635	16905.0322	-0.0961056802780124	-0.26625082486186
chr3	144228566	144307870	145	2016	3295.3318	3048	2804.6693	-0.824044887018391	-0.666127782324438
chr3	144307871	144379820	662	14158	14980.5957	12323	12900.6482	-0.0104720358944025	-0.0386771996178704
chr3	144379821	144384523	61	0	1377.91	1224	1182	-33.2143655095059	-33.1764806358078
chr3	144384524	144510938	1513	34418	34277	30321	29430.8	-0.0321527179079182	0.048722732204583
chr3	144510939	144511243	4	1	90.7039	75	78.3786	-6.43460801874861	-6.46029235245199
chr3	144511244	145254833	9023	200771	204006.3445	170043	173882.9701	0.0140693426855908	0.0197371900803707
chr3	145254834	145263830	48	9	1080.68	818	903.219	-6.75990822679673	-6.86499834291739
chr3	145263831	145668589	2281	49427	51618.6658	42761	43769.7813	-0.0240384855235954	-0.0197931950781914
chr3	145668590	145671000	23	102	515.766	377	436.024	-2.12338905607482	-2.29534720583969
chr3	145671001	145683056	140	8	3176.971	1910	2671.717	-8.14432616440451	-8.59063583521851
chr3	145683057	145981457	2118	45424	48005.3511	39617	40586.3837	-0.0399488732140844	-0.036940162922788
chr3	145987151	145993183	8	6	181.603	132	155.516	-4.67824119400779	-4.87688140712094
chr3	145993184	146266516	2039	43987	46112.812	36873	39091.4946	0.0211149494859322	-0.0252901220719036
chr3	146266517	146284852	40	18	904.1486	678	754.1021	-5.4921010528499	-5.60769077214781
chr3	146284853	149734904	42224	955689	965291.4675	772309	786697.8295	0.0171234455260861	0.0283768998917351
chr3	149734905	149735894	6	176	134.7372	24	113.4179	2.63088468210669	0.428227518216186
chr3	149735895	149739201	41	346	924.382	305	767.68	-0.0811058701561127	-1.37491681593108
chr3	149739202	149754312	88	686	1985.008	0	1687.028	31.6913320480075	-1.49006402675058
chr3	149754313	149771990	26	411	586.4116	671	499.7811	-0.93287623046088	-0.469974934998669
chr3	149771991	149793897	228	5362	5184.53	4320	4301.8	0.0473825901586019	0.0913583240857806
chr3	149793898	149798030	53	1527	1193.62	1866	1008.9	-0.526893914206061	0.398156760965588
chr3	149798031	151772070	21749	490922	495146.3896	400226	408275.2151	0.0212812370865167	0.0304390139827477
chr3	151772071	151773375	17	163	385.633	0	328.269	31.9818398392542	-1.19955623558004
chr3	151773376	152955400	12251	276845	279406.6318	227699	229179.7082	0.000978998089100643	0.0295125153560378
chr3	152955401	152974788	111	1836	2544.9064	3930	2049.4168	-1.40544698775554	-0.428246223875165
chr3	152974789	153029046	563	10477	12806.683	9090	10556.7326	-0.0689445687126172	-0.246870872487619
chr3	153029047	153048792	198	4268	4489.461	8952	3752.42	-1.32245535285707	-0.0301817575230557
chr3	153048793	153058859	53	829	1196.9433	621	1019.9997	0.190908187930845	-0.487110492368883
chr3	153058860	153070173	109	2065	2478.6352	4723	2059.2019	-1.45610697872338	-0.220603859526598
chr3	153070174	160754569	86531	1935667	1970531.3041	1600841	1625350.0084	0.00108195662581779	0.0170464264860983
chr3	160754570	160797075	138	1729	3109.34	2534	2623.9	-0.791458858948293	-0.803870198765413
chr3	160797076	168858270	88547	1942121	2032937.619	1600433	1639209.8023	-0.0264791843524152	-0.023132545515626
chr3	168858271	168859470	16	160	360.602	0	307.481	32.0518608949696	-1.12953517988083
chr3	168859471	168951417	1152	24711	26031.049	21203	21877.8145	-0.024964395794799	-0.0322797429103112
chr3	168951418	168952842	19	222	429.421	0	363.832	32.2723633196959	-0.909032755200601
chr3	168952843	177699918	92942	2063326	2131274.2884	1686123	1725653.3454	-0.00839615675878609	-0.00394418103925678
chr4	784	3554248	31280	690250	709853.1806	573798	594762.292	0.0162840039858563	0.00239863411974228
chr4	3554249	3561512	36	173	821.549	1	678.942	7.16448527861158	-2.20477427340879
chr4	3561513	42713107	414268	9129290	9388679.1864	7796052	7973116.1554	-0.00310413495313116	0.00238076537239655
chr4	42713108	42718689	73	807	1654.64	1	1424.53	9.44530873762398	-0.993076472057999
chr4	42718690	43045805	3710	83944	84017.116	71731	71858.501	0.00622148250274433	0.0415442594308193
chr4	43045806	43046480	9	78	203.683	0	174.414	31.8394168436975	-1.34197923110132
chr4	43046481	43326285	3108	69797	70308.038	61118	60009.347	-0.0320192709340155	0.0322757058374705
chr4	43326286	43328422	26	314	587.089	0	508.196	32.3213817214919	-0.860014353413911
chr4	43328423	45426836	24495	547416	554432.9811	464132	472403.5639	0.0120246415444561	0.0244248355071711
chr4	45426837	45474172	27	496	620.678	872	511.0461	-1.08946414673305	-0.280704576482353
chr4	45474173	47285511	17353	371282	393640.3861	325363	337938.5394	-0.0247367398857411	-0.0415625563524368
chr4	47285512	47290610	25	290	568.721	1	495.497	7.98597970377027	-0.928867863140953
chr4	47290611	47383093	1007	21992	22846.342	18951	19715.8089	0.00700998649723058	-0.0121840641336365
chr4	47383094	47385344	30	349	681.295	0	592.765	32.2591438057596	-0.922252269134343
chr4	47385345	53204021	64793	1411701	1467039.4814	1209498	1252107.7678	-0.000607346636438947	-0.0126728281650333
chr4	53204022	53209747	65	1525	1474.17	1964	1280.57	-0.563187034493609	0.091706651519117
chr4	53209748	54937344	19031	415709	431553.2384	361579	371068.8288	-0.0116732024963023	-0.0111642523873577
chr4	54937345	54941322	49	1189	1112.6	486	939.433	1.0515631025663	0.138614017580237
chr4	54941323	65294765	122906	2750497	2787241.8416	2286618	2335948.8446	0.0165628920200569	0.0236544559270663
chr4	65294766	65296459	17	457	385.794	154	332.679	1.36047934773979	0.287163772195296
chr4	65296460	71856741	68311	1513950	1547813.9189	1260535	1306421.3948	0.0245851064590062	0.010885834207021
chr4	71856742	71860217	39	2	886.766	444	753.577	-8.02429891263144	-8.74960926881606
chr4	71860218	99900421	297545	6600343	6743467.743	5563506	5708588.1318	0.0111054212257512	0.0118506422559582
chr4	99900422	99906034	74	877	1708.11	1298	1354.05	-0.89584606842321	-0.91895182445216
chr4	99906035	105073288	33239	706936	754552.8175	595294	632963.3797	-0.000607158695536584	-0.0512419658781643
chr4	105073289	105075594	19	1	428.706	228	369.875	-8.04092535417312	-8.70104442354635
chr4	105075595	107168456	21100	449320	478676.763	395753	411598.5361	-0.0297554893594314	-0.0485081798937269
chr4	107168457	107169431	13	0	297.293	125	237.988	-33.2143655095059	-33.1764806358078
chr4	107169432	107195131	263	4791	5976.2499	4126	5117.1893	-0.00339044095168912	-0.276113349716402
chr4	107195132	107201966	91	0	2065.08	810	1786.07	-33.2143655095059	-33.1764806358078
chr4	107201967	107844121	6875	149898	155817.1438	131991	133787.1572	-0.0314573295527005	-0.0130725272212546
chr4	107844122	107845625	13	0	296.64	165	256.39	-33.2143655095059	-33.1764806358078
chr4	107845626	136874132	322910	7247655	7333985.5219	6074530	6136022.2949	0.00236324009089603	0.0257171776205083
chr4	136874133	136874507	5	0	114.927	82	99.7993	-33.2143655095059	-33.1764806358078
chr4	136874508	139052539	25251	560528	571747.9664	483661	490377.5126	-0.00378083661057871	0.0142074255959583
chr4	139052540	139053755	16	177	362.089	0	309.627	32.191601399094	-0.989794675786385
chr4	139053756	139872062	9041	197527	204415.0344	169574	174710.3803	-0.00148565724574842	-0.00665112587869137
chr4	139872063	139874408	31	375	700.021	646	595.212	-1.01372271929688	-0.857707293315969
chr4	139874409	142137909	24616	534842	557221.0712	446088	471831.881	0.0267229501220157	-0.0163367393300941
chr4	142137910	142139490	21	0	479.078	152	415.314	-33.2143655095059	-33.1764806358078
chr4	142139491	143223153	12330	274007	279180.3334	234558	239589.4885	0.00855078041031774	0.0158157472893029
chr4	143223154	143231854	116	1281	2613.55	2344	2246.29	-1.08525322016497	-0.985939970817485
chr4	143231855	168430261	255717	5692598	5815902.5754	4707559	4838803.1672	0.0136706383158586	0.0118844339960198
chr4	168430262	168432051	22	0	500.537	393	419.489	-33.2143655095059	-33.1764806358078
chr4	168432052	173210044	53734	1188775	1218144.5201	1011267	1019000.685	-0.019303117440365	0.00759069050244818
chr4	173210045	173214594	24	248	545.241	0	468.918	32.0876424575822	-1.09375361727612
chr4	173214595	173488373	3316	69944	75046.0274	61502	64067.6937	-0.0376962296832479	-0.0587750867276128
chr4	173488374	173489940	19	218	428.128	0	365.313	32.2504823309226	-0.930913743969651
chr4	173489941	184224823	125373	2754846	2842112.3781	2335573	2377347.3034	-0.0145003470458717	-0.00219161490536082
chr5	34651	4579595	44945	980564	1017638.564	833381	863047.9231	0.00183835443504108	-0.0107412340849312
chr5	4579596	4580779	15	142	339.273	3	288.766	5.33715430796353	-1.21375537902149
chr5	4580780	15302345	110245	2390755	2496918.3582	2045468	2121220.8083	-0.005303079328685	-0.0198820439902614
chr5	15302346	15307332	66	786	1495.73	2	1290.45	8.41032531986913	-0.885448241336455
chr5	15307333	24918925	98742	2160958	2235438.4143	1829574	1893418.9695	0.0055145835146104	-0.00608645486750676
chr5	24918926	24941452	32	338	720.9638	85	619.2383	1.77697182094161	-1.05010326286996
chr5	24941453	26009000	11433	247303	258679.3286	208704	217890.595	0.00217608353155589	-0.0220847168070022
chr5	26009001	26022019	154	1639	3476.313	2679	2948.081	-0.941745108775065	-1.04194181745539
chr5	26022020	33245596	78721	1705958	1782938.4402	1480938	1525273.3045	-0.0162027930811758	-0.0208744499227294
chr5	33245597	33253622	37	0	845.853	186	695.402	-33.2143655095059	-33.1764806358078
chr5	33253623	33374774	1208	25296	27366.1612	21576	23400.149	0.00852192741891753	-0.0706834881991593
chr5	33374775	33380776	36	1	817.28	368	698.349	-8.74552868130495	-9.63188618895359
chr5	33380795	33381717	5	23	113.6913	38	98.4077	-0.927728867130616	-2.26261577903187
chr5	33382019	33384309	29	0	674.69	109	542.464	-33.2143655095059	-33.1764806358078
chr5	33384310	35214378	20099	441247	455023.0064	376248	388974.2193	0.00855304322779066	-0.00155270832804651
chr5	35214379	35215128	10	119	226.521	1	196.557	6.6950361139333	-0.88588291700255
chr5	35215129	35601299	2447	53326	55417.838	43729	47357.4131	0.0644040447354522	-0.0127110001877941
chr5	35601300	35602346	10	101	228.778	1	195.777	6.43838985532037	-1.13679271839991
chr5	35602347	41127143	60679	1308862	1374605.9092	1130726	1174040.7064	-0.0115565765738468	-0.0279047585750882
chr5	41127144	41128193	14	164	320.691	0	260.705	32.2567083371055	-0.924687737787935
chr5	41128194	41230777	1118	24837	25359.9125	21660	21850.0686	-0.0125388376023838	0.0127414700017945
chr5	41230778	41242034	149	1839	3380.38	3031	2914.65	-0.929819716105533	-0.835463640793603
chr5	41242035	42181915	10344	221871	234728.7825	193859	201948.8477	-0.017376007122781	-0.0384733329836342
chr5	42181916	42182365	6	80	136.789	0	118.42	32.4503160739746	-0.73108000095423
chr5	42182366	68765494	284059	6221053	6450269.7176	5283700	5436652.5838	-0.00611516722043391	-0.00940037749375548
chr5	68765495	68769360	50	569	1127.58	938	975.112	-0.925833785310839	-0.943928923024475
chr5	68769361	68987107	2408	54223	54510.8272	46154	46437.9194	0.006125210379831	0.0351624353829042
chr5	68987108	68989963	38	418	863.911	0	719.354	32.176816636761	-1.00457943811641
chr5	68989964	68990263	4	104	90.9913	63	78.3753	0.512745683382472	0.235583325715559
chr5	68990264	68992157	25	302	568.065	0	489.017	32.3126889203639	-0.868707154540304
chr5	68992158	69825774	3850	86482	87157.7168	72124	74298.3912	0.0365384842172641	0.0315717968859364
chr5	69825775	69841619	191	5954	4339.1208	2177	3652.0942	1.20775448010931	0.499256783776641
chr5	69841620	88883602	208870	4608450	4733066.731	3896785	4000189.5223	0.00420579403537235	0.00430664868070448
chr5	88883603	88889398	66	531	1493.252	223	1281.556	1.03602245670652	-1.44887357445336
chr5	88889399	89464026	5849	127245	132571.7807	111065	113983.7138	-0.0168258546745639	-0.0163644343179461
chr5	89464027	89466568	33	0	747.613	280	645.721	-33.2143655095059	-33.1764806358078
chr5	89466569	89477308	136	3221	3090.48	2538	2665.64	0.135383056936133	0.102478045232458
chr5	89477309	89482177	62	2	1399.05	612	1198.04	-8.476243797847	-9.40743139391006
chr5	89482178	89549243	744	15369	16874.3203	12946	14523.3744	0.0359796285522466	-0.0920057805237288
chr5	89549244	89553539	56	1315	1276.48	509	1107.36	1.16919405853921	0.0856921790731014
chr5	89553540	90187096	6336	130191	143629.9027	113343	123123.6248	-0.017398663058917	-0.0989261062170705
chr5	90187097	90191365	23	0	520.795	250	450.074	-33.2143655095059	-33.1764806358078
chr5	90191366	90555772	4028	90613	91304.6773	77632	78105.554	0.00271840131216429	0.0318295902555596
chr5	90555773	90557502	23	0	520.022	209	441.304	-33.2143655095059	-33.1764806358078
chr5	90557503	90605204	536	10984	12139.6705	9463	10391.079	-0.00443435423915639	-0.10152542007155
chr5	90605205	90608281	36	2	816.56	316	704.445	-7.51193710857625	-8.63061471525566
chr5	90608282	91364027	6266	129010	142133.9789	111876	121396.1316	-0.0170312809585906	-0.0969682786885077
chr5	91364028	91370767	20	45	458.343	190	387.422	-2.31560883183425	-3.30563041914236
chr5	91370768	92815607	15483	333532	350964.6964	289002	300968.3709	-0.0100528894525322	-0.0307004193867248
chr5	92815608	92838999	74	990	1671.407	463	1439.966	0.886303435215907	-0.712762339506464
chr5	92839000	106249094	148242	3238029	3356612.4817	2764857	2859388.4148	0.00152709862787928	-0.00908976884389086
chr5	106249095	106250938	24	320	543.184	0	459.64	32.4608273090965	-0.72056876583414
chr5	106250939	108800490	25818	563420	584502.4266	481309	496337.6557	-0.00372428680089693	-0.0101979243112382
chr5	108800491	108803416	39	0	884.423	387	762.754	-33.2143655095059	-33.1764806358078
chr5	108803417	132557606	266510	5907202	6040275.8606	4957951	5096796.177	0.0126225939356223	0.0106608205382409
chr5	132557634	132558009	5	0	114.119	62	98.8697	-33.2143655095059	-33.1764806358078
chr5	132558010	137582064	52638	1171647	1200593.016	961432	988844.46	0.0102650190916849	0.00759110488920797
chr5	137582065	137592699	97	2302	2192.42	2657	1848.56	-0.448117284663531	0.11316394605991
chr5	137592700	156377570	218742	4850140	5012463.8459	3951396	4063262.7706	-0.00230186555398757	-0.00469322095755673
chr5	156377571	156377945	5	119	114.085	0	92.7792	33.2850488445407	0.103652769503427
chr5	156377946	173707145	193389	4328263	4454559.9749	3518989	3566687.6578	-0.0171554467455337	0.00130554992430508
chr6	0	123769	1366	28827	30958.501	24900	26652.665	0.000134578633434301	-0.0601146004860744
chr6	123770	126156	29	339	655.688	1	564.06	8.19289596200177	-0.908923905076432
chr6	126157	1631413	17854	390948	404474.458	333653	341006.8986	-0.0127039849067645	-0.00627156072751667
chr6	1631414	1638854	20	93	461.933	5	370.906	3.90551613637316	-2.26958067934518
chr6	1638855	7432210	66174	1453229	1501637.9394	1222182	1259475.3334	0.00100422316875411	-0.00447463177211259
chr6	7432211	7433156	12	13	271.708	84	230.57	-2.92381449577411	-4.34267319954599
chr6	7433157	20950165	132242	2895795	3003100.206	2468517	2530540.0395	-0.0117769801267851	-0.00969282730534998
chr6	20950166	20951065	12	0	272.35	113	237.351	-33.2143655095059	-33.1764806358078
chr6	20951066	21671581	8797	195220	198963.747	165870	168014.9198	-0.00395290764409502	0.0153955930683094
chr6	21671582	21678402	83	994	1872.12	0	1591.38	32.3108412327329	-0.870554842170915
chr6	21678403	21696008	231	5214	5215.79	4522	4413.5	-0.0306175565526671	0.0423051116483658
chr6	21696009	21699721	49	549	1130.83	0	901.796	32.1816923802692	-0.999703694609149
chr6	21699722	40704181	211679	4703206	4802243.9144	3942780	4030358.2961	0.00654616655714596	0.0127361542625494
chr6	40704182	40705150	12	0	271.899	104	236.819	-33.2143655095059	-33.1764806358078
chr6	40705151	51047447	124446	2775636	2821310.7055	2315843	2358860.4823	0.00792090755148161	0.0192531410052079
chr6	51047448	51060142	167	2011	3775.73	2	3222.18	9.74989406032081	-0.866042207222926
chr6	51060143	51508430	5582	125634	126435.4556	105032	106569.0571	0.0167009671425184	0.0336261757640727
chr6	51508431	51567997	650	12769	14734.5877	11072	12352.2652	-0.0437859229532867	-0.163760833337386
chr6	51567998	52198865	7293	160601	164897.1146	134870	139553.5916	0.0160799394268689	0.0047150347449661
chr6	52198866	52204143	70	3	1580.83	696	1331.39	-8.10081450974775	-8.99870362570967
chr6	52204144	85234707	362799	7967454	8219259.5908	6823561	7010362.3077	-0.00101003996710593	-0.00208934072014381
chr6	85234708	85253624	101	984	2294.519	1842	1985.063	-1.10863435946388	-1.17866121910456
chr6	85253625	91196590	63104	1371168	1430013.1586	1188505	1226259.8165	-0.0105909243768476	-0.0178227634692748
chr6	91196591	91197539	9	45	207.8813	0	165.2009	31.0164333086571	-2.16496276585203
chr6	91197540	105321354	154811	3406643	3510701.7758	2845567	2939160.9384	0.0081949680805588	-0.000608367570098252
chr6	105321355	105324884	23	2	522.762	201	444.421	-6.88036352005575	-7.98721011325449
chr6	105324885	142613703	396062	8778036	9020788.2063	7324409	7494568.6366	-0.00130678138908531	0.00344500327032411
chr6	142613704	142687226	646	7670	14613.056	12228	12587.4747	-0.883243574201564	-0.887159121522015
chr6	142687227	143006949	2728	60367	61790.3465	51156	52983.7808	0.0219414160835106	0.00917895631108618
chr6	143006950	143062312	396	10291	8967.431	7247	7693.932	0.289869158484203	0.241416847706237
chr6	143062313	143069248	56	1016	1266.3548	1208	1094.7406	-0.454897218382398	-0.274980952039013
chr6	143069249	143126277	384	3845	8693.314	6494	7400.908	-0.983412319768813	-1.13412234370495
chr6	143126278	143202816	492	11606	11141.172	9775	9527.1795	0.0268377361483243	0.101770141671165
chr6	143202817	143224780	130	1170	2949.1841	1970	2520.567	-0.973339240879288	-1.2910070408322
chr6	143224781	143341483	375	4105	8490.484	6448	7244.3395	-0.875546720751502	-1.0056642615791
chr6	143341484	143497171	652	10622	14790.2002	9807	12551.543	-0.116689759888485	-0.43478583306451
chr6	143497172	143516537	79	1008	1786.8329	1482	1505.6795	-0.798124383299139	-0.783108771412332
chr6	143516799	143635873	640	12937	14502.3537	10754	12354.8125	0.0403312184569073	-0.121983647032206
chr6	143635874	143661025	62	624	1406.04	1183	1193.96	-1.15379983341458	-1.12921939019119
chr6	143683317	143779155	536	12919	12142.6675	9791	10366.4587	0.176719469573213	0.132209327694014
chr6	143779156	144703195	9960	221416	225603.6518	182196	188746.0101	0.0288393586125364	0.0157693708352221
chr6	144703196	144703870	9	108	203.748	0	169.469	32.3084418027796	-0.872954272123748
chr6	144703871	147989969	38418	857904	870707.5928	718364	733727.5256	0.0140727092064451	0.0214282274044401
chr7	794	526236	183	2195	4169.5469	2234	3425.9114	-0.303895581552991	-0.88286936303001
chr7	526237	3448786	16762	356344	382175.6783	290101	315402.5083	0.0245889692034525	-0.0581650217941599
chr7	3448787	10472966	29154	486398	661054.0147	426413	565814.3904	-0.02963797580967	-0.39983054921274
chr7	10472967	10904028	2389	51673	54232.5981	46618	45565.0459	-0.0977937926103424	-0.02694932810557
chr7	10904029	12401581	18566	447194	436512.4003	329829	330129.0613	0.041105525391418	0.0776785068436107
chr7	12401582	12432757	415	10817	9809.7	5820	7204.4	0.453794084468493	0.183819827261894
chr7	12432758	13532315	11128	263102	258622.5241	201365	203384.3832	0.0440856877462726	0.0675745999275481
chr7	13532316	28202525	100859	2163860	2292733.8331	1829691	1908017.3401	-0.0180720223649118	-0.0406614058194143
chr7	28202526	28203125	8	1	180.563	77	153.962	-6.491799065067	-7.45355814444536
chr7	28203126	58229928	336284	7381905	7615382.1623	6325253	6470770.3914	-0.00719352749996282	-0.00212295278171449
chr7	58229929	58241193	69	6	1562.56	635	1323.19	-6.96062617553679	-7.98193302150413
chr7	58241194	70672424	142470	3144237	3227959.2142	2660492	2712101.1413	-0.00527902847336291	0.00488792944695998
chr7	70672425	70674392	22	246	500.925	0	426.005	32.1982600888641	-0.983135986017647
chr7	70674393	85584336	166257	3667911	3770561.9516	3101350	3187839.2245	0.00477703974179288	0.00297939247765668
chr7	85584337	85598386	11	177	249.5795	16	217.7401	3.2756286739745	-0.452949765178185
chr7	85598387	85755865	1879	41971	42629.651	37362	36692.729	-0.04362644456664	0.0203359061528965
chr7	85755866	85756540	9	91	205.776	0	179.287	32.047060110564	-1.13433596428528
chr7	85756541	87181225	14710	313892	333751.2486	271721	287480.6503	-0.00225074868489322	-0.0457046606910318
chr7	87181226	87183441	29	294	660.697	1	572.883	7.99883943480486	-1.12537232549167
chr7	87183442	87741381	5112	111966	115951.1562	97424	100009.5468	-0.00775246017050895	-0.00765618778883512
chr7	87741387	87743708	29	359	653.539	0	560.662	32.3599069007407	-0.821489174172222
chr7	87743709	88068911	2059	45435	46723.3066	39439	40258.9581	-0.00573599478173204	0.00246201496933576
chr7	88068912	88070793	25	304	567.55	0	495.014	32.3235202154107	-0.857875859495532
chr7	88070794	100154719	133862	2954945	3031676.9452	2494162	2574392.167	0.013607356756289	0.00581556272817511
chr7	100154720	100155440	9	112	203.899	5	166.288	4.19617162371291	-0.821555654222903
chr7	100155441	117081234	179803	3995946	4079152.6137	3295619	3430675.2784	0.0331261554520558	0.013067916514574
chr7	117081235	117091691	134	4592	3038.82	2564	2521.45	0.576384215030436	0.638411733686938
chr7	117091692	119779235	26092	598240	601152.9108	476431	480858.0195	0.0112515017994438	0.0357926842838564
chr7	119779236	119780365	15	2	354.051	125	264.448	-6.38184196033275	-7.42501304240299
chr7	119780366	122414092	33420	768877	769614.463	610312	615813.6312	0.0164791967955025	0.0414172255298564
chr7	122414093	122588017	2110	44446	47944.6364	39091	39644.1392	-0.0841292933146372	-0.0665155288580787
chr7	122588018	125149592	30908	707101	710763.0803	569740	571603.3866	0.00217376097733505	0.0353478684953052
chr7	125149593	125153717	53	363	1209.234	1	997.878	8.23158293291092	-1.69325168198629
chr7	125153718	145280771	236732	5274420	5399508.9746	4356253	4437801.7833	-0.00214283401674265	0.00898455408865791
chr7	145280772	145442654	101	3323	2300.1952	968	1912.1294	1.517746641152	0.573530309320587
chr7	145442655	145481306	49	298	1113.6275	248	947.7899	0.0372600985480577	-1.85908219335236
chr7	145481307	145729228	646	12608	14675.148	9645	12358.3193	0.143509236459919	-0.176235299958827
chr8	510	8265120	80280	1741832	1818593.7736	1498494	1552121.6527	-0.00657406602469	-0.0194175228705366
chr8	8265121	8266712	7	4	155.799	72	131.812	-4.40621381524112	-5.24074184454267
chr8	8266713	25792219	172336	3837277	3912627.4016	3257614	3297459.8992	-0.00559992991731306	0.0147454958305148
chr8	25792220	25794499	30	230	677.259	536	571.211	-1.46136759813554	-1.51527348566672
chr8	25794500	37996372	139570	3133008	3160517.4963	2617686	2660689.2237	0.0158110489470617	0.0301879652742944
chr8	37996373	37998354	26	0	589.475	245	509.638	-33.2143655095059	-33.1764806358078
chr8	37998355	41412899	24139	518188	547785.8135	437029	461385.3358	0.00302227768998776	-0.0373359840191794
chr8	41412900	41416849	32	1	721.893	225	619.335	-8.02993075080393	-9.45284078722384
chr8	41416850	58550061	180859	4028084	4110022.2127	3342421	3413759.2406	0.0063308697559894	0.0137478912347365
chr8	58550062	58558446	16	34	360.652	163	311.5211	-2.46762741398148	-3.36420045824574
chr8	58558447	77173060	210585	4712054	4793330.5977	3878889	3965391.8542	0.0120630116132622	0.0181279391447136
chr8	77173061	77176062	40	496	906.18	783	783.845	-0.862985997930248	-0.826657216014545
chr8	77176063	122447549	502807	11085236	11406088.8292	9295242	9578035.1304	0.00698805203714436	0.00163562472210768
chr8	122447550	122448349	9	0	203.162	94	170.358	-33.2143655095059	-33.1764806358078
chr8	122448350	133306290	122489	2700098	2792046.6583	2245420	2294384.0042	-0.0122742921155089	-0.00551096680931794
chr9	501	36307661	344711	7489437	7832104.9565	6347027	6582383.8857	-0.00709819994592172	-0.0217425134173933
chr9	36307662	36325480	12	0	281.6	114	220.325	-33.2143655095059	-33.1764806358078
chr9	36325481	62809382	290963	6448496	6596684.3957	5469455	5567495.3998	-0.00223155126563167	0.0100219454559233
chr9	62809383	62811482	28	686	631.941	264	547.831	1.17652712164555	0.161219019455167
chr9	62811483	101201615	442711	9901162	10046866.1888	8281017	8421893.6192	0.00817632190821826	0.0217245009055486
chr9	101201616	101204025	8	1	179.487	76	154.846	-6.45605730142071	-7.44493520620135
chr9	101204026	101221602	111	2359	2506.44	2022	2145.32	0.00286102078335786	-0.0446639670201458
chr9	101227342	101246227	198	2466	4471.428	3618	3816.008	-0.77677561851429	-0.815762532549489
chr9	101246228	103939179	26319	573083	596494.7704	494628	510733.2741	-0.00662380677287031	-0.0149650757203665
chr9	103939180	103947327	64	898	1444.0689	342	1221.8982	1.15661907537229	-0.642551914940252
chr9	103947328	104609967	6836	151409	154812.5357	128757	132527.4308	0.0144842418580913	0.010728981092743
chr9	104609968	104610793	11	0	246.871	121	210.62	-33.2143655095059	-33.1764806358078
chr9	104610794	119866831	165136	3625751	3742379.8288	3095244	3153682.0614	-0.0137766210048382	-0.0028758267852325
chr9	119866832	119866988	2	39	46.5672	270	36.4492	-3.13992492561768	-0.213039700956485
chr9	119866989	120358648	4960	105665	112257.0108	90097	95420.3909	0.000426002515258839	-0.0445076513384291
chr9	120358649	120360898	30	0	675.652	643	580.829	-33.2143655095059	-33.1764806358078
chr9	120360899	121315350	8642	186418	195938.7338	160012	168147.1386	0.00459811147431189	-0.0290611398728071
chr9	121315351	121319284	52	1346	1182.91	0	1014.67	33.4105344857063	0.229138410657567
chr9	121319285	122086633	7006	151154	158692.0958	127291	135448.3424	0.024316645136915	-0.0274108007867392
chr10	1186	491742	916	11768	20806.5847	9626	17290.4956	0.0277153111814108	-0.779370708084343
chr10	494889	509437	24	595	541.245	868	468.5336	-0.74801921531948	0.179408189276712
chr10	509438	5729917	49122	1108310	1117742.2207	909236	924683.2609	0.0169938669769266	0.0305742752592084
chr10	5729918	5733943	53	1	1202.54	502	988.699	-9.2491096316654	-10.1890686811594
chr10	5733944	7164335	17307	386040	392711.3289	323688	326310.6231	-0.00816136264378989	0.0180814376996532
chr10	7164336	7166262	25	274	578.617	483	459.795	-1.14454978949313	-1.03563250429401
chr10	7166263	18803894	137006	3094581	3130050.4283	2525970	2561346.7432	0.00853869002721752	0.0263584972561522
chr10	18803895	18806522	34	372	766.401	609	646.79	-0.95102623728665	-0.999996508807398
chr10	18806523	41295276	260160	5754705	5902762.8566	4821766	4953527.6795	0.00716170585707476	0.00615190475361127
chr10	41295277	41295954	9	112	202.837	3	173.303	5.00028363925585	-0.814021796315354
chr10	41295955	57042065	181364	4082372	4125268.4787	3339597	3413031.8619	0.0212149400229124	0.0277199498000138
chr10	57042066	57042590	7	10	158.051	82	130.216	-3.31019190513811	-3.9395179428475
chr10	57042591	63321003	68764	1535231	1565913.6098	1246462	1297344.5264	0.0340893207541111	0.0142514391356632
chr10	63321004	63321548	6	156	135.623	0	114.554	33.4261405546942	0.24474447964411
chr10	63321549	112626397	561091	12534177	12814971.2471	10269973	10506139.7371	0.00575275848431183	0.0108373427911203
chr11	797	8860931	89986	1962098	2040621.6921	1701487	1752293.4756	-0.00924791731947225	-0.0138113338217918
chr11	8860932	8862446	19	0	428.566	134	368.062	-33.2143655095059	-33.1764806358078
chr11	8862447	10209682	15692	341612	355509.1799	299038	304075.8884	-0.0285101222273321	-0.0147278459235799
chr11	10209683	10211051	18	160	405.587	355	347.283	-1.36873130081781	-1.29913919283036
chr11	10211052	10646262	4708	99646	106580.8066	87782	90743.601	-0.0442776475126273	-0.0542635447735331
chr11	10646263	10648223	24	157	541.541	3	460.713	5.4813714043942	-1.74350569554563
chr11	10648224	12596824	23608	526619	534679.7804	453294	459196.3575	0.00166402550050416	0.0208847664302788
chr11	12596859	12598283	19	184	432.752	0	364.608	31.9903616673791	-1.19103440745715
chr11	12598284	20079742	79995	1753112	1812378.6447	1502856	1552837.4933	0.00414928737010832	-0.00516591591738784
chr11	20079743	20084656	29	1	653.265	283	555.19	-8.3744295196564	-9.30872412895349
chr11	20084657	38013114	195270	4339977	4433963.7427	3666592	3723461.515	-0.00378942958375115	0.0118907371610322
chr11	38013115	38043244	234	5658	5321.72	3415	4417.87	0.464780398577245	0.131199884355381
chr11	38043245	39258849	7624	169653	173367.9676	142482	143673.7399	-0.0143182586579794	0.0115498918136294
chr11	39258850	39273709	7	10	160.077	146	135.634	-4.10202818653657	-3.95789381460154
chr11	39273710	40567498	10259	221467	232499.4743	191727	199244.8911	-0.00973105789148162	-0.0273353969547089
chr11	40567499	40572702	18	0	404.873	335	349.907	-33.2143655095059	-33.1764806358078
chr11	40572703	40685982	1276	28034	28942.639	24703	24954.721	-0.0264769085980468	-0.00321855170432379
chr11	40685983	40691989	5	3	112.823	102	96.6663	-5.30552367336958	-5.19015457485452
chr11	40691990	40874959	1967	42887	44629.667	38810	38420.693	-0.0670920933364021	-0.0146623277260611
chr11	40874960	40878262	44	0	996.878	829	861.564	-33.2143655095059	-33.1764806358078
chr11	40878263	46701593	59537	1314269	1348669.7132	1118443	1151558.7105	0.00973518640519659	0.00552382678439799
chr11	46701594	46706378	16	131	361.204	1	303.049	6.78507560972054	-1.42044674419323
chr11	46706379	47462957	6642	145985	150365.3789	123048	127088.6856	0.00887753668048298	0.000148022823513054
chr11	47462958	47464679	22	218	497.333	2	420.269	6.53020061496271	-1.14708371440809
chr11	47464680	56520641	98387	2155347	2228239.9597	1845814	1906839.2724	0.00385705068259991	-0.00518413736598629
chr11	56520642	56531868	46	305	1051.958	583	868.2141	-1.20672554905413	-1.74339564403784
chr11	56531869	90463331	374821	8335346	8507357.8426	6985145	7132038.1402	0.00547074123046304	0.0133312608513597
chr12	322	1504094	13367	287797	303495.3392	243826	252327.1481	-0.0222639064009185	-0.0338224943773509
chr12	1504095	1506828	30	31	675.7024	180	575.8765	-2.76336987477424	-4.40324754255637
chr12	1506829	2752457	12464	273808	285021.8262	226412	232319.9303	-0.0158298610566629	-0.0151074887412652
chr12	2752458	2779858	208	15	4730.575	1932	3960.617	-7.26036367900116	-8.25810888387011
chr12	2779859	3721334	2180	40418	49339.5751	34219	41664.7602	0.00119815945866299	-0.244947043578942
chr12	3721335	3750649	177	2825	3997.0156	3757	3425.7029	-0.628937975844503	-0.457872022683301
chr12	3750650	4117847	1611	33187	36531.9815	28618	31082.028	-0.0144685615794332	-0.0957414743522622
chr12	4117848	4129466	49	783	1109.768	1115	948.9561	-0.730888913961957	-0.460373582899031
chr12	4135806	5421312	7094	143750	160895.7313	123306	136560.9611	-0.0103465403758688	-0.119763781363647
chr12	5421313	5422327	7	16	167.592	74	123.458	-2.64547088403246	-3.34600915886633
chr12	5422328	8222241	26374	565019	601194.8759	481036	493032.0513	-0.0490813214103469	-0.0467330175984138
chr12	8222242	8225450	37	338	835.197	521	693.02	-0.888564228374489	-1.26229296987445
chr12	8225451	9284479	7263	158081	165439.4286	132318	136439.4159	-0.0164725396508058	-0.0228388163642181
chr12	9284480	9285890	17	170	384.547	0	330.291	32.0465711969555	-1.13482487789366
chr12	9285891	26853020	175365	3826392	4013036.2419	3151544	3264706.2045	-0.0128997031879512	-0.0259091918632099
chr12	26853021	27195040	4036	77755	91364.0725	70646	76137.5146	-0.119776471015548	-0.189891196108532
chr12	27195041	27196765	23	236	517.289	387	436.002	-0.955267027820252	-1.0893833404086
chr12	27196766	36708850	88832	1929208	2020373.2465	1641663	1667362.9948	-0.0392874857166736	-0.0238128320624031
chr12	36708851	36709453	8	145	180.631	0	151.932	32.9072037782303	-0.274192296765495
chr12	36709454	38848247	26154	585128	601930.4798	477134	482052.1903	-0.0211343194982882	0.00195569801881056
chr12	38848248	38886056	489	9995	11434.996	6703	8682.4359	0.1840309710881	-0.151377075776677
chr12	38886057	52716696	162910	3628751	3748377.8657	2961969	3005087.2992	-0.0210275303660909	-0.00399301759083795
chr13	0	28273732	245138	5292239	5554389.591	4610889	4757961.6535	-0.0195360087096663	-0.0269498438330315
chr13	28273733	28278308	59	686	1333.1	0	1139.48	32.2656918641993	-0.915704210695927
chr13	28278309	30937553	24651	536823	559367.0345	470405	481010.9599	-0.0222669376190115	-0.0165484352807267
chr13	30937554	30938078	7	74	159.779	2	139.488	5.01843200376161	-1.06768031586327
chr13	30938079	33444770	23304	519825	528960.1126	461662	454946.8607	-0.0413564218828409	0.0176673955299248
chr13	33444771	33811973	197	1601	4441.9668	2073	3821.3271	-0.584956223693766	-1.42942498866179
chr13	33811974	33889900	468	10377	10593.49	9029	9038.505	-0.0233551475073442	0.0130117726799703
chr13	33889901	33900790	94	587	2128.732	0	1813.806	31.3656344657852	-1.81576160886717
chr13	33900791	33909395	92	2444	2089.67	1691	1795.74	0.31758641593055	0.268769467979121
chr13	33909396	33936617	231	2147	5249.717	21	4472.063	6.44940532140666	-1.24711714793469
chr13	33936618	33955505	104	1159	2355.703	30	2015.8148	5.05189512458077	-0.980476780247278
chr13	33955506	33962089	2	43	47.5069	17	37.4081	0.998930975538821	-0.101000095621188
chr13	33962090	34029634	360	3578	8172.919	15	6920.297	7.66294496857095	-1.14889773556669
chr13	34029635	41811314	87949	1928605	1995929.3939	1643964	1676853.1712	-0.016009891134726	-0.0067026794873931
chr13	41811315	41812762	18	205	406.339	0	344.369	32.237136458369	-0.944259616520634
chr13	41812763	41947674	1519	34700	34384.382	28352	28884.832	0.0449592809872259	0.0559825601429412
chr13	41947675	41949672	26	308	590.245	1	500.509	8.03378400389982	-0.895583251088923
chr13	41949673	46159166	45400	991693	1027957.4176	841274	861927.5875	-0.0119086738200491	-0.00901471253307033
chr13	46159167	46159621	6	0	134.818	53	116.701	-33.2143655095059	-33.1764806358078
chr13	46159622	52600591	78630	1764629	1795598.4961	1441963	1473115.3153	0.0106517684276087	0.0177004197474693
chr13	52600592	52601171	7	0	159.534	63	133.665	-33.2143655095059	-33.1764806358078
chr13	52601172	56937407	51373	1107152	1165926.7732	932797	979379.1317	0.000595866779880592	-0.0318235666035186
chr13	56937408	56939973	34	354	769.835	0	667.937	32.1033964848073	-1.07799959005453
chr13	56939974	57482305	6325	142970	143507.852	121794	123301.843	0.0172495167022223	0.037383089369898
chr13	57482306	57482760	6	0	135.978	121	118.516	-33.2143655095059	-33.1764806358078
chr13	57482761	58731910	13270	280818	301248.1693	244706	259048.9126	-0.0142265695024801	-0.0585167476898177
chr13	58731911	58739638	92	1078	2082.06	0	1784.39	32.2745419220676	-0.906854152829329
chr13	58739639	76101517	195735	4286737	4438444.0302	3646596	3764081.5389	0.000488848042661679	-0.00737378382994602
chr13	76101518	76103317	24	268	539.432	0	460.485	32.2149882817522	-0.966407793132975
chr13	76103318	82450357	74623	1653298	1687953.9852	1388610	1430966.5556	0.0183351392863411	0.0128715252748715
chr13	82450358	82450882	7	0	157.817	62	135.552	-33.2143655095059	-33.1764806358078
chr13	82450883	83798428	16924	374993	383362.062	312162	321943.964	0.0175862066644568	0.0109564051396073
chr13	83798429	83799423	12	145	269.253	5	228.674	4.62722635074952	-0.850109205702549
chr13	83799424	84216038	5371	120145	122187.9648	98316	101517.4952	0.026820111434941	0.0184747327775446
chr13	84216039	84217088	14	203	313.334	32	210.536	2.09661697389716	-0.583421284930804
chr13	84217089	84625298	5050	114322	114670.2579	93717	95280.8241	0.0244023720939659	0.0384121270137814
chr13	84625299	84636000	140	4721	3163.95	2672	2666.51	0.579313851869573	0.620165995068062
chr13	84636001	87424133	31702	698373	717925.3883	591154	602877.4242	-0.0065900001464254	0.00296417967422962
chr13	87424134	87428935	19	0	434.475	131	361.28	-33.2143655095059	-33.1764806358078
chr13	87428936	94676803	81265	1803301	1841148.8837	1511850	1548175.9973	0.00920385001289535	0.0128342448276306
chr13	94676804	94678304	20	1	455.028	430	382.394	-8.99417277363107	-8.78701113487523
chr13	94678305	100213581	60185	1334198	1368343.095	1110287	1136165.2573	0.00169825294608526	0.0063430835863897
chr13	100217730	100319908	878	16244	20067.184	16330	16514.333	-0.283821897081038	-0.262130933898071
chr13	100319909	114025099	164329	3665900	3731444.6278	3071323	3101552.164	-0.00652126031612368	0.0172334675394242
chr14	322	1936322	6419	114076	145906.8015	98369	123727.4975	-0.0192458741112261	-0.312251522713218
chr14	1936323	17278107	163382	3596503	3706617.7643	3033938	3092703.3638	-0.0109162411536411	-0.000708227769763363
chr14	17278108	17279137	13	0	296.839	126	244.957	-33.2143655095059	-33.1764806358078
chr14	17279138	39839597	248636	5446674	5634299.6556	4649255	4782964.6874	-0.0030397511466462	-0.00606046101159113
chr14	39839598	39847025	18	206	406.435	0	350.301	32.2438160810393	-0.937579993851649
chr14	39847026	40544651	6361	138589	144339.8963	122283	124199.5297	-0.0313060718758361	-0.0158570568414438
chr14	40544652	40545331	9	85	203.586	1	175.404	6.19934964329071	-1.2173032952295
chr14	40545332	40887862	3824	81652	86716.2848	71738	74618.508	-0.0251032960917536	-0.0440144113034649
chr14	40887863	40891098	40	158	906.318	0	772.999	30.7041036088138	-2.47729246553423
chr14	40891099	61656736	212766	4642546	4823410.9592	3979779	4102591.5628	-0.00637487651505407	-0.012337216142001
chr14	61656737	61683390	19	191	428.891	1	362.393	7.33928826134152	-1.12423809061876
chr14	61683391	61953239	3085	67783	69915.1913	58281	60163.6377	0.00609913681449364	-0.00188215754195759
chr14	61953240	61958144	42	467	950.096	733	810.384	-0.874942812914766	-0.981850430914112
chr14	61958145	62739018	8282	178980	187660.9304	153862	160758.6497	-0.000155102370498678	-0.0255296264058683
chr14	62739019	62746444	39	410	882.189	0	755.703	32.1187325263704	-1.06266354849478
chr14	62746445	98555351	365660	8148533	8309879.27	6815142	6967011.8015	0.00842456307613657	0.014513147107814
chr14	98555352	98556176	11	119	251.067	0	219.214	32.147085547124	-1.03431052774721
chr14	98556177	102568134	29583	630063	669620.7005	536756	569983.7328	0.00372173523550502	-0.0450477235968062
chr14	102568135	102571152	39	420	879.033	759	746.426	-1.08471320521607	-1.02272768570528
chr14	102571153	115493372	144577	3170767	3278182.0024	2676118	2762476.77	0.0026719534813854	-0.00526377425133719
chr15	0	6108293	55662	1229939	1262307.8789	1019800	1054753.0689	0.0160574181433154	0.00532324985878663
chr15	6108294	6108968	9	8	203.013	104	173.228	-3.92442424924602	-4.62262798683771
chr15	6108969	6597371	5337	115056	120753.719	98943	103247.2072	-0.00338275359482933	-0.0269310890385577
chr15	6597372	6598196	11	10	245.619	120	207.596	-3.8226905792542	-4.57554994381323
chr15	6598197	6681080	964	22066	21794.6	18673	18669	0.0224607659701582	0.0606547170008881
chr15	6681081	6681680	8	0	181.286	69	156.282	-33.2143655095059	-33.1764806358078
chr15	6681681	7646684	11428	255667	258676.0128	220028	221817.4264	-0.000279297789286868	0.0259199930286964
chr15	7646685	7654167	96	4	2178.7	941	1834.02	-8.12159361735768	-9.04645144866739
chr15	7654168	7654917	10	207	224.939	185	193.779	-0.0481006483093955	-0.0771027368100596
chr15	7654918	7656636	20	0	454.65	243	392.519	-33.2143655095059	-33.1764806358078
chr15	7656637	20651720	146172	3231140	3309031.1885	2722539	2786493.1067	0.00404768037744575	0.00843468528307792
chr15	20651721	20651945	3	0	67.1904	40	57.5795	-33.2143655095059	-33.1764806358078
chr15	20651946	29353834	66496	1454147	1508351.2724	1235245	1261310.0965	-0.0177580977989601	-0.00999901761881436
chr15	29353835	29895296	211	2243	4778.0701	2979	4045.3893	-0.644632539549268	-1.048198086213
chr15	29905967	29952152	52	977	1177.449	732	986.952	0.166817607283611	-0.22643379178418
chr15	29952153	30406082	246	3446	5566.678	5087	4729.1173	-0.792222660704863	-0.649093619224234
chr15	30406083	30450542	70	1520	1581.6635	1586	1348.6933	-0.286286396953297	-0.0145710612069871
chr15	30450543	30571143	295	5625	6682.823	4440	5684.3526	0.11274724295945	-0.205804254175176
chr15	30571144	30772259	236	3802	5343.0531	4499	4539.7582	-0.472979292782817	-0.448105509679556
chr15	30772260	30919046	166	3444	3761.0242	2877	3171.7468	0.018587377241215	-0.0842401333521907
chr15	30919047	31017432	60	681	1361.272	1453	1145.944	-1.33681138085309	-0.956428348333058
chr15	31017433	31904139	477	6472	10793.8002	7772	9120.6621	-0.502151277771098	-0.695119061294864
chr15	31904140	31950404	105	2236	2375.07	2030	2026.28	-0.0847805885477507	-0.0442495329548344
chr15	31953379	31983316	119	1425	2695.91	3351	2273.03	-1.47486993680431	-0.877010101915127
chr15	31983317	32168254	120	3438	2706.3528	4748	2291.092	-0.701149479868027	0.388019936776452
chr15	32168255	32758803	4914	104276	111199.338	81528	93945.1973	0.116698173156922	-0.0499407384657988
chr15	32758804	34892234	24042	552434	549269.6568	446280	448242.3951	0.0195329106971011	0.0510878318500153
chr15	34892235	34894492	22	989	494.887	370	421.602	1.19214325528217	1.04167168903179
chr15	34894493	72468242	398394	8819663	9031861.4326	7428196	7610581.3751	0.00561040163954606	0.00850049220086457
chr15	72468243	72481667	144	1597	3267.51	1	2803.37	10.425034150644	-0.990027025190837
chr15	72481668	73728860	13870	299474	314857.09	262182	271073.0307	-0.0192380159328966	-0.0294660860564454
chr15	73728861	73736408	34	391	771.421	3	673.663	6.83548634679684	-0.93754949936862
chr15	73736409	74097842	3702	82208	84022.9561	72389	72382.176	-0.0267253160261323	0.0112955648755707
chr15	74097843	74107642	54	2530	1226.15	1144	1066.1	0.948173060431743	1.08780221738
chr15	74107643	74373497	2671	58719	60638.726	52699	52194.7622	-0.0553671528926561	-0.0036117311422058
chr15	74373498	74375271	23	234	522.661	440	452.855	-1.11290587993372	-1.11656666887369
chr15	74375272	75542225	12658	271906	287312.2335	239439	247487.3627	-0.0268992956694308	-0.036711122763782
chr15	75542226	75543079	9	112	204.254	0	177.708	32.3573307889163	-0.824065285996144
chr15	75543080	86827848	128911	2801756	2921184.3666	2425561	2500416.8911	-0.0114564645038816	-0.0174217821035283
chr15	86827849	86828523	9	0	201.935	86	169.426	-33.2143655095059	-33.1764806358078
chr15	86828524	95309262	94151	2063646	2133319.0197	1790095	1821283.2042	-0.0180696531053038	-0.00510390079474307
chr15	95309263	95310312	14	3	317.155	143	271.288	-5.79535624192054	-6.68128144740712
chr15	95310313	96729426	16059	350272	364436.4266	307097	313368.836	-0.023108767718887	-0.0143911883978466
chr15	96729427	96731694	29	0	653.87	288	564.477	-33.2143655095059	-33.1764806358078
chr15	96731695	97045738	3769	81611	85546.935	72180	73431.4124	-0.0382389007446037	-0.0251522330952538
chr15	97045739	97046402	7	0	157.915	74	138.548	-33.2143655095059	-33.1764806358078
chr15	97046403	105433303	94663	2062338	2145152.115	1775506	1822812.278	-0.0139479596033233	-0.0139988433937703
chr15	105433304	105437135	51	647	1151.15	1	966.796	9.09074477579231	-0.788437904690619
chr15	105437136	106442861	12568	279099	285095.8997	235329	236966.4642	-0.0157511114819087	0.0121299781826006
chr15	106442862	106451057	103	1001	2335.93	1638	1924.492	-0.985097311483704	-1.17975475454992
chr15	106451058	106498168	620	13903	14028.7	12153	11658.3	-0.0680247220413924	0.0298152109162746
chr15	106498169	106521936	311	3483	7091.855	0	5782.263	32.198363821957	-0.98303225292482
chr15	106521937	109991775	28840	643105	654917.1522	530179	545571.8689	0.0199470599032931	0.0165422038187645
chr15	109991776	109994055	26	885	591.138	356	499.967	1.07705356307777	0.624982804325538
chr15	109994056	110183669	2231	49117	50555.5949	41735	43194.7596	0.012865647322417	0.00115199722796729
chr15	110183670	110184119	6	118	136.488	3	118.385	5.09730816260616	-0.167186942416754
chr15	110184120	111239624	9808	215366	222325.6068	186122	190947.9754	-0.00403714708850868	-0.00308330157366046
chr16	17697	59897923	611319	13437917	13879609.0566	11358660	11697098.0691	0.000616039926881806	-0.00385709472604314
chr16	59897924	59901598	46	433	1039.72	815	873.069	-1.15954507112501	-1.22095581469744
chr16	59901599	66894516	77691	1699565	1758635.5054	1448387	1485489.8184	-0.0078839388389892	-0.00649064884033951
chr16	66894517	66894891	5	0	114.418	110	99.9233	-33.2143655095059	-33.1764806358078
chr16	66894892	72206325	56747	1250211	1286935.5275	1057501	1079090.1972	-0.00769630718294566	0.0010321347964336
chr16	72206326	72208630	20	317	454.061	107	380.848	1.31811667537206	-0.47560297314298
chr16	72208631	78865248	74261	1632398	1683024.8354	1378014	1412335.3764	-0.00365600860349453	-0.00126330447385427
chr16	78865249	78866122	11	36	253.056	125	216.116	-2.01859463971693	-2.77058755554486
chr16	78866123	90663715	135054	2989406	3073481.6055	2520957	2560324.5432	-0.0127443788551951	0.00278530948197052
chr16	90663716	90666025	27	182	607.9871	351	481.3398	-1.279602135387	-1.69730194955984
chr16	90666026	90668716	14	304	315.786	244	269.207	0.0918743266118352	-0.012075575547644
chr17	545	8916508	95071	2105227	2163008.6003	1759972	1791822.1794	-0.00827316467961223	0.00373671457235322
chr17	8916509	8919723	41	519	934.053	1	772.529	8.75059073409459	-0.804969561696327
chr17	8919724	8923068	43	593	984.482	834	804.698	-0.778017220930709	-0.688532410449256
chr17	8923069	9824942	9899	227321	228260.5618	180002	181965.2934	0.014615162151433	0.0368496638215137
chr17	9824943	9825462	6	67	137.915	1	111.788	5.76799056587019	-0.998746062666347
chr17	9825463	48010065	409365	8965017	9285048.1118	7530363	7774634.3216	0.000367780967078146	-0.00780275367412727
chr17	48010066	48492738	399	7836	9045.0168	8098	7731.4247	-0.268921698750815	-0.164205471638747
chr17	48492739	84831862	389522	8522530	8819131.4365	7235789	7455769.8904	-0.00123236930827679	-0.00655449110945135
chr17	84831863	84851089	236	4387	5349.519	2998	4439.95	0.285284014302111	-0.243374158361382
chr17	84851090	88135728	36202	791903	820256.8916	669147	687255.5198	-0.00731323660005201	-0.00795177098119666
chr17	88135729	88136253	7	1	158.303	73	134.894	-6.41577152411783	-7.26374445011709
chr17	88136254	89385792	14283	314510	323144.5394	266088	274326.2931	0.00983117180940777	0.00372658954703128
chr17	89385793	89412154	111	670	2507.182	159	2067.555	1.80190874799684	-1.86103341302273
chr17	89412155	89420092	20	610	452.2454	448	379.5246	0.197313522352631	0.474503727254843
chr17	89420093	89463173	91	2044	2057.6796	391	1741.0641	2.15002108285168	0.0331771509071707
chr17	89464669	89641485	1704	33892	38623.338	29363	32774.3233	-0.0250460221837746	-0.145727766367707
chr17	89641486	89653336	103	2283	2338.0734	1962	2008.1439	0.00406368967131359	0.00841095113853371
chr17	89653337	89659072	32	552	734.547	3174	604.01	-2.80092888527293	-0.369386224335916
chr17	89659073	90616926	8032	178561	181739.9233	149314	154241.8888	0.0263022577361839	0.0173419499748711
chr17	90616927	90617165	3	0	68.7003	61	56.5614	-33.2143655095059	-33.1764806358078
chr17	90617166	90843705	2871	64769	65073.3513	52755	54449.6328	0.0437665381842387	0.036036928059923
chr18	0	11703594	125947	2726952	2855046.304	2328890	2415307.9124	-0.00874477615409684	-0.0234245245656717
chr18	11703595	11805830	1228	35648	27773.0536	20186	23570.2723	0.588664136363854	0.402935643225662
chr18	11805831	32669989	231635	5135112	5254335.9039	4348773	4421652.0441	-0.00422015635537016	0.00968762285724376
chr18	32669990	32673664	49	1389	1109.54	691	858.151	0.641546175211134	0.366885233463508
chr18	32673665	38376908	51804	1153263	1171485.3879	970017	996051.0468	0.0205076847656812	0.0201829089132536
chr18	38376909	38536859	673	12839	15261.6844	12891	13079.9675	-0.223471146920418	-0.20658104628134
chr18	38536860	40903037	21587	472460	488529.0075	401298	415884.1042	0.00817098041754695	-0.00545172350922601
chr18	40903038	40905621	34	431	777.418	652	645.76	-0.85996108769803	-0.808202328960143
chr18	40905622	44748195	42070	917925	952521.7753	791171	812162.3835	-0.0106816905328794	-0.0105754791818163
chr18	44748196	44754130	79	944	1795.63	1519	1488.34	-0.952133633785648	-0.884831026962573
chr18	44754131	46142204	14681	319542	332400.2183	271802	283947.9265	0.0110699832872496	-0.0141154476055249
chr18	46142205	46145729	47	536	1071.78	902	924.704	-0.958924258785433	-0.956903580785843
chr18	46145730	54524786	96357	2149021	2179937.5229	1831950	1848183.6608	-0.00296376608247079	0.0221931060112569
chr18	54524787	54529551	62	747	1405.45	0	1199.43	32.3123444067593	-0.869051668144868
chr18	54529552	60530586	67826	1528843	1540131.3528	1276764	1285762.29	0.00443436663578788	0.0321871752848304
chr18	60530587	60535612	67	0	1516.39	624	1264.18	-33.2143655095059	-33.1764806358078
chr18	60535613	61053680	4645	98443	105666.0353	82874	87080.395	-0.0258073564409903	-0.059350877209418
chr18	61053681	61054880	16	0	362.188	320	302.903	-33.2143655095059	-33.1764806358078
chr18	61054881	61798643	8745	193239	198536.7809	163439	164690.2931	-0.0231013316689469	0.00378029961996762
chr18	61798644	61799384	9	113	202.771	2	171.06	5.57974549951214	-0.800728249078947
chr18	61799385	63310984	17094	376542	387486.4305	314020	324175.4209	0.00949870599926595	0.00146531811347721
chr18	63310985	63312919	25	323	591.706	509	442.428	-1.07065388367591	-0.830546046087141
chr18	63312920	70871160	89524	1962874	2027039.1393	1666698	1711460.2632	-0.00325585968145243	-0.00360606539901322
chr18	70871161	70871835	9	132	208.908	4	164.536	4.7048450882308	-0.619529497680968
chr18	70871836	76937529	62667	1389549	1426222.8959	1156493	1179968.5489	-0.00367544817610454	0.00521755311501684
chr18	76937530	76939329	24	0	548.529	189	449.152	-33.2143655095059	-33.1764806358078
chr18	76939330	77216193	2359	53048	54170.0309	43115	43671.9573	-0.00676380268287597	0.0126037595568209
chr18	77216194	77217318	15	0	349.405	125	271.915	-33.2143655095059	-33.1764806358078
chr18	77217319	84406616	78088	1719762	1773530.5968	1449438	1483985.6787	-0.00551631193987808	-0.0016149841439551
chr18	84406617	84409719	41	639	933.046	274	807.846	1.01868756568333	-0.503331964533905
chr18	84409720	84894801	5229	115634	118578.2632	98811	101970.3806	0.0140481164466162	0.00652639970181634
chr18	84894802	84896532	23	432	519.387	0	447.542	32.958417796106	-0.2229782788961
chr18	84896533	84990541	1185	26281	26885.3134	22618	23154.8084	0.00595777667759995	0.0100021958058988
chr18	84990542	84991066	7	114	159.979	0	138.524	32.7353476736703	-0.44604840130279
chr18	84991067	86399647	15870	344228	359423.0007	293463	308236.5286	0.0134563821150985	-0.0195179685087979
chr18	86399648	86403308	43	17	977.389	394	834.933	-4.75694597134746	-5.80252589506478
chr18	86403309	86565267	1865	39952	42275.6296	34844	36311.3489	-0.0171328011866382	-0.0387582008815046
chr18	86565268	86571753	86	2094	1952.79	893	1684.05	1.02084296172363	0.14352494308425
chr18	86571754	88201446	10552	223200	239331.0917	191992	205415.8709	0.00174609024820155	-0.057870490369464
chr19	0	25563407	280934	6222516	6382690.2404	5246162	5338734.788	-0.00651563578155424	0.00613371426219783
chr19	25563408	25564778	18	4	419.072	204	323.329	-6.04170511397237	-6.66825399363141
chr19	25564779	26354484	8903	204282	205233.8918	158853	163218.8123	0.0373235476582176	0.0360934083989401
chr19	26354485	26360588	5	3	113.34	138	98.875	-5.71562592204735	-5.19675047809731
chr19	26360589	26851890	305	1590	6903.6085	1242	5793.744	0.108422318103459	-2.07552357315924
chr19	26851908	27199587	144	947	3263.8192	1279	2788.3458	-0.655816145405709	-1.74232449673666
chr19	27199588	28561082	3870	72088	87791.3824	61317	73949.6459	-0.00914864282941539	-0.241519894755834
chr19	28569676	28629640	12	52	271.7804	172	226.3781	-1.98461661632197	-2.34305757476382
chr19	28634678	49791799	238002	5255841	5398083.7057	4427173	4512384.4698	-0.00610603226896741	0.00427459682914825
chr19	49791800	49792174	5	65	103.597	1	66.6875	5.39178928829224	-0.629670288986655
chr19	49792175	59681174	118013	2647350	2718882.9575	2149648	2172497.9796	-0.0182952711283275	0.00433520847093435
chr19	59681175	59686047	63	735	1443.62	852	1189.105	-0.48800866366287	-0.931074567260964
chr19	59686048	62275498	28249	623958	639597.1845	524220	536966.2288	0.00385973253014338	0.00708564645524452
chr20	747	4008	7	501	157.146	15	136.006	4.85825638384164	1.71550536633959
chr20	4009	159202	129	1654	2948.3903	1282	2392.6068	0.0711342190709279	-0.791167969342666
chr20	159203	186878	116	1168	2644.3721	469	2176.8241	1.04059552082665	-1.13608461081367
chr20	186879	198546	126	2422	2868.826	2071	2353.9451	-0.0545930441669743	-0.201461290168862
chr20	198547	200024	19	14	426.361	391	362.489	-5.032892693393	-4.88577642850519
chr20	200025	266371	742	13230	16862.1303	12385	14186.9431	-0.14908841884433	-0.307173437754032
chr20	266372	266821	6	8	135.789	109	116.29	-3.98690845566118	-4.04242248868653
chr20	266822	452023	1686	36567	38221.2324	31082	32617.178	0.0106360422524665	-0.0210317127791773
chr20	452024	521314	186	4614	4207.462	19	3603.376	7.70518914536652	0.175868075409732
chr20	521315	653822	979	22283	22150.147	18828	19024.735	0.0285392445198974	0.0514275182741587
chr20	653823	656279	15	317	342.349	74	288.572	1.85726462765143	-0.0681846447436904
chr20	656280	661034	63	1522	1424	1126	1238.57	0.238403231831214	0.13881952573796
chr20	661035	662961	22	583	501.027	175	435.6736	1.5394157436784	0.261407845257946
chr20	662962	782771	943	21236	21384.1031	17850	18155.5612	0.0193762387052982	0.0327736613538188
chr20	782772	794682	119	4530	2690.9903	2203	2316.7189	0.828902808762186	0.794174172804104
chr20	794683	814764	161	2523	3648.514	2199	3121.2989	-0.0219544298265092	-0.489368470060468
chr20	814765	1161878	1125	24395	25511.0257	22281	21872.1792	-0.0863369986258822	-0.0217351088319533
chr20	1161879	1172808	78	3580	1770.68	11	1531.44	8.14181300817305	1.05845639103646
chr20	1172809	1284340	717	15420	16248.354	12782	13906.742	0.0510955075714441	-0.0326904983586852
chr20	1284341	1286313	17	2	390.263	207	324.5102	-6.95475436512353	-7.56550253898773
chr20	1286314	1603096	1577	32401	35736.9017	27360	30512.2984	0.0208618453278581	-0.098575908476745
chr20	1603097	1606659	43	1454	972.6082	773	837.5733	0.700759087441757	0.622896922406037
chr20	1608343	2872493	10427	228239	236534.4211	186849	197752.511	0.0352337980176459	-0.00870449927370066
chr20	2872494	2876482	5	1	112.98	82	94.1585	-6.61554071431119	-6.77712326619526
chr20	2876483	2883504	17	629	385.453	104	320.7096	2.3361045105675	0.749305373622356
chr20	2883505	3243149	1092	25640	25022.4677	17049	20053.8076	0.27427669186785	0.077972500967409
chr20	3243150	3245423	18	0	406.243	175	335.839	-33.2143655095059	-33.1764806358078
chr20	3245424	3250994	17	110	391.7482	263	310.6906	-1.58709188884832	-1.7896228085054
chr20	3250995	3266018	55	26	1257.02	476	1026.88	-4.48120260718298	-5.55255185063102
chr20	3266019	4034151	7566	159090	174635.9139	124203	138633.4158	0.0289833353590637	-0.0917068123780575
chr20	4034152	4044844	122	2818	2778.08	1041	2284.43	1.15936307296064	0.063383779841035
chr20	4044845	4046353	20	531	462.685	4	339.599	6.61128536033057	0.241481845960499
chr20	4046354	4047628	17	417	400.215	232	313.181	0.497059467495445	0.102072456616916
chr20	4047629	4065740	218	4633	4948.5291	24	4113.911	7.33119470154195	-0.0522527668769322
chr20	4065741	4071972	82	1550	1875.131	740	1520.956	0.769573508111344	-0.231922859641179
chr20	4071973	4073472	20	455	454.311	25	373.747	3.90916374458026	0.0449866214661467
chr20	4073473	4098115	322	4883	7381.265	3664	6005.793	0.121750378270143	-0.553299995057939
chr20	4098116	4099183	11	212	248.985	37	212.553	2.29514631866861	-0.189194252311943
chr20	4099184	4278054	1895	41473	43217.715	34219	35577.48	0.00163177963293431	-0.0166500729374579
chr20	4278055	4280122	21	591	485.408	0	388.791	33.5081566329297	0.326760557872667
chr20	4280123	5378506	8192	181642	190680.4788	136181	147958.3608	0.0545219032592018	-0.0272590129243218
chr20	5380310	5388624	31	43	707.632	161	568.922	-2.21450510326547	-3.99779040960198
chr20	5388625	5497967	996	21800	23284.3734	15601	17873.9761	0.106103609430215	-0.0522336104499184
chr20	5497968	5498492	7	0	165.897	71	127.337	-33.2143655095059	-33.1764806358078
chr20	5498493	18214128	138441	3057137	3179346.6656	2510909	2576460.5694	-0.0144529172489248	-0.013748813191123
chr20	18214129	18216533	30	285	679.7716	561	564.5847	-1.23998346824307	-1.21128785647229
chr20	18216534	19756891	18354	389506	416588.2316	335281	346168.606	-0.0459569300664272	-0.0541762194363993
chr20	19756892	19760499	47	510	1079.86	957	869.92	-1.21499588393567	-1.03947481867439
chr20	19760500	20821917	13218	287339	300273.7793	245901	248629.0144	-0.0426921772565854	-0.0207243666996944
chr20	20821918	20868256	487	9173	11026.069	8572	9247.148	-0.151160921526145	-0.222652676712385
chr20	20868257	20868631	5	71	112.216	3	95.1354	4.33147583510068	-0.617587150168489
chr20	20868632	27611622	76671	1675608	1735942.1252	1437939	1467596.6684	-0.0166656743859923	-0.00823385985442985
chr20	27611623	27615300	49	565	1104.6	967	945.594	-0.994580828738088	-0.924400946533265
chr20	27615301	32993911	62724	1395817	1434292.5545	1145327	1173026.8125	0.000162357007216115	0.00357079874564795
chr20	32993912	33000658	27	234	611.703	513	525.035	-1.34795260875395	-1.34352250830956
chr20	33000659	56205872	255476	5523876	5795469.7035	4722984	4897457.3557	-0.0119949356200613	-0.0264443440438609
chrX	598	21257706	185849	4062560	4211485.1217	3460696	3568730.7611	-0.00267566220161078	-0.00913963578808364
chrX	21257725	21260571	34	331	770.988	686	644.229	-1.3055967201731	-1.17707687513367
chrX	21260572	22594729	12113	266596	274464.0631	223738	232450.2238	0.0180648193454833	0.000838185046974076
chrX	22594730	22609966	95	664	2168.909	1183	1819.1382	-1.08199386252186	-1.66491406351081
chrX	22609967	23792750	9832	209372	222643.765	180125	189309.1227	-0.0120077473715586	-0.0458683784926647
chrX	23792751	23823061	93	1189	2108.81	16	1797.86	5.99029998820263	-0.783880088345151
chrX	23823062	38341651	143577	3152874	3248437.0935	2691921	2769092.2419	0.00261422867673462	-0.000277938246731162
chrX	38341652	38346652	53	2370	1200.5793	907	1018.522	1.15337448646407	1.02395667345186
chrX	38346653	39068206	7511	162022	169945.9099	139914	144895.0929	-0.0135020714538615	-0.0260856062820848
chrX	39068207	39070083	25	127	563.048	0	477.162	31.0757669675335	-2.10562910700247
chrX	39070084	39097245	328	7357	7430.641	6297	6396.4304	0.0131487114453339	0.028431235173769
chrX	39097246	39103001	23	134	519.311	1	450.221	6.86503913116647	-1.91156547048104
chrX	39103002	112386400	700501	15187650	15887697.3685	13155590	13588462.7027	-0.0133896528437028	-0.0222110768410201
chrX	112386401	112394903	71	1839	1659.161	1951	1185.9689	-0.564764568405663	0.191267905065788
chrX	112394904	155776346	415309	9041175	9409802.5238	7794116	8042411.6733	-0.00749594522320547	-0.014853854445663
chrX	155776347	155847540	219	3774	5098.4322	3344	3853.6593	-0.224389633224032	-0.39115894127384
chrX	155847541	157389858	13543	315892	308697.8602	254472	254627.7978	0.0390343623925554	0.0760362316790672
chrX	157389859	159969947	18010	388744	407277.4737	332232	345070.5096	-0.00757602842409894	-0.0243913002416491
