chrom	start	end	binNum	tumor	tumor_expect	normal	normal_expect	log2.copyRatio	log2.TumorExpectRatio
chr1	987	282763000	2756451	50994783	52356648.866	50994783	52356648.866	-1.48122437246064e-10	0.000120491091465703
chr2	0	266433159	2713480	50685646	52147271.6435	50685646	52147271.6435	-1.48429806019106e-10	-0.00287094376163577
chr3	534	177699918	1907882	35468364	36316131.4269	35468364	36316131.4269	-1.47717844478631e-10	0.00406584880764814
chr4	784	184224823	1962168	36646805	37510688.9578	36646805	37510688.9578	-1.47670433766374e-10	0.00452925335394825
chr5	34651	173707145	1885144	34859332	35896842.9418	34859332	35896842.9418	-1.48563388904315e-10	-0.00416845359734661
chr6	0	147989969	1609011	29938259	30716814.9705	29938259	30716814.9705	-1.48021369139868e-10	0.00110528617173722
chr7	794	145729228	1492080	27512912	28382568.6537	27512912	28382568.6537	-1.48829753818108e-10	-0.00675272643763807
chr8	510	133306290	1433193	26574062	27225695.5336	26574062	27225695.5336	-1.47807220078088e-10	0.00319345316611509
chr9	501	122086633	1297465	24191170	24771315.1539	24191170	24771315.1539	-1.47729376814045e-10	0.00395367071905815
chr10	1186	112626397	1275641	23441160	23997912.761	23441160	23997912.761	-1.47696061178405e-10	0.00427862253757352
chr11	797	90463331	970091	18181034	18612556.3282	18181034	18612556.3282	-1.47693658608527e-10	0.0043016265774479
chr12	322	52716696	528474	9580991	9833867.6422	9580991	9833867.6422	-1.4807726893236e-10	0.000559539889757592
chr13	0	114025099	1215630	22653460	23254224.5639	22653460	23254224.5639	-1.48095528463432e-10	0.000382176160242387
chr14	322	115493372	1192672	22193592	22823078.3666	22193592	22823078.3666	-1.48361573034574e-10	-0.00220662029585526
chr15	0	111239624	1140153	21291494	21844372.8825	21291494	21844372.8825	-1.48015763143486e-10	0.00115908676864745
chr16	17697	90668716	955174	17764319	18236253.6833	17764319	18236253.6833	-1.4810225565909e-10	0.000316589961639427
chr17	545	90843705	967564	17874793	18418862.0266	17874793	18418862.0266	-1.48660773070031e-10	-0.00511380527968982
chr18	0	88201446	952177	17775891	18196118.2528	17775891	18196118.2528	-1.47680044045886e-10	0.00443474988275318
chr19	0	62275498	678413	12568599	12806142.7274	12568599	12806142.7274	-1.4699611248732e-10	0.0111314396926024
chr20	747	56205872	605295	11076305	11464437.7278	11076305	11464437.7278	-1.493250035556e-10	-0.0115453240025579
chrX	598	159969947	1506265	28220701	29135839.0387	28220701	29135839.0387	-1.48947800084774e-10	-0.00789744242225496
