chrom	start	end	binNum	tumor	tumor_expect	normal	normal_expect	log2.copyRatio	log2.TumorExpectRatio
chr1	987	24849387	257613	5552840	5794952.4945	4767125	4932002.6975	-0.00912578912507815	-0.0202167684525429
chr1	24849388	24971665	166	993	3716.2854	516	3142.2925	0.705769915639984	-1.86264143813721
chr1	24976802	30478251	44910	1002926	1022190.9878	852870	868895.4926	0.00279828245006937	0.013904624396527
chr1	30478252	30479458	14	3	324.431	254	274.532	-6.64126844261224	-6.71545111260269
chr1	30479459	31272479	7570	166632	172134.8581	140778	146246.9779	0.0115022055159935	-0.00551955755669346
chr1	31272480	31385444	126	1309	2851.045	10	2424.836	6.80210870284922	-1.08167147365444
chr1	31385445	31518544	1297	29885	29405.983	24773	24983.726	0.0389229727097347	0.0646660636152175
chr1	31518545	31522345	49	533	1119.4	1010	952.481	-1.15172020317441	-1.02916397519636
chr1	31522346	38428910	75419	1661575	1678858.1729	1406806	1427108.5584	0.00913383071270929	0.0264252951295996
chr1	38428911	38496784	22	224	501.1381	26	417.1753	2.8457518027849	-1.12035525378184
chr1	38496785	61509137	224054	4854943	5012081.592	4123634	4259225.6581	0.00411041991692447	-0.00460130355620779
chr1	61509138	61511611	30	347	682.887	1	580.317	8.20737717642368	-0.935356967500213
chr1	61511612	62958059	12577	279314	287312.7723	238500	243971.5828	-0.00461930607415516	0.000619998391022024
chr1	62958060	62995084	43	692	971.043	90	827.476	2.71534850101696	-0.447408905573511
chr1	62995085	63000821	19	478	439.956	1	372.857	8.66552101912917	0.161005610556679
chr1	63000822	63010649	3	46	69.935	47	59.2332	-0.267244436779091	-0.563026553660226
chr1	63010650	63097769	173	1703	3993.219	78	3388.571	4.21497638408313	-1.1881195212207
chr1	63097770	63104322	60	1330	1379.7	901	1172.217	0.330103381245444	-0.0115741184257566
chr1	63104323	63132023	146	1425	3329.437	0	2831.219	31.9983557116873	-1.18296208270323
chr1	63132024	63708935	1095	24150	25081.8459	19930	21272.7281	0.0428340988599025	-0.0132660988172332
chr1	63708936	63711056	20	210	453.289	0	374.585	32.1126302102147	-1.0686875842015
chr1	63711057	63714502	20	336	438.166	226	372.519	0.341366015098531	-0.341662068630955
chr1	63714503	63720583	76	912	1682.62	71	1437.378	3.45926408912407	-0.842249428673712
chr1	63720584	63748026	178	3520	3958.569	2350	3373.0816	0.355393978298725	-0.128049330285259
chr1	63748027	63757691	22	257	494.808	45	419.056	2.27743676029139	-0.903746226887058
chr1	63757692	63769750	127	3035	2829.87	2364	2414.44	0.134810399016578	0.142314976540636
chr1	63769751	63777516	37	408	818.888	10	699.854	5.12727616105725	-0.963742755009415
chr1	63777517	63780536	20	276	438.6566	82	375.9766	1.53191443559668	-0.627069468937591
chr1	63780537	63830461	96	1167	2188.403	62	1857.193	4.00102892586418	-0.865719638005716
chr1	63830462	63832965	33	291	746.746	232	634.853	0.0960904029700106	-1.31824421190089
chr1	63832966	63978783	108	1472	2431.287	546	2053.731	1.19072292237118	-0.682588294716253
chr1	63978784	64071494	14	131	314.366	0	268.794	31.9597936532195	-1.22152414116192
chr1	64071495	65094497	7825	167370	174355.2118	142485	147998.1093	-0.000828750606699066	-0.0176342929644386
chr1	65094498	65111385	90	928	2059.348	5	1745.479	7.30087928964635	-1.10863669511281
chr1	65111386	65186757	394	8511	8948.6414	7410	7605.5083	-0.0313778013408288	-0.0309857755231409
chr1	65186758	65197843	30	471	702.5075	7	594.3579	5.8344377021717	-0.535432328386506
chr1	65197844	65238148	3	74	70.4007	63	59.3368	-0.0110981213376891	0.113289736358243
chr1	65238149	65239642	15	143	344.569	2	294.67	5.93756967772816	-1.22742352518224
chr1	65239643	65253912	78	1745	1796.846	1197	1525.6688	0.311170010807367	-0.000885491079798323
chr1	65253913	65263199	68	828	1558.34	76	1326.83	3.2169240277816	-0.870953123864791
chr1	65263200	65274386	103	1167	2365.09	8	2010.09	6.95734490857228	-0.977736283646683
chr1	65274387	65292195	55	670	1258.85	57	1071.65	3.32624576631716	-0.868519146785866
chr1	65292196	65370926	328	7203	7518.4561	5840	6376.5659	0.0683638521272905	-0.0204842940705703
chr1	65370927	65420838	19	166	439.219	3	372.45	5.55557429539357	-1.3624029834602
chr1	65420839	68577480	19357	416273	439086.3563	355749	372643.8656	-0.00664582576520031	-0.035620480531355
chr1	68577481	68581141	48	599	1103.98	0	938.195	32.3405859060045	-0.840731888457264
chr1	68581142	70324295	9592	208645	215094.69	178287	183018.3803	-0.00274344377242342	-0.00256732221970718
chr1	70324296	70326579	30	372	682.793	1	581.223	8.31019333848053	-0.834791407071017
chr1	70326580	70879410	1949	41276	43867.0954	34705	37251.1435	0.0176962533870431	-0.0464817760719059
chr1	70879411	71083403	47	460	1058.97	54	901.217	2.86127834534284	-1.16160171333928
chr1	71083404	81444235	86698	1865076	1937832.4627	1564655	1629811.8348	0.00704248671402339	-0.0138551869877138
chr1	81444236	81446562	30	2	659.743	335	562.37	-7.61501067555446	-8.32440604129572
chr1	81446563	82600166	11491	246368	254201.2131	204728	209269.3326	-0.0101124707432876	-0.00380179492245947
chr1	82600167	82600920	10	0	217.731	103	184.563	-33.2158898637699	-33.1779267096239
chr1	82600921	92249760	87546	1890643	1950001.5755	1606280	1637701.6468	-0.0132580775786051	-0.00324407757961944
chr1	92249761	92252760	40	7	879.759	342	740.298	-5.85610873660379	-6.93225537826359
chr1	92252761	96094217	37993	825419	842871.32	704947	714770.8617	-0.00682863379041176	0.01116849324236
chr1	96094218	96198463	26	273	581.063	29	495.082	3.00714013379543	-1.04843940125861
chr1	96198464	97687380	12434	278174	278010.5706	234831	237243.0257	0.0189817344124428	0.0422020830924729
chr1	97687381	97692228	53	2591	1198.16	1091	1017.34	1.01523033867958	1.15404267910054
chr1	97692229	97694760	29	607	658.356	543	559.94	-0.0694602711606994	-0.0758171632517695
chr1	97694761	97697849	40	469	924.984	1	783.132	8.63666217392434	-0.938486248413146
chr1	97697850	107475361	101426	2235195	2260723.334	1880579	1903379.4009	0.00439358704615817	0.0249704913189101
chr1	107475362	107478910	37	405	862.121	697	730.302	-1.01924284929725	-1.04861422042506
chr1	107481820	108568106	9771	215000	223144.2876	181837	189666.6039	0.0105707571532978	-0.0122859754614148
chr1	108568107	108575858	86	1045	1979.11	3	1688.28	8.21841812358403	-0.879994618552337
chr1	108575859	109299227	7164	155985	163658.5373	132874	139147.1197	0.000661735325407833	-0.0279273218524847
chr1	109299228	109308335	108	1407	2466.77	2273	2095.17	-0.924140168807603	-0.768646637902098
chr1	109308336	109580615	1476	30593	33831.4048	25724	28743.2193	0.0183362488611939	-0.103807257898316
chr1	109580616	109616776	15	148	346.7	0	295.877	31.9945813732909	-1.1867364210988
chr1	109616777	113352134	33960	752222	774177.5334	633695	658310.9859	0.0168657861388995	-0.000151700846160424
chr1	113352135	113361026	27	4	617.26	272	523.502	-6.32175500010635	-7.22838023238592
chr1	113361027	115468554	21888	477395	495968.2764	403022	421691.9572	0.0136576086574801	-0.0137101486937476
chr1	115468555	115469231	9	0	210.831	104	178.822	-33.2158898637699	-33.1779267096239
chr1	115469232	116491983	10235	220168	231701.8373	183785	197301.8361	0.0321117576517132	-0.0323104471112441
chr1	116491984	116502790	68	810	1522.428	1202	1293.6574	-0.800970400091678	-0.869025947915136
chr1	116502791	148462921	301126	6509570	6751650.2735	5529958	5733081.6083	0.00275544799730055	-0.0113236898749288
chr1	148462922	148629153	127	541	2841.64	1057	2093.9124	-1.40340649964555	-2.35166905569267
chr1	148629154	148651923	164	1972	3622.8894	2046	2879.8146	-0.38092033679064	-0.836126972466433
chr1	148651924	148663094	35	306	784.467	895	579.309	-1.98234462427962	-1.31682686639871
chr1	148663095	154086997	49955	1102669	1139247.1854	937311	968443.3742	0.00344994716824317	-0.00572678022875501
chr1	154086998	154087852	7	1	154.576	125	132.731	-7.18220415875389	-7.23081826709375
chr1	154087853	158011861	35458	787519	804026.0466	666294	684032.3916	0.0113693192916568	0.0114267317741349
chr1	158011862	158024385	90	3	2031.968	726	1732.529	-8.14547029272369	-9.36234512929841
chr1	158024386	158032689	60	893	1367.431	764	1159.914	-0.00897157198413494	-0.573381717132406
chr1	158032690	158038697	68	6	1553.93	751	1322.48	-7.19699110226423	-7.97538902334588
chr1	158038698	158255728	2187	50092	49710.5905	42518	42213.4382	0.00404666188667222	0.052381213147591
chr1	158255729	158256861	15	2	335.319	335	286.972	-7.60925042493001	-7.3480361584371
chr1	158256862	158267470	136	3035	3108.77	2599	2642.37	-0.00738042087956781	0.00670687195404126
chr1	158267471	158270716	8	2	184.615	142	156.754	-6.38237354171668	-6.48702171417007
chr1	158270717	158580303	3331	77613	76384.2	64759	64870.8	0.0289036794985996	0.0643783111570176
chr1	158580304	158581829	10	2	231.833	201	196.306	-6.88764226004073	-6.81558787351874
chr1	158581910	158840013	2680	60634	61522.0459	51357	52240.9321	0.00703431184979158	0.020377758417474
chr1	158840014	158845789	41	1929	924.727	808	783.756	1.02019409997223	1.10210796480536
chr1	158845790	158847683	25	1	554.416	431	474.298	-8.97332800962131	-9.07347076363449
chr1	158847684	159920534	11394	253136	261486.7941	216348	222065.8749	-0.00580038077665727	-0.00547115188858579
chr1	159920535	159920909	5	0	113.55	96	97.049	-33.2158898637699	-33.1779267096239
chr1	159920910	167755696	95213	2103518	2126144.5973	1772658	1797240.3885	0.00782469713375255	0.0259186861533703
chr1	167755697	167756296	8	3	185.714	82	157.924	-5.00305055411294	-5.9106220174238
chr1	167756297	168128432	3705	83259	84197.963	68954	71561.436	0.0407600785803677	0.0251751395656159
chr1	168128433	168133767	62	753	1396.79	0	1192.87	32.331278668517	-0.850039125943059
chr1	168133768	169032247	8564	196135	196347.8695	165327	166810.6721	0.0147153836659897	0.039789300763815
chr1	169032248	169039717	77	0	1776.63	749	1509.22	-33.2158898637699	-33.1779267096239
chr1	169039718	179060535	108214	2392973	2422882.7952	2014745	2056899.0478	0.0153443222227299	0.0234337409963871
chr1	179060536	180497234	575	2767	13044.2629	1673	11088.6112	0.494939545175724	-2.19566663423287
chr1	180508974	181660015	891	11945	20404.936	12283	17267.9312	-0.277687964472104	-0.731157092305444
chr1	181660016	183115484	1144	19579	26147.0553	14767	22184.6158	0.17323249188945	-0.375987157850361
chr1	183115485	215003378	340249	7485035	7564344.7162	6287368	6417067.2388	0.0176429307448752	0.0261481916150325
chr1	215003379	215004133	10	0	226.242	83	193.212	-33.2158898637699	-33.1779267096239
chr1	215004134	215451956	3031	61078	67038.6464	51380	56614.6746	0.0090200473299227	-0.0929859581412945
chr1	215451957	215453375	18	0	398.855	185	340.585	-33.2158898637699	-33.1779267096239
chr1	215453376	215453900	7	144	153.276	126	131.643	-0.0234648446433797	-0.0487087660065963
chr1	215453901	215465787	143	6	3186.76	1301	2716.09	-7.98761071069599	-9.01155783959835
chr1	215465788	224280532	91696	2009975	2031829.5312	1666222	1695691.1774	0.0130820917490439	0.0257524304411333
chr1	224280533	224294611	17	455	382.892	8	327.18	5.60626085820269	0.290283267301682
chr1	224294612	229094075	43561	950630	974390.9518	793476	823658.1391	0.0216333608881535	0.00573743392243605
chr1	229094076	229096307	18	118	405.977	1	345.611	6.65378522442356	-1.74125689673274
chr1	229096308	233200861	41808	921348	950497.2984	778652	808633.3789	0.0129617972646772	-0.00358211099523825
chr1	233200862	233203420	34	372	759.513	0	647.887	32.1928999968703	-0.988417797562738
chr1	233203421	240532734	84333	1859808	1905217.651	1570076	1622480.1618	0.0159553990625679	0.00655210987609975
chr1	240532735	240620082	835	21142	18962.5599	20686	16137.334	-0.197903239537351	0.198312361495066
chr1	240620083	264121274	235535	5208828	5270025.3342	4431024	4479405.0626	0.00220697749206561	0.0245031409948949
chr1	264121275	264121874	8	85	175.838	0	147.557	32.1739598982132	-1.00735789621602
chr1	264121875	269490111	58753	1315913	1309868.9888	1114170	1105507.2708	-0.00122818959344108	0.0479958268688226
chr1	269490112	269492961	38	0	862.206	330	734.113	-33.2158898637699	-33.1779267096239
chr1	269492962	271140489	20080	450693	456397.2902	382646	388449.6412	0.00696316265685039	0.0232090563712597
chr1	271140490	271141014	7	75	161.637	0	137.069	32.1148770543902	-1.06644074002646
chr1	271141015	277250075	63319	1377191	1415796.1848	1174187	1201350.7698	-0.00349858895278163	0.00146930451488796
chr1	277250076	277250375	4	0	87.2093	45	74.814	-33.2158898637699	-33.1779267096239
chr1	277250376	282763000	59251	1287121	1318285.5162	1096524	1119289.2246	-0.00147860679996622	0.00683905939188172
chr2	0	12249115	103257	2346823	2353794.9773	2002832	2000069.5439	-0.00287978807108647	0.037074612970731
chr2	12249116	12250241	15	212	343.313	0	291.963	32.5272118108839	-0.654105983610067
chr2	12250242	14630809	24656	551940	563319.7853	468727	478413.0108	0.00345710983933028	0.0119115394167638
chr2	14630810	14631563	10	136	230.811	0	195.969	32.4595667038124	-0.721751090670394
chr2	14631564	15641801	10914	243678	250601.4085	206338	212815.0568	0.00756325584481485	0.000935722069135864
chr2	15641802	15654551	74	731	1660.992	1	1403.356	9.27395438869276	-1.14274757385433
chr2	15654552	17178776	15072	338133	346732.1616	286400	294293.3041	0.00638347097857841	0.00512340010496458
chr2	17178777	17180667	25	315	563.068	2	478.591	7.0680831732362	-0.79660309457381
chr2	17180668	18639309	17205	382103	393754.6435	322923	334574.9985	0.0111951753749596	-0.0019811129751713
chr2	18639310	18639834	7	84	159.502	0	136.131	32.2975587528847	-0.883759041568938
chr2	18639835	18735804	1212	27602	27549.6	23555	23453.8	-7.91245685634002e-05	0.0440956736545896
chr2	18735805	18737074	13	134	301.497	0	255.304	32.052761387781	-1.128556406622
chr2	18737075	20211044	15874	346874	359284.5966	300648	305831.699	-0.0226617062000183	-0.00936113821622298
chr2	20211045	20212095	14	184	307.763	0	261.895	32.4805580023983	-0.700759792088016
chr2	20212096	20593090	4105	90719	92191.5861	77945	78417.0139	-0.0111290407239906	0.0181238883120999
chr2	20593091	20603729	100	1042	2259.136	1776	1915.918	-1.00362052640912	-1.07506160641596
chr2	20603730	20614522	40	583	899.755	288	767.742	0.791907516389644	-0.584682091428992
chr2	20614523	30410201	109448	2339163	2436986.3094	2005952	2071050.9427	-0.00963870829324926	-0.0177515102772969
chr2	30410202	30412056	20	278	445.048	2	377.727	6.88571509793892	-0.637521821801072
chr2	30412057	34783549	50293	1087194	1127575.7881	937821	960232.0385	-0.0151534325128211	-0.0112607663451327
chr2	34783550	34785385	6	1	138.111	113	117.622	-7.04845816063679	-7.06833015977904
chr2	34785386	34936033	1868	41584	42468.183	34988	36150.592	0.0201963135974279	0.0110003939803351
chr2	34936034	34937308	17	435	383.578	0	327.516	33.4041674575469	0.222849662946532
chr2	34937309	35100984	1878	41328	42038.9764	34860	35830.2383	0.0183881610823821	0.0167462461773905
chr2	35100985	35101509	7	1	156.14	114	134.034	-7.04974007365652	-7.24534210278541
chr2	35101510	52403974	175765	3838354	3969644.5217	3279445	3378446.5582	-0.00222260831815936	-0.00716780848409399
chr2	52403975	52409304	64	704	1431.85	1187	1222.89	-0.97786724211055	-0.982878790877806
chr2	52409305	52644667	2101	47393	46985.8983	40021	39928.0455	0.0124824779493537	0.0538003954076094
chr2	52661639	52665654	16	481	353.279	778	302.526	-0.914091032109826	0.486583139843679
chr2	52681835	92248637	406885	8846623	9249518.3295	7535093	7863769.1907	0.00073534969211331	-0.0228971557620038
chr2	92248638	92250066	14	0	312.079	171	266.671	-33.2158898637699	-33.1779267096239
chr2	92250067	95906110	39977	863060	899359.0935	739342	763950.2182	-0.00880856282165433	-0.0180821673111309
chr2	95906111	95907689	21	560	482.026	0	409.58	33.438987895067	0.257670100463598
chr2	95907690	113242099	179463	3953814	4093908.8786	3366741	3479056.9758	0.000500662807074844	-0.00887974840862375
chr2	113242100	113243149	14	152	310.483	1	266.93	7.03326573955744	-0.989088714935766
chr2	113243150	115810169	21111	450941	470385.4334	387978	400852.4219	-0.0104172690546028	-0.019550457800495
chr2	115810170	115811722	16	153	353.421	0	303.502	32.0148159206454	-1.16650187374892
chr2	115811723	118616927	33559	733871	753359.2364	631490	641709.74	-0.0112594066288995	0.00354275506391218
chr2	118616928	118618454	20	220	443.298	9	377.584	4.38334656979873	-0.969419090310029
chr2	118618455	135528374	167433	3677463	3786288.0821	3150241	3220034.8859	-0.00706815569287724	-0.000719117986691227
chr2	135528375	135551053	297	3514	6884.29	5971	5840.7	-0.998633879634753	-0.928839441158
chr2	135551054	137354863	15792	352539	363357.7273	303136	308418.688	-0.0152916460745933	-0.00225348213116789
chr2	137354864	137356729	21	0	461.08	204	391.776	-33.2158898637699	-33.1779267096239
chr2	137356730	140466700	35317	781557	801638.7593	665324	681783.4389	0.00204639432326403	0.00475306950006081
chr2	140466701	140467380	8	10	180.125	131	153.469	-3.93915498233386	-4.12957228343897
chr2	140467381	146619625	69075	1514313	1548069.0965	1300601	1317634.001	-0.00964409727454028	0.00954780635774568
chr2	146619626	146621200	21	0	480.546	187	408.801	-33.2158898637699	-33.1779267096239
chr2	146621201	159863655	112611	2441852	2550825.9529	2078315	2170050.6669	0.00271677635401604	-0.0216344638018382
chr2	159863656	159957721	62	554	1370.5763	176	1168.6386	1.42774783359654	-1.26547052425678
chr2	159957722	160694093	232	5568	5205.0362	3287	4411.9436	0.525284990941623	0.138605253352265
chr2	160694094	160728205	86	2805	1928	768	1644.94	1.6431435499533	0.582249958615115
chr2	160728206	161514134	216	2640	4909.4292	1657	4172.3411	0.440657220894287	-0.853663128717323
chr2	161516946	162953298	574	10047	12975.222	7950	10914.938	0.091673814203732	-0.32764020131946
chr2	162972582	196892546	331006	7246909	7482232.5676	6155321	6350212.1399	0.00225874734518217	-0.00474879156631247
chr2	196892547	196946661	26	389	583.717	114	494.14	1.53377817472516	-0.544144690774839
chr2	196951786	238522160	441991	9664492	9949570.6364	8225949	8456214.9307	0.00128063609372887	-0.000586128306522375
chr2	238522161	238523135	13	113	285.461	0	242.631	31.8857011501713	-1.29561664419187
chr2	238523136	244491431	70757	1539885	1592569.0306	1318724	1355104.1352	-0.0058811375834106	-0.0071790555075488
chr2	244491432	244492256	11	0	250.579	214	213.146	-33.2158898637699	-33.1779267096239
chr2	244492257	244507514	199	4583	4516.07	3896	3844.71	0.00549662728157847	0.0625786767544849
chr2	244507515	244508639	15	0	335.209	321	286.814	-33.2158898637699	-33.1779267096239
chr2	244508640	244511533	33	686	763.248	588	648.417	-0.0094464821089434	-0.112589088219027
chr2	244511534	244512690	15	0	347.001	300	294.546	-33.2158898637699	-33.1779267096239
chr2	244512691	246005843	15484	350512	352898.5153	300075	300096.8946	-0.00629317810708287	0.0315647155699028
chr2	246005844	246006612	10	0	223.833	95	189.73	-33.2158898637699	-33.1779267096239
chr2	246006613	246889108	9893	223194	226398.5641	191199	192417.4632	-0.00801071682683463	0.0207876758020505
chr2	246889109	246892433	35	324	807.736	699	686.083	-1.34140827818734	-1.27653578762664
chr2	246892434	248425822	17257	378347	390832.3071	321293	332738.6846	0.00705141831045116	-0.00548548362041408
chr2	248425823	248432473	41	52	926.253	434	779.7	-3.30620760360452	-4.11346853992146
chr2	248432474	249204195	8530	185315	192502.0297	157855	163919.6367	0.00288582403305106	-0.0135397554247468
chr2	249204196	249205395	16	1	365.866	173	311.392	-7.66382058495307	-8.47381724971134
chr2	249205396	261360658	144418	3160509	3237519.3407	2724062	2755173.1204	-0.0149573698448564	0.00662235118167522
chr2	261360659	261380651	9	6	196.69	86	160.266	-4.13336638332842	-4.99346305588279
chr2	261380718	266433159	57064	1266322	1295286.2203	1086523	1102222.8793	-0.0085382770973579	0.00872761243049285
chr3	534	14421969	145567	3194410	3230008.5024	2664360	2693952.8444	0.003338185664873	0.0253657702456671
chr3	14421970	14424671	36	315	799.008	0	670.1714	31.8798139145023	-1.30150387985935
chr3	14424672	16054213	17646	386300	392156.9691	324723	329782.8792	0.00398845252067902	0.019644677896775
chr3	16054214	16835551	5405	107040	122890.4552	89027	104463.1433	0.0348474129154238	-0.157868606624052
chr3	16835552	17095170	804	14339	18309.7364	15626	15536.0162	-0.357607430970099	-0.311312367602885
chr3	17095171	20902250	24326	488046	556973.9881	409057	473029.763	0.0224273374161448	-0.14923857959449
chr3	20902251	20908951	61	1478	1406.3	690	1193.16	0.865252214251152	0.113096117629647
chr3	20908952	23272126	24926	548083	561163.9445	461579	475017.4383	0.0107660435600795	0.0073263094804735
chr3	23272127	23275402	41	4	906.962	386	771.319	-6.82278039247402	-7.78354402362765
chr3	23275403	23690889	4540	101933	102349.7779	85649	86985.4352	0.0198417564677892	0.0354674558886371
chr3	23690890	23695375	59	2	1337.85	598	1139.51	-8.45211332320466	-9.34434631870736
chr3	23695376	25762852	21758	477355	499156.5785	406195	423717.8776	-0.00010726474824463	-0.0230756298527027
chr3	25762853	25763613	9	0	209.893	99	177.495	-33.2158898637699	-33.1779267096239
chr3	25763631	28256298	28615	649078	656353.2874	549194	557525.6226	0.00903262255990816	0.0252735313218247
chr3	28256299	28257696	18	112	405.926	0	346.21	31.3649540170851	-1.81636377711967
chr3	28257697	32337767	45433	1000577	1034266.844	848828	879660.2687	0.00708903176938086	-0.0064220190261076
chr3	32337768	32340992	42	534	956.068	0	814.212	32.3823985428579	-0.798919251611411
chr3	32340993	33443398	12540	270349	284996.9509	230092	242523.8628	0.00318350319142774	-0.0347692249682376
chr3	33443399	33443998	8	2	187.231	155	158.7	-6.51125050192888	-6.50732125999387
chr3	33443999	33627665	2357	51571	52752.1447	43883	44916.7553	0.00431291341875729	0.00868451067167918
chr3	33627666	33631916	39	393	877.659	0	745.87	32.0635408333155	-1.11777696108992
chr3	33631917	36472724	32719	711326	739963.8263	608999	629617.0818	-0.00551793982158236	-0.0155896087032793
chr3	36472725	36473942	7	0	152.491	62	130.073	-33.2158898637699	-33.1779267096239
chr3	36473943	40759758	51172	1130702	1157846.4672	963437	985134.9403	0.00129689895964053	0.00712903038443743
chr3	40759759	40760208	6	100	135.564	0	115.406	32.7836979227375	-0.397619871794501
chr3	40760209	59815994	212144	4648709	4785903.9059	3981883	4071279.8361	-0.00653866948975478	-0.000607071693737332
chr3	59815995	59817724	23	0	510.771	355	437.095	-33.2158898637699	-33.1779267096239
chr3	59817725	85889373	275494	6096488	6225330.6723	5182326	5284040.2798	0.00126069492679631	0.0111821577657328
chr3	85889374	85890198	11	0	255.775	194	216.535	-33.2158898637699	-33.1779267096239
chr3	85890199	85898440	103	2435	2370.08	1971	2011.67	0.0718429849559385	0.0803402548293819
chr3	85898441	85899206	10	0	224.283	211	191.642	-33.2158898637699	-33.1779267096239
chr3	85899207	90527262	50116	1114179	1152521.3253	951399	978430.9772	-0.00500175921218643	-0.00745817643013627
chr3	90527263	90530262	40	0	922.106	660	782.951	-33.2158898637699	-33.1779267096239
chr3	90530263	124943402	379562	8342328	8523972.7263	7103983	7242764.8264	0.000227546942480586	0.0102782989776687
chr3	124943403	124943852	6	0	137.157	58	117.001	-33.2158898637699	-33.1779267096239
chr3	124943853	145254908	219311	4848235	4941559.4444	4106273	4207503.9376	0.0110193946875951	0.0138474735416668
chr3	145254909	145264261	50	526	1102.4503	817	940.4917	-0.861108695306474	-1.02622467435807
chr3	145264262	145662089	2195	47846	49552.7305	41269	42129.5737	-0.0174003157893875	-0.00921199870425138
chr3	145662090	145674491	146	2351	3274.53	2629	2785.33	-0.391288101213833	-0.436659070092716
chr3	145674492	145682530	98	705	2222.134	1144	1868.922	-0.94474026261593	-1.61489641498643
chr3	145682531	149739201	46489	1018786	1031011.6075	850410	868414.8741	0.0164074242839633	0.0241447037862804
chr3	149739202	149754312	88	382	1977.034	0	1687.028	30.8509788953534	-2.33033889862754
chr3	149754313	149771990	26	515	586.017	671	499.781	-0.607995709848317	-0.145015845258482
chr3	149771991	168951417	211315	4538845	4682682.2164	3867661	3944358.0778	-0.0132896477416827	-0.00365567392744361
chr3	168951418	168952842	19	210	426.015	0	363.832	32.2021571331908	-0.979160661244114
chr3	168952843	177699918	92918	2005015	2056733.5546	1685453	1725194.1682	0.000271554028408977	0.004612361333107
chr4	784	6950292	66023	1436869	1473502.33	1213511	1250240.3956	0.010088616209259	0.00503343427649242
chr4	6950293	6951567	17	764	377.263	334	310.185	0.914673927446472	1.05935626254937
chr4	6951568	13559695	78143	1719542	1754694.6723	1469104	1488506.5448	-0.00687554016759766	0.012158579145636
chr4	13559696	13610415	205	2081	4671.104	14	3970.346	6.98459854345709	-1.1251323617959
chr4	13610416	13662937	24	369	550.081	196	466.766	0.679213650771621	-0.534669016876139
chr4	13662938	13685606	20	189	461.413	2	392.467	6.33214618171486	-1.24631817750471
chr4	13685607	24179644	110702	2443699	2526218.3797	2085513	2146978.3132	-0.00261636670225807	-0.00655852563215216
chr4	24179645	24185918	82	943	1895.48	4	1608.9	7.64801641283428	-0.965879318559049
chr4	24185919	53204021	304953	6740127	6929127.245	5750483	5892455.3201	-0.00132101241427093	0.00145636503980485
chr4	53204022	53209747	65	1583	1512.18	1964	1280.57	-0.547586350345113	0.10738561611642
chr4	53209748	54483183	14233	316256	327001.373	266655	277694.7091	0.0137125525181069	-0.00684960302950252
chr4	54483184	54483783	8	1	184.937	88	156.574	-6.69622974488483	-7.4895358147646
chr4	54483784	54937344	4790	111823	109705	94836	93217.7	0.00614786294870278	0.0689419141493506
chr4	54937345	54941172	47	2	1054.81	455	900.5	-8.05451658425572	-9.00141312300154
chr4	54941173	62500849	91226	2005867	2036697.3381	1697607	1730000.3693	0.00865526558358104	0.0193485843083515
chr4	62500850	62501749	12	138	267.485	2	228.915	5.88726953566897	-0.91343548392533
chr4	62501750	65100373	29349	640909	659586.8015	546043	561266.4324	0.00161929711920893	-8.87618466389392e-05
chr4	65100374	65101573	16	231	363.343	0	309.188	32.5692327733314	-0.612085021169322
chr4	65101574	71856741	70632	1546267	1589013.6909	1303597	1350932.8431	0.015507007557215	0.00201214103156361
chr4	71856742	71860217	39	0	889.739	444	753.577	-33.2158898637699	-33.1779267096239
chr4	71860218	105472087	335234	7374851	7563646.8831	6243198	6428202.4289	0.00905311610813267	0.00488613002747951
chr4	105472088	105473290	16	0	371.424	156	315.049	-33.2158898637699	-33.1779267096239
chr4	105473291	109482645	43117	953939	985732.9747	815327	837819.1196	-0.00464877072917371	-0.0059456328450822
chr4	109482646	109485417	35	3	788.386	362	672.353	-7.14117556033713	-7.99644156941099
chr4	109485435	109490764	17	338	390.675	230	332.163	0.324702911409896	-0.167591451885801
chr4	109490765	109493853	38	0	858.589	360	732.201	-33.2158898637699	-33.1779267096239
chr4	109493854	117939636	86895	1917386	1954673.3419	1638391	1655942.8009	-0.00902249592576916	0.0135675132951561
chr4	117939637	117941488	24	1	529.778	254	450.321	-8.21972773619071	-9.00788980849647
chr4	117941489	119350033	17492	386410	387036.6029	329948	327871.2821	-0.00805562569717134	0.0390166582585467
chr4	119350034	119350708	9	108	202.076	0	172.939	32.3188053593196	-0.862512435138064
chr4	119350709	143223303	270520	5967525	6073371.9011	5072482	5156435.7513	0.0017084206403055	0.0159892297690367
chr4	143223304	143231854	114	1385	2598.16	2309	2209.1	-0.968022662132503	-0.866250061834223
chr4	143231855	168430186	255700	5568974	5712091.1917	4707264	4838479.3716	0.00644857494827027	0.00474678479057836
chr4	168430187	168432051	23	4	513.194	419	438.484	-6.93439543372465	-6.96200623529404
chr4	168432052	173210044	53734	1173700	1197771.8066	1011267	1019000.6807	-0.0149072345443446	0.0120648599343078
chr4	173210045	173214594	24	249	553.908	0	468.918	32.0691714010174	-1.11214639338927
chr4	173214595	173488373	3316	71453	75301.2057	61502	64067.6385	-0.0133248070195567	-0.034324140605843
chr4	173488374	173489940	19	206	428.288	0	365.313	32.1667351157843	-1.01458267864334
chr4	173489941	184224823	125373	2710774	2795633.1258	2335573	2377347.1111	-0.0155030972386608	-0.0031159679528135
chr5	34651	4579595	44937	980806	1014332.7981	833112	862891.6382	0.00556866197180522	-0.00713712272868162
chr5	4579596	4580779	15	175	338.071	3	288.766	5.64221430218074	-0.908617104421651
chr5	4580780	16367766	121970	2665642	2761146.4616	2266749	2347919.4333	0.00336496242034885	-0.00943013935454745
chr5	16367767	16374391	58	624	1325.77	3	1128.02	7.47079288368457	-1.04585833876761
chr5	16374392	19587963	31289	687617	706735.1378	579356	601377.9796	0.0176485798527184	0.00178981310181961
chr5	19587964	19588939	10	194	219.977	0	186.584	33.0413759977334	-0.139941796830667
chr5	19588940	19640557	308	4329	6932.7408	3749	5893.6981	-0.0233336009298693	-0.638037782294992
chr5	19640558	24752948	54418	1177227	1223178.0233	1006977	1040496.6777	-0.00460914293817703	-0.0138876155600523
chr5	24752949	24762231	12	180	269.843	45	229.59	1.77033062707615	-0.542769116808288
chr5	24762232	24764298	19	450	417.809	663	348.158	-0.818794179227716	0.148435671074133
chr5	24764299	24918925	960	21522	21451.0789	17178	18173.2271	0.0894055769738623	0.0461161794163485
chr5	24918926	24919801	10	182	225.797	5	192.33	4.95781512122114	-0.269733628349098
chr5	24919802	24932547	6	90	134.3377	64	114.8861	0.269584205225033	-0.536513087788388
chr5	24932548	24942652	32	255	722.84	16	615.862	3.7666752867384	-1.46182485648915
chr5	24942653	26010259	11408	242447	255293.2947	207987	217409.8016	-0.00717153196814524	-0.0331320041641955
chr5	26010260	26022019	140	13	3152.18	2655	2688.83	-7.90003668351498	-7.88034021213854
chr5	26022020	29038126	34308	753274	777997.7074	647187	662145.0941	-0.0102353277793172	-0.00523693035376941
chr5	29038127	29045806	32	314	725.7453	546	618.3468	-1.0257924295461	-1.16734452514301
chr5	29045807	29950957	10267	228546	232875.9807	192498	198057.9629	0.0173930586770975	0.0142769638518387
chr5	29950958	29960885	62	527	1392.482	1003	1181.106	-1.16257588510381	-1.36042957199794
chr5	29960886	35214378	55464	1221330	1268692.7244	1038189	1077643.6283	0.00231251498704279	-0.0135353881478447
chr5	35214379	35215128	10	140	232.298	1	196.557	6.89164508405374	-0.689195666469246
chr5	35215129	35601374	2448	53902	55724.8999	43730	47377.0911	0.0709740424429481	-0.00662907627192829
chr5	35601375	35602346	9	91	207.466	0	176.084	32.0337355607154	-1.14758223368334
chr5	35602347	52149496	178690	3904613	4061168.1943	3338113	3451723.968	-0.00503982319565208	-0.015360973830436
chr5	52149497	52250696	1119	13004	25723	21830	21827.8	-0.980857763815539	-0.942749209203144
chr5	52250697	68765569	176517	3859808	3971376.3623	3272082	3363400.75	0.00199286326812083	0.000244234389712106
chr5	68765570	68769360	49	0	1125.65	916	955.965	-33.2158898637699	-33.1779267096239
chr5	68769361	68987107	2408	53802	54591.7469	46154	46437.9461	-0.00878349610606689	0.0203311798515687
chr5	68987108	68989963	38	900	847.114	0	719.354	33.3100409027363	0.128723108144519
chr5	68989964	68990263	4	86	92.3568	63	78.3753	0.215556789289881	-0.0615272879234708
chr5	68990264	68992157	25	608	575.993	0	489.017	33.3006920788374	0.119374284246476
chr5	68992158	89464026	218791	4787905	4932253.019	4081373	4192744.331	-0.000620904873417027	-0.00149804376836148
chr5	89464027	89466568	33	0	761.417	280	645.721	-33.2158898637699	-33.1779267096239
chr5	89466569	89477308	136	2971	3133.93	2538	2665.64	-0.00284338005521892	-0.0356701113103047
chr5	89477309	89482177	62	1	1407.98	612	1198.04	-9.48694741766787	-10.4180566832861
chr5	89482178	90187096	7139	149996	163498.8546	126896	138812.8171	0.00852877453459997	-0.0830022611337821
chr5	90187097	90191365	23	0	529.654	250	450.074	-33.2158898637699	-33.1779267096239
chr5	90191366	90555772	4028	91115	91972.5379	77632	78105.558	-0.00134972664791403	0.0278396688590379
chr5	90555773	90557502	23	0	517.784	209	441.304	-33.2158898637699	-33.1779267096239
chr5	90557503	90605204	536	11432	12212.2628	9463	10391.079	0.0431143054792526	-0.0538984799056878
chr5	90605205	90608281	36	3	830.192	316	704.445	-6.95238510291346	-8.0709844396101
chr5	90608282	91364177	6270	132067	143134.6623	111990	121475.1355	0.0045791475940899	-0.0747488253333701
chr5	91364178	91370767	18	24	411.21	156	347.282	-2.94081634512904	-4.05741479643324
chr5	91370768	108800490	189635	4145776	4301011.2084	3535389	3658478.8627	-0.000267677831767283	-0.011679483094923
chr5	108800491	108803416	39	0	897.958	387	762.754	-33.2158898637699	-33.1779267096239
chr5	108803417	120256689	129551	2867047	2926408.9251	2431859	2490111.1006	0.00797578880910741	0.0117884143145957
chr5	120256690	120257064	5	0	108.724	78	93.0775	-33.2158898637699	-33.1779267096239
chr5	120257065	121007905	7214	154988	161614.7304	131681	137643.391	0.00687704814878346	-0.0190479406922336
chr5	121007906	121009626	6	0	135.912	88	114.912	-33.2158898637699	-33.1779267096239
chr5	121009627	121468974	322	5605	7263.465	4582	6137.6539	0.0511573515494562	-0.332589330487444
chr5	121468975	121474807	76	5	1702.369	321	1452.725	-6.2298924542809	-8.37004568623744
chr5	121474808	124876740	41800	924850	936020.6774	778277	797981.6957	0.0221420121996165	0.0240332351284751
chr5	124876741	124878413	22	247	488.044	539	416.757	-1.35018793535392	-0.941145939640586
chr5	124878414	126889951	24968	545722	554752.394	461893	469243.8764	0.00249253770451478	0.0176764561635689
chr5	126889952	126890701	10	122	218.802	0	186.604	32.3799272563549	-0.801390538113947
chr5	126890702	126891601	12	295	264.105	211	219.882	0.222480932945061	0.20095757918322
chr5	126891602	126892595	13	129	286.893	0	247.301	32.0695303318975	-1.1117874625093
chr5	126892596	132557606	62508	1358449	1406376.8556	1148360	1192892.8269	0.00825770372807791	-0.00866859056768306
chr5	132557634	132558009	5	0	116.767	62	98.8697	-33.2158898637699	-33.1779267096239
chr5	132558010	132983261	3982	89031	91368.232	75967	77543.541	-0.00436002591374387	0.00396936074199265
chr5	132983262	133004824	146	4823	3337.092	2820	2827.512	0.538568418977191	0.572693588846399
chr5	133004825	137797823	49195	1060093	1092481.4831	895555	921576.0019	0.00129420514119793	-0.00206375241628883
chr5	137797824	137803929	46	4	1051.813	164	890.661	-5.59409081826576	-7.99730824066778
chr5	137803930	137969945	1434	32835	32212.031	31396	27426.91	-0.163962758258767	0.0689890677121042
chr5	137969946	137976875	9	238	205.318	133	173.371	0.598928897565839	0.254455700451727
chr5	137976876	138410377	5279	113647	116804	99297	98465.7126	-0.0482676841045122	0.00182415973564071
chr5	138410378	138411427	14	2	309.996	118	261.76	-6.12325690106491	-7.23475152812301
chr5	138411428	140272065	21315	452712	473674.1963	382287	399090.7957	0.000150416443942123	-0.023947294446542
chr5	140272066	140424020	1344	26419	30382.3919	22248	25864.5648	0.0190327587910036	-0.160305353875972
chr5	140424021	140431139	27	0	616.866	258	523.815	-33.2158898637699	-33.1779267096239
chr5	140431140	147437896	82771	1785030	1831528.145	1512086	1542169.1258	-0.00528766952997745	0.00425468938563503
chr5	147437897	147656772	2511	47339	55582.3095	42710	46962.5762	-0.0912678117615516	-0.190242311202098
chr5	147656773	173707145	296898	6352547	6568333.7152	5376418	5478903.145	-0.0175594055678404	-0.00683804386570643
chr6	0	123769	1366	29967	31370.785	24900	26652.665	0.0354781701796251	-0.024692728492211
chr6	123770	126156	29	327	663.809	1	564.06	8.12161827210568	-0.9801233145108
chr6	126157	608573	5298	115394	120456.6464	98741	102537.967	-0.00411766399488329	-0.0205915476282475
chr6	608574	609403	11	139	248.15	0	211.685	32.3865444622911	-0.794773332178935
chr6	609404	736339	1351	30326	30499.8794	25779	26000.0709	0.00746202254851286	0.0331059202949754
chr6	736340	740646	57	608	1273.16	1127	1087.23	-1.11470976768172	-1.02491626803197
chr6	740647	784057	555	12522	12459.1	10630	10630.3	0.0106969495272311	0.0486193886335911
chr6	784058	785032	13	140	286.246	0	242.721	32.1908433280096	-0.990474466423047
chr6	785033	16006584	170948	3720732	3831240.1465	3177436	3250351.1944	-0.00610135434775947	-0.000870740408014374
chr6	16006585	16010398	26	633	590.21	220	498.373	1.28409060661964	0.142331374302893
chr6	16010399	17171132	1830	34963	41981.8568	29308	35627.3026	0.0211428272632448	-0.222582756454137
chr6	17171133	17421107	142	463	3238.8807	140	2755.2758	1.49567785750448	-2.76505699044048
chr6	17421108	20950165	36015	800658	825007.8952	679453	700590.1452	0.00436622448321109	-0.00186755745563519
chr6	20950166	20951065	12	0	279.833	113	237.351	-33.2158898637699	-33.1779267096239
chr6	20951066	21670456	8796	192755	197048.9399	165869	167995.2359	-0.0100185781098821	0.0095685350801656
chr6	21670457	21678402	84	996	1884.47	1	1611.02	9.73720836117354	-0.878586941134986
chr6	21678403	21696008	231	5225	5172.31	4522	4413.5	-0.0170244170602581	0.0559765315887413
chr6	21696009	21699721	49	568	1090.99	0	901.796	32.2809969908216	-0.900320803628882
chr6	21699722	31056219	101992	2216357	2270690.7612	1881009	1923871.3349	0.000955690298760263	0.00641327883665362
chr6	31056220	31062461	16	989	349.7964	72	293.6863	3.5310533200922	1.54080931873536
chr6	31062462	34402296	38097	844445	859611.8579	714734	730268.1312	0.00872901592609089	0.0156723164058248
chr6	34402297	34403571	17	1	389.804	172	330.401	-7.66140448232265	-8.56525078927223
chr6	34403572	40704181	71551	1586194	1615571.003	1346671	1375474.9115	0.00744854972492477	0.0148793132984431
chr6	40704182	40705150	12	4	279.782	104	236.819	-4.93756694437248	-6.08680508897641
chr6	40705151	51564245	130836	2866198	2917082.9209	2431941	2480831.0612	0.00671822987673682	0.0159661185247138
chr6	51564246	51567997	9	138	203.445	13	172.933	3.17705019566077	-0.518616317745953
chr6	51567998	52198865	7293	158955	163815.0792	134870	139553.5418	0.00919058324190783	-0.00209552616311984
chr6	52198866	52204143	70	2	1562.69	696	1331.39	-8.67065072551618	-9.56846154351439
chr6	52204144	72325895	221356	4923293	5040929.2488	4181371	4285436.9125	0.00479122441023555	0.00728813489251322
chr6	72325896	72340521	107	1308	2371.74	5	2022.62	7.80488919186426	-0.817229083975886
chr6	72340522	83674187	124382	2725387	2812154.9856	2323208	2391358.9443	-0.000111548655470414	-0.00386076358757682
chr6	83674188	83676212	27	275	625.426	518	529.38	-1.15066489896143	-1.14405333752904
chr6	83676213	84189779	5600	121030	128938.4334	102891	109466.3372	0.00144391203330803	-0.0499634244293336
chr6	84189780	84194674	65	622	1489.02	1210	1265.22	-1.19160434198773	-1.21802240676573
chr6	84194675	147989969	680851	14839554	15276625.0168	12602707	12942957.6087	-5.33580031483586e-05	-0.000523879582360907
chr7	794	1361017	4085	75724	92983.9478	65176	78900.1796	-0.0171522022176853	-0.254876818803473
chr7	1362349	1464600	57	729	1279.5932	328	1079.9139	0.910845146531163	-0.77034027166476
chr7	1466917	2335761	533	5344	12108.1143	4360	10284.4987	0.061480232315971	-1.13862804681092
chr7	2335762	2457293	426	13149	9525.8501	7867	8097.3746	0.510065055485569	0.506387572491803
chr7	2457294	3050351	7264	157022	160614.8975	131818	134975.7823	0.00490526980753151	0.00871523220741809
chr7	3050352	3051101	10	118	219.517	0	187.472	32.3271262232071	-0.85419157125217
chr7	3051102	3515311	5080	109998	112874.4011	91723	95113.2027	0.0185121187247989	0.00411319915588142
chr7	3515312	3527029	66	3062	1494.65	1322	1261.38	0.970338464478332	1.07602083196902
chr7	3527030	3874874	1203	26902	27390.8368	23000	23260.2374	-0.00635686386844064	0.0153743301896874
chr7	3874875	3880297	12	140	275.026	4	233.615	4.89723899123165	-0.932786945744689
chr7	3880298	3925163	33	514	755.9064	251	641.6296	0.801005174566616	-0.51508500512095
chr7	3925164	4008691	116	1005	2628.701	7	2238.697	6.93732512771076	-1.34580031178466
chr7	4008692	4082433	44	437	1000.476	102	847.6656	1.86333579790376	-1.15362713503271
chr7	4082434	4195066	389	9076	8857.0983	7347	7534.8056	0.0750285792413891	0.0765767177766098
chr7	4195067	4330760	464	5368	10635.5	23	9029	7.63374828629376	-0.945077043211366
chr7	4330761	4674396	1106	14798	25299.1929	82	21458.3742	7.26140303969356	-0.73233491711571
chr7	4674397	4697813	113	1682	2510.664	727	2125.863	0.973521180422667	-0.53653702183527
chr7	4697838	4885894	1166	13374	26793.5	7	22746.5	10.6669406205125	-0.96109778889382
chr7	4885895	4888149	1	39	22.0198	14	18.9398	1.26405811278159	0.866026997960519
chr7	4888150	4968318	171	1875	3921.66	10	3330.22	7.31829084757099	-1.02321962704605
chr7	4968319	4973851	67	1889	1545.25	1014	1313.51	0.666543053372528	0.331136676050074
chr7	4973852	4978709	31	545	701.158	140	598.2532	1.73523711592981	-0.322129110619535
chr7	4978710	5024188	195	2245	4450.94	10	3788.85	7.58161263712085	-0.946040368459195
chr7	5024189	5027430	5	92	113.867	71	96.8765	0.144074872730696	-0.266289691866597
chr7	5027431	5042896	49	477	1135.055	5	963.637	6.34310790602561	-1.20934679521828
chr7	5042897	5468084	1627	39644	37323.5732	32387	31678.2432	0.0584840010932941	0.128369664004277
chr7	5468085	5525343	50	175	1135.13	14	953.237	3.39529659050752	-2.65607646330168
chr7	5525344	5537631	11	264	255.631	181	216.661	0.309316001799713	0.0878293685475162
chr7	5537632	5540669	26	272	597.653	1	507.295	7.85437070190352	-1.09434720127269
chr7	5540670	5669527	207	2909	4695.1073	1693	3979.1388	0.545630502951139	-0.649280593078348
chr7	5669528	5674879	13	152	294.049	1	248.098	7.00617208379112	-0.910631021002203
chr7	5674880	5680220	22	641	498.831	438	420.485	0.306287783442032	0.403127471542553
chr7	5680221	5694817	18	184	400.879	1	338.094	7.28121056193726	-1.08210683820908
chr7	5694818	5704284	15	251	348.474	82	295.408	1.37904051133875	-0.432009415536864
chr7	5704285	5722105	23	263	529.104	0	449.539	32.2141835090055	-0.967134285431863
chr7	5722106	5752850	158	3373	3621.78	2806	3074.293	0.032464149790489	-0.0613123566807142
chr7	5752851	5833396	246	7405	5665.0198	4413	4813.2393	0.515058226391251	0.427772976408003
chr7	5833397	5848138	60	1307	1369.17	1230	1156.88	-0.152070450702514	-0.0256882062590556
chr7	5848139	5853901	24	311	549.186	2	464.656	7.0430300105134	-0.77902602851607
chr7	5853902	5855730	20	584	464.839	289	395.948	0.786869818472515	0.370591492510989
chr7	5855731	5885856	65	782	1469.49	11	1251.83	5.92370736186666	-0.868720789198418
chr7	5885857	5886785	9	264	204.047	66	174.095	1.77436435468221	0.412990669409698
chr7	5886786	5916226	129	1871	2929.3406	2	2491.9917	9.63970806395062	-0.605412149810563
chr7	5916227	5931422	41	520	927.5067	26	791.516	4.09657998612076	-0.793491840559537
chr7	5931423	5941894	5	120	112.188	60	95.8985	0.777052870761279	0.138470276458447
chr7	5941895	5959390	43	495	965.622	11	822.577	5.26393635824932	-0.922675781014622
chr7	5959391	5962806	3	73	69.5153	32	58.6133	0.947113165527933	0.111920160006408
chr7	5962807	5979494	42	557	951.438	1	810.262	8.89320332056478	-0.731078079971839
chr7	5979495	5994264	176	5666	3972.9851	2727	3389.4407	0.829230833934339	0.553461458211374
chr7	5994265	5995280	12	135	267.105	0	228.526	32.238224458887	-0.943093335555156
chr7	5995281	5997710	27	723	610.306	347	520.573	0.83301878250236	0.285817112738801
chr7	5997711	6001577	14	167	309.254	1	261.871	7.14715938640312	-0.84758991343113
chr7	6001578	6267221	1160	25856	26617.1589	21972	22589.8023	0.00153904899098539	-0.000503244440813642
chr7	6267222	6362305	134	661	3031.322	4	2582.174	7.14053656401515	-2.15587069274869
chr7	6362306	6439554	111	2290	2507.9531	1566	2140.0059	0.32275887559981	-0.0898085315303586
chr7	6439555	6460059	56	432	1276.9039	4	1086.06	6.52473240428895	-1.52219249447979
chr7	6460060	6476810	43	1433	977.898	803	831.175	0.604426071245699	0.592636951631972
chr7	6476811	6498546	79	1695	1804.43	1533	1534.87	-0.0851080479976709	-0.0489036644897555
chr7	6513636	6527596	18	216	411.602	0	346.479	32.2924533539713	-0.888864440481417
chr7	6527597	6529067	4	86	92.3427	37	78.418	0.984389405434768	-0.0613070166166845
chr7	6529068	6554571	128	1765	2951.65	36	2504.48	5.38190797249778	-0.700499237028498
chr7	6554572	6556820	29	1041	648.911	339	552.647	1.3903416147689	0.723231780824006
chr7	6556821	6570773	81	1065	1847.0929	56	1572.4169	4.02040121999902	-0.753048758902451
chr7	6570774	6645387	336	4873	7705.02	7	6532.92	9.20855980710834	-0.619634239555239
chr7	6645388	6648824	16	207	369.279	36	313.429	2.2903804888827	-0.793726215080849
chr7	6648825	6712623	161	1859	3684.42	32	3125.13	5.62618080188931	-0.945556518894497
chr7	6712624	6721746	79	2487	1820.144	1317	1540.687	0.680063453064269	0.491708153701733
chr7	6721747	6725794	22	266	505.553	3	429.152	6.23733737512079	-0.88508186074337
chr7	6725795	6732569	61	1739	1387.834	956	1185.001	0.638619754670914	0.36677715574946
chr7	6732587	6737161	32	382	741.103	0	630.55	32.2665706070858	-0.914747187361941
chr7	6737162	6743419	3	84	69.8603	31	59.1788	1.20211980172796	0.30727072917218
chr7	6743420	6758591	95	951	2194.56	6	1865.44	7.0773143139581	-1.16506022871767
chr7	6758592	6809735	5	137	116.715	59	98.6783	0.97659489967487	0.272540147049115
chr7	6809736	6867614	34	394	780.673	8	663.546	5.3909210016389	-0.945168504927516
chr7	6867615	7353053	2592	54055	59369.7821	46966	50396.4621	-0.0302039311815263	-0.0939465076157403
chr7	7353054	7356120	9	88	211.356	0	178.542	31.9585723944865	-1.22274539989463
chr7	7356121	7365503	5	122	115.534	91	98.2324	0.192287156203656	0.119917908580084
chr7	7365504	7377867	67	828	1525.98	5	1295.32	7.13852240643018	-0.840679141503768
chr7	7377868	7446338	22	469	497.899	383	424.336	0.0649885776343721	-0.04491095569765
chr7	7446339	7476354	81	795	1850.688	8	1570.721	6.40156735341685	-1.17768069249431
chr7	7476355	7550424	243	6349	5603.2366	3527	4742.8195	0.610963438704344	0.221623204790149
chr7	7550425	7565968	78	1063	1784.398	932	1507.7735	-0.0498868932506515	-0.705941599853702
chr7	7565969	7570719	24	288	554.761	1	470.943	7.9370021052288	-0.904443317785156
chr7	7570720	7612608	137	3790	3144.8008	2301	2669.6556	0.487012952454459	0.310583451886648
chr7	7612609	7615839	18	212	406.912	14	344.739	3.68474430604269	-0.899298322386021
chr7	7615840	7630351	89	2472	2070.4823	1505	1754.2894	0.480226236354565	0.297066113066826
chr7	7630352	7647134	127	1583	2920.21	1	2482.89	10.3977844931035	-0.842056625848817
chr7	7647135	7762974	896	26466	20607.5258	16934	17496.1067	0.411471079876532	0.402323104550152
chr7	7762975	7787840	258	6015	5924.534	5021	5033.462	0.028830438342816	0.0632172949052508
chr7	7787841	7810942	209	5553	4789.02	3592	4065.447	0.395554657099955	0.254891174705776
chr7	7810943	7822693	35	398	806.163	0	684.736	32.2043688945832	-0.976948899852209
chr7	7822694	7903046	676	16226	15556.5587	12960	13214.8895	0.0922741679883708	0.10213867897544
chr7	7903047	7950170	91	691	2069.247	0	1761.104	31.6403237839129	-1.54099401038266
chr7	7950171	7983706	56	689	1270.345	491	1081.736	0.260300135592808	-0.841290229436581
chr7	7983707	8226285	214	2271	4891.93	13	4146.685	7.21361800966298	-1.06572181447923
chr7	8226286	8238906	152	3422	3493.73	2667	2968.85	0.128149104357143	0.0114258800115646
chr7	8238907	8240715	22	256	500.412	0	425.143	32.2556994581104	-0.925618336335243
chr7	8240716	8350972	698	14528	15981.8403	12300	13570.3816	0.00759662390869341	-0.0962431962109198
chr7	8350973	8376156	74	872	1685.66	2	1435.94	8.54025720246645	-0.909559292354487
chr7	8376157	8376985	3	42	69.9122	47	59.5757	-0.389700580437628	-0.693800667099127
chr7	8376986	8385860	34	378	784.247	4	665.452	6.32865998626734	-1.01156763130597
chr7	8385861	8400505	35	560	792.4598	152	673.9635	1.65107929726566	-0.45955668526935
chr7	8400506	8795068	2665	61218	61312.2626	51770	52045.8835	0.00883909424116286	0.0391345067420312
chr7	8795069	8819593	37	408	854.953	10	726.821	5.11964331381505	-1.02592172002667
chr7	8819594	8863072	74	1905	1701.9775	970	1448.0795	0.744054274425532	0.203933272254915
chr7	8863073	8870858	23	296	528.994	13	448.074	4.2728903835605	-0.796299943613904
chr7	8870859	8908943	52	799	1199.1174	400	1019.0296	0.766809633180233	-0.544351265487277
chr7	8908944	9093102	211	1955	4837.064	25	4109.375	6.05727512665532	-1.26560877930927
chr7	9093103	9851244	5696	130811	129656.8043	110796	110183.7918	0.00818324791326104	0.0541401828695759
chr7	9851245	9858905	7	77	159.067	0	135.291	32.1759678193384	-1.00534997509114
chr7	9858906	10904028	4246	89422	95622.3501	78352	81200.9213	-0.0418009695565643	-0.0553638103171298
chr7	10904029	11760267	10429	235666	231738.8623	184618	185564.251	0.0350102967501732	0.0655978699881022
chr7	11760268	11765845	56	621	1232.05	4	1036.47	7.03245805927524	-0.947041392685439
chr7	11765846	13132902	16487	371924	366154.0685	293235	293522.8326	0.0273635268855187	0.0639112601118276
chr7	13132903	13213616	526	22190	12000.1993	10176	10171.5676	0.88961384897587	0.928205540467743
chr7	13213617	13225978	70	1694	1604.256	1058	1361.5899	0.445873193809111	0.119883735068594
chr7	13225979	13514965	2514	56261	57104.588	47950	48546.13	-0.000254904743377797	0.0198827733171696
chr7	13514966	13532315	28	188	629.281	0	534.785	31.4797003118764	-1.70161748236832
chr7	13532316	13558944	29	800	653.998	994	555.277	-0.545933350728353	0.332068015562526
chr7	13558945	13577927	37	175	841.367	11	714.881	3.76013844396307	-2.22402607199591
chr7	13577928	13606787	127	912	2873.83	1541	2434.55	-0.992689639075151	-1.61451475319683
chr7	13606788	15145264	14185	305782	316431.0556	261905	267486.5248	-0.0155740160404997	-0.00803347398508265
chr7	15145265	15145789	7	85	155.185	0	132.002	32.354217665286	-0.827100129178237
chr7	15145790	15974073	6583	140296	147636.0577	120463	125391.68	-0.0123286251704933	-0.0322170031213387
chr7	15974074	16013618	64	691	1466.97	14	1247.51	5.39479006304464	-1.04472751246135
chr7	16013619	16017543	6	71	134.809	57	115.458	0.0966995144680036	-0.883671646419961
chr7	16017544	16238089	410	4440	9373.012	17	7945.544	7.79390540648364	-1.03659881363264
chr7	16238090	16286910	305	5919	6858.739	5485	5813.9599	-0.125169314686373	-0.171235660712729
chr7	16286911	16379747	227	2522	5182.5572	24	4407.1947	6.48497761680157	-0.997741619267715
chr7	16379748	16443054	335	8334	7649.5856	4568	6498.8431	0.635638857104048	0.164981744430209
chr7	16443055	16472448	375	8197	8656.457	6942	7343.1255	0.00575330952417985	-0.0373264280199797
chr7	16472449	16515143	236	7532	5436.0263	4195	4618.6565	0.612674091973449	0.511834803291265
chr7	16515144	25818426	49681	1064108	1111363.8565	908250	943064.6253	-0.00502838264313191	-0.0213324054149722
chr7	25818427	25878752	756	13877	16691.2391	13161	14098.5858	-0.163722917815533	-0.225041107436544
chr7	25878753	59702239	381350	8372221	8610765.9731	7159489	7323005.3261	-0.00456087431088812	0.0008230553817202
chr7	59702240	59703664	19	238	424.129	415	358.511	-1.04124442379947	-0.792187318151295
chr7	59703665	70672424	125002	2730392	2796113.2819	2329965	2377983.8885	-0.00149297661828608	0.00703952055211129
chr7	70672425	70674392	22	229	501.253	0	426.005	32.0924806661741	-1.08883712823774
chr7	70674393	87741381	187999	4128411	4253873.0481	3507594	3612841.1799	0.00285277905551675	-0.00183613495202416
chr7	87741387	87743708	29	726	658.412	0	560.662	33.3636509521152	0.182333157518383
chr7	87743709	88798737	10297	228601	236738.5942	194745	200997.0914	-0.00148378391992022	-0.00910896599902824
chr7	88798738	88799112	5	92	108.781	0	92.994	32.9809512069021	-0.200366587654948
chr7	88799113	100834539	133110	2908684	3006783.1408	2475426	2558078.2307	0.00292039857636657	-0.0065000100213335
chr7	100834540	100835023	6	1	138.09	57	117.279	-6.06516306082677	-7.06811077899838
chr7	100835024	113595996	133952	2950584	3023503.2017	2465461	2574812.7453	0.0307805929212654	0.00613366360524228
chr7	113595997	113603573	45	433	1003.906	712	854.475	-0.946633133306218	-1.17183102027459
chr7	113603574	141684661	324275	7063580	7197129.0695	5954571	6052705.6025	-4.82736634035263e-05	0.0143322712684722
chr7	141684662	141685421	9	1	197.732	133	168.283	-7.28454825431718	-7.58604829081676
chr7	141685422	145202346	42623	917641	943268.6576	775797	790391.6638	-0.00945926022269506	0.00161536005507189
chr7	145202347	145204476	21	234	472.114	0	403.969	32.2100452987406	-0.97127249569597
chr7	145204477	145280771	852	19133	19240.953	16040	16353.68	0.0232151038419186	0.0332370840628362
chr7	145280772	145677524	216	3473	4889.39	1465	4139.8805	1.00860746909645	-0.452117835685667
chr7	145677525	145729228	580	11171	13055.316	9396	11078.3591	0.0161376352760691	-0.183524800598577
chr8	510	4283987	38851	857585	890924.5871	735682	756099.6979	-0.0121383772311458	-0.0136694077714527
chr8	4283988	4290397	22	678	501.163	142	426.748	2.02688991335755	0.477359605813494
chr8	4290398	4300100	37	981	839.802	58	715.57	3.85256309466743	0.265558151842696
chr8	4300101	4322821	158	3869	3633.09	47	3084.42	6.1303493601851	0.132117863094103
chr8	4322822	4324198	5	231	114.119	66	97.0958	1.57768779346544	1.05870808089786
chr8	4324199	4339180	92	2352	2134.28	130	1809.43	3.94248145297651	0.181492841240538
chr8	4339181	4420836	22	302	501.4258	69	423.7262	1.89036747406598	-0.690133440427881
chr8	4420837	8266195	41091	894744	927284.0356	762224	789426.7692	0.00244513869167332	-0.0101821136531346
chr8	8266196	8266712	6	0	131.618	60	112.26	-33.2158898637699	-33.1779267096239
chr8	8266713	38251476	313520	6978126	7050374.9648	5905568	5989419.7688	0.00887116732541264	0.0264938997103593
chr8	38251477	38603059	99	1742	2266.764	2071	1925.683	-0.481455809068253	-0.338535331959813
chr8	38603060	43127050	23715	503708	533932.4757	425283	453084.9597	0.010679842085835	-0.0427154178127443
chr8	43127051	43130376	21	63	467.436	206	401.252	-1.9260897839342	-2.84999087479815
chr8	43130377	43135362	46	703	1076.95	783	912.884	-0.390544349956894	-0.574000436960481
chr8	43135363	43168516	334	6	7706.17	3394	6539.04	-9.37735233194633	-10.2854813719519
chr8	43168517	43173844	58	978	1347.829	1275	1144.623	-0.614964762271433	-0.421376862670593
chr8	43173845	43270553	881	20756	20221.48	18055	17161.56	-0.0321867844449646	0.0789940891465025
chr8	43270554	43272105	20	4	448.793	220	382.027	-6.01034418794365	-6.7685521081814
chr8	43272106	43819272	4878	111378	111729.5909	95255	94938.8646	-0.00595197495686669	0.0368072056902691
chr8	43819273	43820038	10	1	232.937	79	197.676	-6.53719174426228	-7.82244173412729
chr8	43820039	58550061	173500	3771890	3856334.0307	3206128	3270626.9794	0.00018386972036366	0.00941182119450547
chr8	58550062	58558446	16	29	366.134	163	311.5211	-2.72039794156272	-3.61689270524026
chr8	58558447	100268385	465058	10147712	10423568.669	8618409	8846085.2762	0.0023138588297328	0.00265942866329845
chr8	100268386	100269217	11	273	248.994	483	212.422	-1.0489089406216	0.174144212387885
chr8	100269218	133306290	370860	7994335	8256875.7038	6801646	6992445.8803	-0.00331361125596269	-0.00526371845187328
chr9	501	3392580	30725	662941	692385.8481	559910	589334.0542	0.0145860145529856	-0.0213415178928254
chr9	3392581	3396655	53	1312	1207.97	475	1026.39	1.23415378015086	0.160537333639719
chr9	3396656	87501367	892781	19585372	20104871.1981	16658269	17067135.1766	0.000604941144789797	0.00358567662173501
chr9	87501368	87501967	8	0	186.781	56	157.828	-33.2158898637699	-33.1779267096239
chr9	87501968	89159436	18503	408669	415100.6205	353254	353575.8315	-0.0178234263038113	0.0188259613049943
chr9	89159437	89161928	25	1	567.543	219	482.567	-8.00539637900114	-9.10723157124606
chr9	89161929	104609892	169839	3726365	3793666.7772	3154075	3210874.8791	0.00331659777594543	0.0155302706794258
chr9	104609893	104610793	12	3	269.812	138	230.147	-5.74956974064157	-6.44949395099876
chr9	104610794	120073448	167201	3643462	3754978.4211	3133788	3193283.6348	-0.0129704709278973	-0.00214043358343388
chr9	120073449	120073973	7	81	159.891	2	135.889	5.1085810209509	-0.939740681540956
chr9	120073974	121315350	11574	253435	264451.4958	212590	224681.4046	0.0218107188741831	-0.020033118235992
chr9	121315351	121319284	52	560	1195.5	0	1014.67	32.1285566362107	-1.05276115820891
chr9	121319285	121416511	1055	23943	24229.4556	19614	20579.8249	0.0555799493825524	0.0241961792712389
chr9	121416512	121417575	7	85	156.301	0	133.533	32.3438797717377	-0.837438022724594
chr9	121417576	122094282	5962	126368	135501.8371	108169	115097.0311	-0.00772662678765128	-0.0593269939820988
chr10	1186	491742	908	11477	20205.3436	9400	17134.9918	0.0536126210335887	-0.774637063991221
chr10	494889	509628	25	516	576.094	881	488.6042	-1.00601783551522	-0.117578927214784
chr10	509629	18803369	203493	4475824	4519039.3988	3759358	3813404.3581	0.0101214656899313	0.0274914115808699
chr10	18803370	18806522	41	476	912.733	756	781.119	-0.88868411558255	-0.897877080105782
chr10	18806523	41295276	260111	5699216	5831707.1237	4820195	4952577.2548	0.00932425770709256	0.00819944381465245
chr10	41295277	41295954	9	111	203.238	3	173.303	4.982970898991	-0.831256256129454
chr10	41295955	44502423	36152	780396	804680.5731	659207	684208.5851	0.01288590945186	-0.00285558034676287
chr10	44502424	44504021	21	229	471.775	0	402.828	32.1799206620724	-1.00139713235796
chr10	44504022	45454003	6322	140126	141392.2134	116504	118811.9807	0.0187139146555275	0.0283762363768827
chr10	45454004	45457099	37	369	813.804	4	691.21	6.29531078436334	-1.09970631569341
chr10	45457100	57042140	138829	3047695	3083333.6473	2563860	2608862.1404	0.0117218293333725	0.0245817590212725
chr10	57042141	57042590	6	1	130.34	72	111.823	-6.38759684913853	-6.98478183178783
chr10	57042591	66090855	101717	2197203	2264822.6204	1849128	1911672.0624	0.00765115162230188	-0.0023756574687074
chr10	66090856	66091290	5	3	110.183	92	94.6258	-5.15480451734154	-5.15744109393483
chr10	66091291	74768302	97379	2138384	2167195.0609	1809521	1838221.1305	0.00678549916883686	0.0220461767607906
chr10	74770066	74778592	98	3118	2170.73	1840	1855.18	0.537685127193503	0.563794875741992
chr10	74778593	89680340	176749	3817451	3938670.2651	3232320	3322646.7484	-0.00194503230904783	-0.00374476504307987
chr10	89680341	89680940	8	72	175.849	0	151.204	31.9344037148281	-1.24691407954713
chr10	89680941	93076052	39199	841140	870569.6692	708974	730250.0876	-0.00356482317047468	-0.00825957409633573
chr10	93076053	93080035	17	169	391.198	346	332.253	-1.26597447453689	-1.1695215084386
chr10	93080036	100292775	86486	1865618	1927685.3915	1602272	1634998.2758	-0.0146548815413692	-0.00586176264314088
chr10	100292776	100293243	6	144	130.031	9	108.485	3.74203105180921	0.188567441527027
chr10	100293244	112626397	128150	2748247	2836515.873	2310559	2362405.9012	-0.0102022430244303	-0.0042540249987483
chr11	797	8860931	89986	2000668	2063193.7095	1701487	1752293.7389	0.001442092330053	-0.00304326050402889
chr11	8860932	8862446	19	0	433.474	134	368.062	-33.2158898637699	-33.1779267096239
chr11	8862447	19385560	117612	2601714	2684523.6279	2221473	2282158.1056	-0.00293050216243471	-0.00384948460515673
chr11	19385561	19387215	8	2	174.333	73	148.743	-5.41545737985599	-6.4043476251988
chr11	19387216	21701697	23521	525939	541075.683	448643	459353.3571	-0.00350736821921668	0.000419315234159078
chr11	21701698	21708032	8	12	179.833	105	150.954	-3.37844072930982	-3.8641972324979
chr11	21708033	23020145	12994	295045	299149.1911	249687	253942.4949	0.00784206063356941	0.0214240872640197
chr11	23020146	23120801	19	108	436.109	4	370.557	4.52328528876554	-1.97230321146465
chr11	23120802	42841533	208558	4586113	4684013.7157	3911417	3975580.273	-0.00360821329211895	0.010880841849662
chr11	42841534	42841908	5	3	116.322	90	98.1821	-5.14809155561246	-5.23566342398992
chr11	42841909	46701668	37552	823831	849542.5525	697285	722876.1359	0.0110533049531624	-0.0029835580602463
chr11	46701669	46706378	15	193	332.752	0	283.072	32.4368255440145	-0.744492250464357
chr11	46706379	47462957	6642	144620	149472.4738	123048	127088.7013	0.002392903959408	-0.00625850767406336
chr11	47462958	47464586	21	208	467.622	2	400.308	6.47959841679927	-1.12740503734457
chr11	47464587	52148947	53171	1180190	1217233.7876	1004196	1034332.4183	0.00146297532353005	-0.00323290676513334
chr11	52148948	52149247	4	109	88.5438	0	75.9737	33.5225369735177	0.341219178907319
chr11	52149248	60563920	92541	2048241	2098389.7022	1733986	1786110.2574	0.0112228189492169	0.00645708227374801
chr11	60563921	60564745	11	5	251.001	217	212.996	-5.67309881983797	-5.60826696034885
chr11	60564746	60621151	716	15790	16367.6	13630	13887.5	-0.02143918751509	-0.0104773826905694
chr11	60621152	60621751	8	0	179.811	169	153.765	-33.2158898637699	-33.1779267096239
chr11	60621752	60782201	1980	43609	44448.7599	37949	37922.5516	-0.0251320066291871	0.0138369786017335
chr11	60782202	60784027	24	257	543.769	459	462.936	-1.06551585784734	-1.03987130740676
chr11	60784028	90463331	324833	7080319	7271757.7205	6041466	6167241.6806	-0.0053719737348624	0.00286446822423176
chr12	322	2779858	26087	549536	579267.1498	472617	489523.7315	-0.0219164944440569	-0.0346606178405714
chr12	2779859	3507188	1765	34879	39641.9298	29043	33721.6268	0.0342062193060822	-0.143314278485613
chr12	3507189	3518658	15	32	343.072	150	291.085	-2.46249849190001	-3.3810133333712
chr12	3518659	10007312	51571	1079228	1145745.8233	926685	969693.325	-0.0174467239260922	-0.0449331032760559
chr12	10007313	10017401	120	3572	2651.08	2114	2254.1	0.526119102693203	0.471506113638771
chr12	10017402	22597119	115278	2421261	2554880.3287	2048472	2145506.6126	-0.00733585385288577	-0.036142873976582
chr12	22597120	22597729	8	96	179.687	2	154.462	5.37011949507358	-0.863025486016799
chr12	22597730	34956111	137566	2954482	3044246.3737	2542760	2575876.0484	-0.0211209540977135	-0.00182567341600995
chr12	34956112	35154411	27	301	608.746	25	516.643	3.35648190509013	-0.974722660916319
chr12	35154412	36537802	4557	92995	100889.7115	79583	84967.1362	-0.0197182637739832	-0.0761997648288431
chr12	36537803	36708850	2021	44342	44658	36238	37306	0.0350506327193185	0.0311094405486209
chr12	36708851	36709453	8	192	176.917	0	151.932	33.3407056612973	0.159387866702612
chr12	36709454	38868391	26418	565336	584305.8568	481063	486753.9348	-0.0272572962044806	-0.00626094161903825
chr12	38868392	38886056	225	4140	4957.604	2774	3980.791	0.264466156488897	-0.218658030301553
chr12	38886057	47114187	97902	2086150	2161320.5342	1782391	1809841.8725	-0.0256292659787581	-0.00971591187633847
chr12	47114188	47114787	8	0	175.211	82	149.551	-33.2158898637699	-33.1779267096239
chr12	47114788	48196799	12952	276602	286551.3542	230819	236606.1529	-0.0118654350133574	-0.00962788675231092
chr12	48196800	48197933	15	0	328.512	134	275.442	-33.2158898637699	-33.1779267096239
chr12	48197934	48303486	1339	30147	29585.1	25130	24521.3	-0.00484044866664137	0.0684979111083976
chr12	48303487	48304806	17	0	373.021	177	313.115	-33.2158898637699	-33.1779267096239
chr12	48304807	49092886	9305	200653	205429.2562	168843	170227.9064	-0.01876264931569	0.00741530802687734
chr12	49092887	49306971	146	2201	3260.8389	825	2774.8705	1.18626148229271	-0.525729782577943
chr12	49306972	52716696	41237	893705	911797.0538	753893	760582.1893	-0.0127785875936673	0.012440187583886
chr13	0	28273732	245141	5417174	5600895.3518	4610983	4758020.6669	0.000561234664048702	-0.00676280253134556
chr13	28273733	28278308	59	694	1336.16	0	1139.48	32.2775868265775	-0.903730967872326
chr13	28278309	30937553	24651	556393	566599.1816	470405	481010.8163	0.00933277743009902	0.0151299909154445
chr13	30937554	30938078	7	127	165.062	2	139.488	5.74920874949591	-0.336825289803247
chr13	30938079	33474406	23357	540233	537226.8822	461796	455974.3722	-0.00686157904413195	0.0494045112726835
chr13	33477218	33815026	145	1576	3314.8711	1928	2808.9756	-0.526355110731343	-1.03133099734592
chr13	33815027	33889900	467	10765	10582.05	9062	9019.978	0.0214146888817857	0.0660834193140528
chr13	33889901	33900715	93	548	2115.695	0	1794.916	31.2737881697118	-1.90752962445881
chr13	33900716	33909395	93	2364	2137.7002	1691	1814.6353	0.250364551967905	0.186524737225961
chr13	33909396	33955505	335	3459	7658.854	51	6487.8778	5.84772313285102	-1.10541928349094
chr13	33955506	33962089	2	33	45.5891	17	37.4081	0.674984126178854	-0.42486866451145
chr13	33962090	34029634	360	3671	8138.067	15	6920.308	7.70460791286376	-1.10715880403666
chr13	34029635	53512425	224864	4876432	5021328.1113	4160638	4252423.378	-0.00737150457708932	-0.000888820420136605
chr13	53512426	53513250	11	168	244.654	361	208.693	-1.32950717890634	-0.500927398015988
chr13	53513251	56937407	40053	854684	902992.4556	727468	768623.5819	0.00346171782652571	-0.0379685799481914
chr13	56937408	56939973	34	336	788.165	0	667.937	31.9926355817629	-1.18868221262629
chr13	56939974	58731910	19601	435145	450615.6249	366621	382469.2914	0.0140444573354692	-0.00904688068557451
chr13	58731911	58739638	92	1034	2095.31	0	1784.39	32.2037445139505	-0.977573280484764
chr13	58739639	59199881	5087	113875	117219.8049	98731	99509.2974	-0.0270460152204998	-0.000411047811944877
chr13	59199882	59211739	43	257	972.282	584	821.178	-1.42448876015796	-1.87825221358345
chr13	59211740	69869843	116922	2582541	2666803.1801	2193106	2266229.4417	0.00438937437162756	-0.00496585994625901
chr13	69869844	69870788	10	48	225.351	180	192.304	-2.13228459046031	-2.18971330118482
chr13	69870789	69883462	163	3572	3627.86	3112	3095.02	-0.0268889455893444	0.0189675368673888
chr13	69883463	69884287	11	292	248.148	6	211.554	5.37807827519586	0.27612178149408
chr13	69884288	71472417	19421	407747	431433.02	351496	366357.5874	-0.0183270277543936	-0.0401080965598695
chr13	71472418	71475250	37	3	812.325	137	692.934	-5.73901758909377	-8.03959645598269
chr13	71475251	76101517	54048	1175930	1208326.2426	999630	1027110.7391	0.00330887141783233	0.00214639394308232
chr13	76101518	76103317	24	314	539.886	0	460.485	32.4407817869247	-0.740536007554844
chr13	76103318	78589110	28991	637487	653127.1351	534775	556424.9534	0.0256782561431993	0.00638631308632073
chr13	78589111	78597345	109	0	2458.92	1004	2096.32	-33.2158898637699	-33.1779267096239
chr13	78597346	79168938	7123	159015	159888	136354	136117	-0.00701748041183453	0.0334554368319358
chr13	79168939	79170138	16	0	360.886	121	308.084	-33.2158898637699	-33.1779267096239
chr13	79170139	79848596	7811	164216	176161.8004	140207	150068.4186	0.00014668513279801	-0.0599521796807485
chr13	79848597	79849271	9	2	200.459	69	171.926	-5.32665282080745	-6.60580912763135
chr13	79849272	94676728	171069	3761198	3831028.1392	3186205	3259194.7787	0.00952820001386784	0.0148148727746858
chr13	94676729	94678304	21	7	472.476	442	400.915	-6.21410119326102	-6.03538806645413
chr13	94678305	95947332	14467	316413	324351.1571	270654	275403.1438	-0.00726130700911675	0.00560652879675086
chr13	95947333	95947941	7	3	164.536	135	138.909	-5.73272520422551	-5.73594271788357
chr13	95947942	96212818	2804	56226	62606.5585	48685	53210.6572	-0.0234474175766809	-0.113722143548067
chr13	96212819	96213343	7	0	154.074	139	130.893	-33.2158898637699	-33.1779267096239
chr13	96213344	102418639	69365	1500891	1540290.2133	1278827	1305215.8583	-0.00452459720829031	0.00397124508929271
chr13	102418640	102420289	22	188	488.086	369	404.494	-1.24051413710369	-1.33504846929833
chr13	102420290	110579625	97875	2137207	2173761.0601	1837540	1845882.0358	-0.0145409324763781	0.0168875189552407
chr13	110579626	110649764	93	1038	2083.219	511	1730.461	0.758144247694905	-0.963653828541986
chr13	110649765	114025099	40759	904121	909071.3804	761276	772250.404	0.0161624935498561	0.0334765237413786
chr14	322	693411	280	2508	6354.9277	2416	5359.7672	-0.188397394374098	-1.29998412402968
chr14	693412	748737	98	1363	2219.888	2377	1876.636	-1.04130329970588	-0.662347088496786
chr14	748738	16030441	156600	3380237	3493738.6953	2895138	2967623.4783	-0.00858028045062106	-0.00629306808509278
chr14	16037007	16071956	46	322	1024.34	542	873.271	-0.978034397366881	-1.62820782250729
chr14	16071957	16616975	4814	103693	107080.0349	88700	90992.3016	-0.00616953693670295	-0.00501676943142584
chr14	16616976	16908850	3436	67768	75917.8427	61129	64397.1921	-0.0853028995986063	-0.122480562945685
chr14	16908851	17278107	4665	101305	103582.233	86744	87950.574	-0.00875107663310219	0.00928305563631344
chr14	17278108	17279137	13	0	288.481	126	244.957	-33.2158898637699	-33.1779267096239
chr14	17279138	40887862	258910	5678812	5862515.917	4844838	4983503.347	-0.00182782685052373	-0.00457654382797593
chr14	40887863	40891098	40	174	908.445	0	772.999	30.8383601680567	-2.34295762591769
chr14	40891099	41885330	10465	235386	239049.5458	201143	203226.3698	-0.00402398249060316	0.0190730909446776
chr14	41885331	41886055	8	153	176.286	23	151.697	2.52049162000462	-0.163032013222839
chr14	41886056	61656736	202272	4443220	4587427.7385	3778008	3898796.7929	0.00271443470088823	-0.00472561709669047
chr14	61656737	61683390	19	219	423.541	1	362.393	7.55323154752112	-0.910216524036052
chr14	61683391	61953239	3085	69819	70827.0296	58281	60163.5223	0.0285741410751511	0.0206738944055983
chr14	61953240	61957549	37	386	836.523	650	711.998	-0.980979804109124	-1.0744501203086
chr14	61957550	62269526	3651	83860	83538.8219	70356	70951.2762	0.0210822888344697	0.0468902714327361
chr14	62269527	62270651	15	166	338.98	0	288.564	32.1926551194505	-0.988662674982522
chr14	62270652	62365169	1093	23394	25011.2454	19572	21221.6556	0.0236987734747391	-0.0550840963168421
chr14	62365170	62386761	95	732	2174.522	10	1840.456	5.95652775654231	-1.52942851156071
chr14	62386762	93416312	344365	7597104	7736061.0069	6411213	6552138.4808	0.00860999285988051	0.015204638430994
chr14	93416313	93424927	88	1308	2009.077	1629	1708.802	-0.546780595122534	-0.577816077636103
chr14	93424928	95430992	9964	217653	227924.7069	187072	193574.6555	-0.0138398944728228	-0.0251731754300654
chr14	95438185	95531139	56	446	1238.433	137	1053.44	1.47285122699981	-1.43204596508273
chr14	95531140	95550871	32	472	713.9101	27	609.094	3.9020691094385	-0.555601313504555
chr14	95550872	95568226	113	1272	2580.48	4	2198.27	8.0850031065791	-0.979186538898401
chr14	95568227	97151454	314	4500	7078.9485	2967	6006.9197	0.367401457984886	-0.612255838810678
chr14	97156312	98555351	14163	325703	325427.4683	275298	276340.8008	0.01006652187718	0.0425752181693639
chr14	98555352	98556176	11	159	259.149	0	219.214	32.5179169728021	-0.663400821690366
chr14	98556177	101960846	26319	566382	595809.5614	480037	506965.988	0.00905857741759368	-0.0317216200410151
chr14	101960847	101989322	29	331	666.5565	32	565.8106	3.13767052496818	-0.96854171253751
chr14	101993268	102173977	46	616	1034.819	419	881.8755	0.328639644435762	-0.707021952742686
chr14	102173978	102218126	51	539	1143.05	13	974.0491	5.14627070954005	-1.04317709454523
chr14	102218127	102568561	3138	67016	71182.169	56277	60593.8424	0.0230065390700329	-0.0456560760112022
chr14	102568562	102571152	34	0	766.15	655	651.913	-33.2158898637699	-33.1779267096239
chr14	102571153	115493372	144555	3149038	3250754.1935	2675493	2762056.8443	0.00346603830118006	-0.00450906421273158
chr15	0	6108368	55700	1190534	1242213.5564	1020862	1055488.2497	-0.00979064778192334	-0.0199501552910275
chr15	6108369	6108968	8	0	180.661	89	154.287	-33.2158898637699	-33.1779267096239
chr15	6108969	6354684	2772	61632	63164.1762	53027	53717.23	-0.0133780852102214	0.00592728726216188
chr15	6354685	6357043	30	770	692.724	296	588.503	1.14742146644523	0.193932027116609
chr15	6357044	6597371	2535	54415	57518.9366	45620	48941.4851	0.0247499130899162	-0.0386783657458182
chr15	6597372	6598121	10	7	220.966	111	188.96	-4.20941338636986	-4.9389714233717
chr15	6598122	6681005	964	22510	21946.9	18673	18667.8	0.0395381551817044	0.0779031227303719
chr15	6681006	6681680	9	4	207.364	78	176.102	-4.51776528957547	-5.6546673958781
chr15	6681681	7646684	11428	260286	260969.2738	220028	221817.2309	0.0112931565469383	0.0375719993405528
chr15	7646685	7654167	96	0	2151.8	941	1834.02	-33.2158898637699	-33.1779267096239
chr15	7654168	7654917	10	172	227.976	185	193.779	-0.336195341341276	-0.36511914939245
chr15	7654918	7656636	20	0	461.954	243	392.519	-33.2158898637699	-33.1779267096239
chr15	7656637	21036064	150606	3302447	3371265.6473	2801285	2870445.3327	0.00882199145416729	0.0115993351051468
chr15	21036065	23324406	525	6884	11827.4383	4620	10027.5915	0.340582826405272	-0.739464392797683
chr15	23324433	29952152	61764	1339689	1379320.0644	1154025	1171677.3821	-0.0167671487106614	-0.000704899175203999
chr15	29952153	31950404	1341	21312	30259.476	19300	25732.7698	-0.0873240267870796	-0.464366777804052
chr15	31953379	35519064	31507	691542	700068.0068	572622	590765.8247	0.0307161531949166	0.0236760370572354
chr15	35519065	35533756	130	9	2999.82	1308	2544.13	-7.41753425956904	-8.33938093230482
chr15	35533757	41696196	62525	1350988	1395228.9199	1157892	1186330.5983	-0.00809049318023663	-0.00513274975966077
chr15	41696197	41698657	27	1006	620.963	558	527.586	0.618583336630712	0.737405331160238
chr15	41698658	46022515	51736	1128805	1153340.521	959020	981367.0254	0.00560073468912441	0.0103319947183865
chr15	46022516	46027786	68	730	1502.11	1237	1278.82	-0.98966329939362	-0.99966785709219
chr15	46027787	61632237	167746	3672853	3746023.4659	3121095	3183854.0826	0.00365425116324215	0.0128954581241136
chr15	61632238	61632705	5	67	111.571	4	95.7222	3.848443647624	-0.694374844403649
chr15	61632706	94210534	356989	7911808	8148533.9503	6741030	6925431.0769	-0.000207188665015021	-0.00117886383026319
chr15	94210535	94210760	3	0	69.3616	31	58.7583	-33.2158898637699	-33.1779267096239
chr15	94210761	105433303	127436	2818238	2897073.1412	2401277	2462168.9894	-0.000283622796680065	0.00155158349524919
chr15	105433304	105437135	51	591	1132.1	1	966.796	8.98268727595767	-0.896417124057682
chr15	105437136	106498168	13291	287779	294648.8187	249120	250549.3014	-0.0223904128370814	0.00731907583982546
chr15	106498169	106521936	311	3360	6829.68	0	5782.26	32.199315283375	-0.98200251105934
chr15	106521937	108253953	8502	181905	187979.1309	155739	158775.4995	-0.0161381807513339	-0.00603306731122559
chr15	108253954	108262432	12	82	263.713	8	223.908	3.12488046873364	-1.64391863751474
chr15	108262433	111239624	32430	718263	732095.1317	603691	621960.9859	0.0188859470877255	0.0138353081398953
chr16	17697	29965548	316040	6921362	7087322.0369	5833367	5996403.3863	0.00897503909759263	0.00716959737783611
chr16	29965549	30964736	399	7124	8998.4351	4622	7616.2493	0.386967917233673	-0.295632371151697
chr16	30964737	57393279	265590	5827751	6032758.2701	4963498	5128726.013	0.000755837590932286	-0.0085242987227481
chr16	57393280	57393729	6	80	140.184	0	118.383	32.4134222433642	-0.767895551110596
chr16	57393730	64896286	87558	1919309	1966847.7596	1646525	1674176.098	-0.00788034168438426	0.00605594429550841
chr16	64920676	64933865	77	10476	1775.14	964	1506.85	3.20890509326804	2.60243748880126
chr16	64934998	64975245	52	4854	1179.061	1002	1001.8263	2.04467671622526	2.08288998813221
chr16	64975262	64978816	24	2100	558.534	0	473.255	35.1333443512698	1.95202655658053
chr16	64978817	64984693	32	2448	738.1222	551	626.0178	1.91721441620672	1.77102621042454
chr16	64984694	71350242	65905	1448131	1483110.4094	1231803	1261110.7341	0.00288061195405707	0.00692035348845153
chr16	71350243	71351894	22	6	482.084	406	407.557	-6.31926502301986	-6.28682398679363
chr16	71351895	72206325	10190	218951	226355.2327	185042	192151.7767	0.00980401775203339	-0.00662637971885681
chr16	72206326	72208630	20	495	447.089	107	380.848	1.9818620818723	0.188220713750297
chr16	72208631	78865248	74276	1624194	1661159.9718	1378511	1412627.3663	0.00619420675331223	0.00888718993427114
chr16	78865249	78866197	12	60	276.289	145	234.565	-1.50581777237151	-2.16178947897451
chr16	78866198	90668716	135093	2971237	3025756.2553	2521313	2561045.7834	-0.000283186403258503	0.0151221517826231
chr17	545	24572118	274180	5865153	6086730.3009	5023291	5153608.4935	-0.0131575234311006	-0.0121444596585246
chr17	24572119	24578765	28	219	646.482	433	548.501	-1.21716102061993	-1.52032509213089
chr17	24578766	44149030	206295	4475151	4633473.8964	3821660	3944099.4074	-0.00127031487296364	-0.00880364216146966
chr17	44199205	44327501	138	2621	3186.915	2783	2701.3083	-0.321634706698169	-0.240688947607623
chr17	44327502	48019145	33764	741428	762051.2234	622343	648778.3998	0.0238255657730391	0.00177286315488658
chr17	48019146	48492738	384	7694	8789.7159	7572	7437.7032	-0.214508853154068	-0.150728466480565
chr17	48492739	59757770	112750	2472391	2542810.8676	2098210	2163274.6928	0.00693163688645248	0.000836998440833674
chr17	59757771	59778290	133	6	2990.19	2476	2550	-8.91518185442562	-8.91970463057652
chr17	59778291	59788859	134	2751	2980.56	2513	2542.56	-0.095365042565072	-0.0742730366344524
chr17	59788860	59789771	12	0	266.718	245	223.546	-33.2158898637699	-33.1779267096239
chr17	59789772	59836334	560	12545	12598.972	10520	10743.4428	0.0275192154902908	0.0351606868138441
chr17	59836335	59840396	51	774	1130.1098	0	966.0796	32.6766145556335	-0.504703238883475
chr17	59840397	61442946	16979	370519	382246.2032	314070	325291.5507	0.0090836448634279	-0.00360040716811483
chr17	61442947	61444641	22	2	497.262	272	424.07	-7.31377549425874	-7.91650810146393
chr17	61444642	62219981	9358	210777	211534.7692	178574	180283.0919	0.0119557759022262	0.0361768746134463
chr17	62219982	62225326	57	1	1290.62	1119	1096.73	-10.3594589358554	-10.2924941466032
chr17	62225327	62287246	578	12833	13028.278	10966	11092.38	-0.001865285508383	0.0195663017074323
chr17	62287247	62288071	11	11	242.937	95	208.814	-3.32539669565572	-4.42365256199085
chr17	62288072	86226664	264093	5709020	5929025.9031	4895363	5045202.9346	-0.00766443995931545	-0.0131977438464892
chr17	86226665	86231666	51	612	1141.73	1013	974.929	-0.951491986356921	-0.858263720300333
chr17	86231667	88135728	21130	454749	471602.8562	390901	401791.2956	-0.00946787079735667	-0.0111477510636625
chr17	88135729	88136253	7	0	157.685	73	134.894	-33.2158898637699	-33.1779267096239
chr17	88136254	89385717	14282	315910	322131.2202	266084	274306.3498	0.0191624578992885	0.0132193550114989
chr17	89385718	89463173	213	2717	4747.4476	712	4017.4564	1.69458679382646	-0.76378327164009
chr17	89464669	89653336	1809	36745	41016.607	31392	34821.4567	-0.00568950621426304	-0.117305962315777
chr17	89653337	89659072	32	544	728.088	3174	604.01	-2.81077288205466	-0.379151940674439
chr17	89659073	90616851	8031	175589	181217.1513	149300	154222.6278	0.00467433748864243	-0.00416279813386215
chr17	90616852	90617165	4	3	88.2631	75	75.8578	-4.85897798781362	-4.83742176959338
chr17	90617166	90843705	2871	62644	64019.5227	52755	54449.6332	0.0176699946240911	0.0100186543494004
chr18	0	350394	1719	38515	39082.4915	34241	33109.8353	-0.0661759329201797	0.020252222990449
chr18	350395	350715	4	105	93.9745	1	79.5938	6.47802331266513	0.201402327861036
chr18	350716	19472115	206608	4493000	4655292.8044	3835385	3957276.7903	-0.00266519163109693	-0.00983861070625452
chr18	19472116	19476485	38	2	871.564	407	739.822	-7.90192226956969	-8.72610849473966
chr18	19476488	19504266	278	5697	6369.9466	4857	5383.448	-0.00922278470719337	-0.119724632633039
chr18	19504267	19504890	8	1	180.384	68	153.695	-6.31507289057228	-7.45357330220546
chr18	19504891	29846876	117888	2589566	2654315.0267	2212499	2252865.6399	-0.00615372171003579	0.00572496139205685
chr18	29846877	29850264	45	546	1023.33	0	871.358	32.3163734347009	-0.864944359756346
chr18	29850265	60530586	327623	7240316	7377403.4338	6174930	6272785.4296	-0.000985950499453494	0.0142937721015403
chr18	60530587	60535612	67	0	1479.51	624	1264.18	-33.2158898637699	-33.1779267096239
chr18	60535613	61053680	4645	95345	102676.8514	82874	87080.4215	-0.0320618534285686	-0.0655275327848634
chr18	61053681	61054880	16	0	354.814	320	302.903	-33.2158898637699	-33.1779267096239
chr18	61054881	61798643	8730	189492	193568.9767	163072	164413.8231	-0.0154972125672306	0.0106434307718995
chr18	61798644	61799384	9	211	200.273	2	171.06	6.49702477066294	0.116629302399255
chr18	61799385	63311059	17095	368877	381285.2244	314032	324193.2217	0.00160264730166758	-0.00637654752662016
chr18	63311060	63312919	24	246	538.049	497	424.655	-1.35264277881042	-1.08772500954418
chr18	63312920	69192519	69029	1498153	1556821.0201	1280248	1325400.5577	-0.00202191553937766	-0.0140638875067809
chr18	69192520	69195933	42	440	973.174	774	824.497	-1.05062248979951	-1.10384001341858
chr18	69195934	69421727	2686	61111	60146.1	51709	51326.1	0.0156292181515844	0.064315135345458
chr18	69421728	69440602	249	2777	5547.574	4905	4744.323	-1.04298964704259	-0.956975590201828
chr18	69440603	71312935	22598	494282	500621.3556	424032	424428.5238	-0.0136459076180558	0.0229687738904119
chr18	71312936	71321072	105	3291	2323.88	2037	1961.83	0.451135590113561	0.543344692714603
chr18	71321073	76937529	57398	1248872	1277476.099	1056567	1081126.8527	0.00387195915932277	0.0086835592705762
chr18	76937530	76939254	23	0	512.389	185	430.255	-33.2158898637699	-33.1779267096239
chr18	76939255	77216193	2360	50862	52068.5442	43119	43690.831	-0.0114259664324005	0.00753036177117531
chr18	77216194	77217318	15	1	330.657	125	271.915	-7.24457288283991	-8.32783734653508
chr18	77217319	84407142	78095	1710699	1749343.4928	1449518	1484124.7886	0.00520257847653254	0.00912657940621418
chr18	84407143	84409719	34	528	786.351	194	668.621	1.21388760394742	-0.533281256572821
chr18	84409720	84894801	5229	117131	120071.0618	98811	101970.4733	0.0130334480979196	0.00558870026559345
chr18	84894802	84896532	23	254	526.93	0	447.542	32.1698892111626	-1.01142858326575
chr18	84896533	84990541	1185	27124	27284.3221	22618	23154.8937	0.0287346049297726	0.0328519897713903
chr18	84990542	84991066	7	80	163.512	0	138.524	32.1913474213776	-0.98997037305512
chr18	84991067	86399797	15883	346760	362952.8855	293837	308489.433	0.00775128788737664	-0.0244905582262128
chr18	86399798	86403308	41	0	931.611	377	794.441	-33.2158898637699	-33.1779267096239
chr18	86403309	88201446	12506	269567	286960.2551	227851	243469.1945	0.00883258809107224	-0.0488527988216478
chr19	0	137444	1073	21629	24029.936	18103	20466.6641	0.028572419692683	-0.110511601710648
chr19	137445	148307	38	146	869.607	2	730.249	5.94124051519588	-2.53304094433468
chr19	148308	327848	81	748	1812.5342	383	1531.7159	0.726225479052944	-1.23554380220883
chr19	327849	11439003	122612	2739754	2777005.5156	2326731	2354238.931	0.000863723435373959	0.0218705575372757
chr19	11439004	11441070	26	0	581.965	202	496.711	-33.2158898637699	-33.1779267096239
chr19	11441071	21298517	107361	2315858	2386765.3538	1970033	2023980.6401	-0.0011431658341772	-0.00215570542979875
chr19	21298518	21299267	10	0	218.1	118	185.999	-33.2158898637699	-33.1779267096239
chr19	21299268	25563482	49730	1095839	1106932.8928	930532	937044.3164	-0.00107930690956093	0.0268223312098272
chr19	25563483	25564778	17	0	374.027	199	305.684	-33.2158898637699	-33.1779267096239
chr19	25564779	27838597	11580	240581	256953.7731	199256	214254.6634	0.0131083963918938	-0.053631887897798
chr19	27838598	28091286	119	949	2658.4039	464	2233.0167	0.784108092387368	-1.44472608263077
chr19	28091287	62275498	385949	8340247	8585081.7806	7127678	7254176.7807	-0.0129709414530576	-0.000387527521751183
chr20	747	4008	7	526	159.717	15	136.006	4.90357189699088	1.76089915993547
chr20	44062	198546	325	3029	7239.0087	2451	6089.9298	0.0594956266290709	-1.21559633241069
chr20	198547	200024	19	8	425.096	391	362.489	-5.83748517173837	-5.69029062666001
chr20	200025	266371	742	13554	16786.6747	12385	14186.951	-0.109236014923435	-0.267243556750452
chr20	266372	266821	6	2	136.198	109	116.29	-5.99277170683055	-6.04820745894559
chr20	266822	360345	977	22366	22219.488	18732	18871.364	0.0235665353542309	0.0508359297880607
chr20	360346	360733	3	0	69.1167	72	58.3837	-33.2158898637699	-33.1779267096239
chr20	360734	452023	746	16402	17026.881	13300	14466.9908	0.0707872628369457	-0.0125882030550173
chr20	452024	521973	187	4735	4268.3487	24	3623.3683	7.39123068900724	0.191040624053751
chr20	521974	661034	1056	24566	24170.632	20023	20531.934	0.0630102383892474	0.0647620106139145
chr20	661035	662961	22	653	513.54	175	435.6731	1.66588853993192	0.38796057766034
chr20	662962	782183	937	21119	21256.4144	17716	18039.3369	0.0201277556220738	0.0319975040738941
chr20	782184	791693	92	3939	2105.79	1712	1789.66	0.970861759529383	0.94482208556798
chr20	791694	814764	194	3823	4427.706	2824	3764.6289	0.206304423944684	-0.170499990654811
chr20	814765	815332	6	148	134.401	0	114.505	33.3617253374168	0.180407542820156
chr20	815333	1161878	1119	24096	25628.2834	22281	21757.6747	-0.119841692855869	-0.0475889346365763
chr20	1161879	1172808	78	3395	1804.54	11	1531.44	8.03641302765917	0.953134690975797
chr20	1172809	1285364	722	15666	16469.641	12785	14002.6262	0.0624641107602807	-0.0308180051130537
chr20	1285365	1286238	11	0	248.755	199	209.146	-33.2158898637699	-33.1779267096239
chr20	1286239	1603096	1578	33136	35892.5079	27365	30531.7849	0.0460878883158973	-0.0739290333378625
chr20	1603097	1606659	43	1499	986.203	773	837.5735	0.72318230511889	0.645398076036981
chr20	1608343	2878790	10458	222854	233687.4335	187461	198354.5437	0.0164007474250776	-0.0271270600628836
chr20	2878791	2883504	12	218	264.551	4	226.672	5.54863572158879	-0.237863496700617
chr20	2883505	3242623	1074	22797	23656.5969	16578	19716.1398	0.200099665551803	-0.0120443279081834
chr20	3242624	3245423	19	0	416.487	188	354.148	-33.2158898637699	-33.1779267096239
chr20	3245424	3250994	17	91	373.8441	263	310.6906	-1.7946914351749	-1.99714407437194
chr20	3250995	3265883	54	20	1191.94	467	1008.74	-4.78271679952154	-5.8558135570214
chr20	3265884	4034151	7567	150350	167252.2685	124212	138651.5106	0.00834895112019929	-0.112346671445951
chr20	4034152	4044844	122	1967	2703.1	1041	2284.43	0.678637324974919	-0.417263687666254
chr20	4044845	4046353	20	254	437.826	4	339.599	5.62555033976739	-0.744174894033225
chr20	4046354	4048153	24	421	539.645	245	433.239	0.467582031656981	-0.316836184251321
chr20	4048154	4065740	211	2280	4704.08	11	3993.85	7.4626450769697	-1.00352453165816
chr20	4065741	4071972	82	1221	1799.815	740	1520.956	0.482986905128426	-0.518431182156589
chr20	4071973	4073472	20	237	439.834	25	373.747	3.01338100963318	-0.85071783291758
chr20	4073473	4276617	2225	45340	49313.343	37918	41739.912	0.0207421064538858	-0.0798394273839285
chr20	4277402	4281483	28	258	619.818	4	518.757	5.75783256820115	-1.22311934728115
chr20	4281484	4989286	5511	113593	122005.799	90738	99446.4656	0.0325285338869667	-0.0617215484281247
chr20	4989287	4989588	4	38	87.4331	0	74.6051	32.0204919008898	-1.16082589350584
chr20	4989589	7331471	24450	513320	541242.2115	425778	443573.2687	-0.013953783738127	-0.035061648138457
chr20	7331472	7334171	36	1266	802.42	656	639.97	0.625547482065079	0.699202173995335
chr20	7334172	21013488	151362	3242902	3368354.792	2765501	2834230.0078	-0.0159516162228832	-0.0134044410131099
chr20	21013489	21014014	7	101	159.06	1	135.721	6.43267543729716	-0.613861543584934
chr20	21014015	29821885	101599	2219102	2279954.3028	1898605	1938095.5093	-0.00593796086769561	0.00232531257411296
chr20	29821886	29822185	4	0	87.6762	47	75.4174	-33.2158898637699	-33.1779267096239
chr20	29822186	34063609	44246	940248	983117.2744	797071	825811.0446	-0.00982763190196045	-0.0229679515719907
chr20	34063610	34064673	14	154	315.086	1	269.615	7.04533269632953	-0.991461063035749
chr20	34064674	35572910	16475	358120	370322.8834	302739	315245.3503	0.0134510267008129	-0.00698637007826358
chr20	35572911	35575820	36	426	832.022	783	706.456	-1.11078975943893	-0.924414006065545
chr20	35575821	36681139	12329	276084	281823.3907	232151	239499.0341	0.0186633515710421	0.0116701636749924
chr20	36681188	36683744	14	165	319.674	3	272.178	5.55269983446073	-0.912781146378873
chr20	36683745	56205872	218698	4722083	4937520.0558	4049415	4190647.0527	-0.0115126078150397	-0.0230089688728919
chrX	598	37713692	346802	7545806	7849071.0889	6470309	6672088.6049	-0.00915199574252883	-0.015492677166552
chrX	37713693	37723505	22	2	502.312	149	427.657	-6.44790700928838	-7.93108565502562
chrX	37723506	52309231	136438	3032931	3121259.5348	2593374	2650359.8965	-0.00666656032480532	-6.14072625666345e-05
chrX	52309232	52390155	931	14793	21452.4	18392	18214.3	-0.546840135003929	-0.494870160987337
chrX	52390156	63559735	112496	2499120	2576379.3732	2141684	2187704.135	-0.00986177326114861	-0.00257063045582039
chrX	63559736	63594005	267	6753	5939.74	7543	4638.59	-0.512932231011869	0.226483015513693
chrX	63594006	103874288	379735	8296254	8676032.2117	7077775	7365537.8778	-0.00368927550661633	-0.0232211052389175
chrX	103874289	104088837	144	534	3191.412	228	2712.765	0.996766209510556	-2.53792898032916
chrX	104088838	112384955	83113	1796080	1885491.1441	1548610	1602287.4101	-0.017538587177544	-0.0287345237152143
chrX	112384956	112394453	69	1877	1537.1942	1933	1146.1949	-0.4624689581403	0.329483451457525
chrX	112394454	113106940	7740	168483	176327.4057	145651	149822.3719	-0.0215251471836461	-0.0242994534057377
chrX	113106941	113110242	43	504	969.351	800	827.192	-0.891982105174362	-0.90224118389219
chrX	113110243	150426366	358830	7851411	8173854.1335	6740152	6946314.7649	-0.0112068048286847	-0.0167103103331891
chrX	150426367	150631024	169	4418	3865.0565	789	3276.2537	2.25024487187696	0.234258154223298
chrX	150631025	159969947	80309	1752660	1822003.9078	1496921	1545913.1183	-0.00612765909414475	-0.0146256604036187
