chrom	start	end	binNum	tumor	tumor_expect	normal	normal_expect	log2.copyRatio	log2.TumorExpectRatio
chr1	987	24854254	257671	5826120	6059447.2347	4768245	4933101.6677	-0.00584901726763141	-0.0169155027774249
chr1	24854255	24971665	154	1025	3619.3571	493	2920.9827	0.748449816863075	-1.78037427451503
chr1	24976802	30478326	44913	1038468	1060710.0398	852951	868954.2605	-0.00199109064977992	0.00916170394698277
chr1	30478327	30479458	13	0	309.673	239	255.142	-33.2175158461534	-33.1795456769316
chr1	30479459	31272479	7570	172046	178633.0818	140778	146246.9126	0.00254444243610582	-0.0144696613901271
chr1	31272480	31385444	126	1267	2969.316	10	2424.836	6.6947943224424	-1.18897883896168
chr1	31385445	31518394	1295	30574	30581.854	24723	24944.126	0.0142408473577414	0.0393647130581464
chr1	31518395	31522345	51	602	1208.41	1060	992.139	-1.09895963442327	-0.965539363686312
chr1	31522346	38428910	75477	1755782	1771387.9052	1408419	1428226.3312	0.00914668518164742	0.0269688278487749
chr1	38428911	38447338	20	207	478.3872	26	378.7873	2.65802151238006	-1.16881274848335
chr1	38447339	61509137	224027	5100627	5266247.1604	4122669	4258707.799	0.0025015838055029	-0.0063653579769407
chr1	61509138	61511611	30	369	707.608	1	580.317	8.24313285856949	-0.899594270285854
chr1	61511612	62958059	12576	285764	297533.6512	238480	243950.5155	-0.0237433130741335	-0.0184933951340116
chr1	62958060	62995159	44	796	1034.538	91	847.747	2.8433141223773	-0.338411030328135
chr1	62995160	63010649	21	445	498.7612	47	411.8202	2.96850313398254	-0.124808630150778
chr1	63010650	63097769	173	1876	4111.469	78	3388.571	4.31083003918877	-1.09225885106085
chr1	63097770	63102473	53	1345	1255.07	901	1034.6	0.301077529978491	0.139573613880482
chr1	63102474	63132023	153	1451	3618.601	0	2968.832	31.9026615312781	-1.27864924801393
chr1	63132024	63705155	1090	25298	25870.127	19898	21178.3743	0.0594697196846171	0.00747146903455032
chr1	63705156	63711056	23	305	548.437	10	431.417	4.58625955609909	-0.80678139014945
chr1	63711057	63714502	20	378	468.259	226	372.519	0.413835851699927	-0.269185216957464
chr1	63714503	63716543	23	329	536.331	52	433.918	2.35756794739196	-0.665300787590599
chr1	63716544	63720208	48	590	1123.89	13	909.384	5.20035720527626	-0.889978707829243
chr1	63720209	63738841	128	2529	2998.85	1419	2432.0606	0.533227365645394	-0.20610705248278
chr1	63738842	63748026	113	3187	2667.974	3008	2160.796	-0.219022178033322	0.29618968397161
chr1	63748027	63757691	22	339	520.577	45	419.056	2.60208494531163	-0.579091026841202
chr1	63757692	63769750	127	2952	2973.25	2364	2414.44	0.0218756263058339	0.0293872189059176
chr1	63769751	63777516	37	424	864.742	10	699.854	5.10254167617627	-0.988470224809981
chr1	63777517	63780683	21	311	489.8564	82	394.7546	1.61358105593117	-0.61570903676249
chr1	63780684	63830461	95	1078	2246.151	62	1838.413	3.83271623792607	-1.01936246744486
chr1	63830462	63840794	88	1165	2080.857	605	1688.065	0.645280642735323	-0.797112596965851
chr1	63840795	63978783	53	768	1248.361	173	1000.52	1.83281418955617	-0.661121703655556
chr1	63978784	64071494	14	151	328.553	0	268.794	32.0994684857881	-1.08184229354981
chr1	64071495	65094497	7825	176883	183832.9409	142485	147998.1132	0.000933931160921283	-0.0158646341384798
chr1	65094498	65111385	90	1060	2137.721	5	1745.484	7.4372390642465	-0.972274038122184
chr1	65111386	65186757	404	9314	9519.1372	7758	7802.3978	-0.0214320517087098	0.00830533845516074
chr1	65186758	65197843	30	423	719.2436	7	594.3579	5.64377547240589	-0.726087543046742
chr1	65197844	65253912	96	2047	2274.913	1262	1879.6756	0.424236620381405	-0.112564998597721
chr1	65253913	65292422	227	2857	5371.73	146	4428.74	4.01373537097262	-0.871150483721873
chr1	65292423	65370926	327	7235	7766.8555	5835	6356.3982	0.0229043441539918	-0.0626023364495892
chr1	65370927	65420838	19	180	450.341	3	372.45	5.63468461298031	-1.28328565081827
chr1	65420839	68577480	19396	429362	457846.3197	356902	373394.81	-0.0257299206553006	-0.0529336402899798
chr1	68577481	68581141	48	600	1139.85	0	938.195	32.2952364738223	-0.886074305555456
chr1	68581142	70324370	9591	215235	225362.4618	178223	182997.9188	-0.0264257180970587	-0.0265992585588127
chr1	70324371	70326579	29	318	689.256	0	562.596	32.1050328960975	-1.0762778832416
chr1	70326580	70886171	1949	41877	45898.7131	34692	37251.3761	-0.0278398014265598	-0.092560338427472
chr1	70904589	71083403	46	448	1079.51	51	882.03	2.84521770387896	-1.229070698088
chr1	71083404	81444160	86681	1963960	2046629.6319	1564216	1629488.0108	0.00125959193953386	-0.0197492301816581
chr1	81444161	81446562	31	2	728.568	349	581.894	-7.76962535264219	-8.4691844960224
chr1	81446563	82600166	11491	265485	272982.0026	204728	209269.1627	-0.00675907855856378	-0.00044021637715317
chr1	82600167	82600920	10	0	234.759	103	184.563	-33.2175158461534	-33.1795456769316
chr1	82600921	92249835	87567	2002607	2068339.1702	1606870	1638111.7655	-0.0170477728397175	-0.00685818044457877
chr1	92249836	92252760	39	1	918.077	333	722.743	-8.72274563176961	-9.80273594431485
chr1	92252761	96094217	37991	866550	892607.3446	704901	714731.0784	-0.0209977096092252	-0.00300741001008199
chr1	96094218	96198463	26	250	606.133	29	495.082	2.81760149706989	-1.23797102286813
chr1	96198464	97687380	12434	290540	291263.6032	234831	237243.0173	0.0129192260320941	0.0361466408690455
chr1	97687381	97692314	54	2761	1280.36	1122	1036.82	0.9964992563143	1.14837664877842
chr1	97692315	97694760	28	669	660.426	512	540.467	0.0984371173262566	0.0583445648007273
chr1	97694761	97697849	40	603	954.824	1	783.132	8.95179985184465	-0.623341555473054
chr1	97697850	99576405	13932	314278	328262.2926	255986	265996.1616	-0.0057021334921736	-0.023072480810342
chr1	99576406	99582830	85	2782	2000.02	3132	1592.11	-0.498271100635693	0.515843265047633
chr1	99582831	107475361	87487	2049361	2063609.2783	1624274	1637254.8874	0.00325332086453515	0.0297395749224292
chr1	107475362	107478910	37	360	886.351	697	730.302	-1.23078159241132	-1.26014594846113
chr1	107481820	108568106	9782	220026	231351.1427	182206	189877.1947	-0.0111489353077303	-0.0326749386527741
chr1	108568107	108575858	86	1100	2031.95	3	1688.28	8.25277962073829	-0.845626106328997
chr1	108575859	109299227	7164	158759	169348.2732	132874	139147.2062	-0.0248366849314429	-0.0534196238761475
chr1	109299228	109308335	108	1175	2557.42	2273	2095.17	-1.23779362790395	-1.08229308192783
chr1	109308336	109580615	1476	31124	34978.6981	25724	28743.2157	-0.00657752556136341	-0.128713836551663
chr1	109580616	109616776	15	195	355.118	0	295.877	32.3562216869289	-0.82508909246024
chr1	109616777	113358651	33961	765104	802118.7691	633707	658329.9754	-0.0113999659956222	-0.0284247335669363
chr1	113358652	113361026	26	1	610.542	266	504.936	-8.32750729052048	-9.21421137329615
chr1	113361027	115468475	21887	493069	515888.0867	403011	421672.1943	0.00179919723760007	-0.0255333076625485
chr1	115468476	115469231	10	1	240.451	115	198.53	-7.12011082411328	-7.86986380932346
chr1	115469232	116496957	10237	227053	240948.202	183785	197339.9862	0.0187354564215953	-0.0459586644741271
chr1	116496958	116502490	62	762	1455.38	1111	1180.52	-0.844204217881989	-0.893797715224668
chr1	116502491	123708521	32039	686297	760054.8778	568612	623687.8992	-0.0121257154175185	-0.107535268021891
chr1	123708522	146880828	266065	6103598	6254434.602	4919318	5051876.9795	0.00490676625516939	0.00451574614910286
chr1	146880829	148464161	3098	52013	73202.3798	43537	58932.41	-0.0544339303808767	-0.453283027020561
chr1	148464162	148622791	47	97	1120.173	245	773.311	-1.86956091396335	-3.48985772879973
chr1	148623391	148626298	31	235	741.54	164	504.7742	-0.0341562987406363	-1.61812848715409
chr1	148626299	148629303	38	197	928.2885	493	643.9923	-1.84915672115509	-2.1966423436044
chr1	148629304	148651620	158	1951	3757.5148	1986	2780.3192	-0.458415004912856	-0.905829736435102
chr1	148651621	148663094	39	372	934.889	951	647.6085	-1.88205077816793	-1.28975718937746
chr1	148663095	154086489	49964	1145675	1181518.7044	937533	968617.4596	0.0043780146811608	-0.00470935163025774
chr1	154086490	154087852	9	10	209.743	157	171.388	-4.26228411095117	-4.35081548262831
chr1	154087853	158012092	35458	824312	835583.6541	666271	684031.286	0.0201245412535326	0.0201414989612618
chr1	158012093	158028825	110	2	2581.817	725	2116.631	-8.78668898342364	-10.2944355720726
chr1	158028826	158032689	39	904	923.981	764	757.11	-0.0428450247972462	0.00819485920075406
chr1	158032690	158038697	68	1	1605.66	751	1322.48	-9.83082439219835	-10.6092152142489
chr1	158038698	158255803	2188	50907	51618.2245	42538	42232.5086	-0.0286496254766301	0.0197188025041693
chr1	158255804	158256861	14	0	329.649	315	267.884	-33.2175158461534	-33.1795456769316
chr1	158256862	158267545	137	3124	3233.05	2618	2661.41	-0.0240105804325844	-0.0097660937375662
chr1	158267546	158271201	8	1	190.087	143	156.715	-7.43662280482361	-7.5307807602342
chr1	158271202	158580303	3330	78931	78858.3	64739	64851.8	0.00560605728420041	0.041064689694267
chr1	158580304	158580987	9	8	213.881	174	176.304	-4.71992150963346	-4.70092924115707
chr1	158580988	158840013	2681	61670	63617.2943	51384	52260.9009	-0.0186722718194373	-0.00511489567464685
chr1	158840014	158845864	42	1859	985.477	832	802.37	0.865081904462285	0.95536793649132
chr1	158845865	158851020	67	0	1566.997	407	1277.615	-33.2175158461534	-33.1795456769316
chr1	158851021	159920534	11351	259330	269207.6103	216348	221243.9232	-0.0198809350833581	-0.0141948116214159
chr1	159920535	159920909	5	0	117.678	96	97.049	-33.2175158461534	-33.1795456769316
chr1	159920910	167755696	95216	2245420	2242883.688	1772734	1797296.9438	0.0232483296201141	0.0413657879283861
chr1	167755697	167756296	8	3	191.204	82	157.924	-5.046706664716	-5.95427111282414
chr1	167756297	168128432	3703	86244	87377.8942	68915	71522.4775	0.0364995355009784	0.0208910266109221
chr1	168128433	168133767	62	822	1455.36	0	1192.87	32.396880286158	-0.784430493238371
chr1	168133768	169032247	8564	201632	202993.2088	165327	166810.6721	0.00494749737854452	0.0300284295521779
chr1	169032248	169039717	77	4	1826.68	749	1509.22	-7.82247757257262	-8.79527286988345
chr1	169039718	179060535	108207	2519129	2546324.7111	2014498	2056763.8281	0.0162294688196057	0.0242438682526853
chr1	179060536	179796274	351	1840	8293.7086	1127	6815.063	0.425692987473654	-2.13257632007408
chr1	179796283	180386919	160	272	3772.341	60	3054.537	1.87783096309813	-3.75404626350227
chr1	180386920	181611482	904	11652	21341.7344	11954	17502.0321	-0.321305726378299	-0.833364547065315
chr1	181611483	181660015	31	459	726.5884	213	596.2292	0.824134524569529	-0.622908907469275
chr1	181660016	182893066	1017	17773	24085.7299	13578	19736.6092	0.102876842363302	-0.398756150086512
chr1	182893067	183115484	110	1742	2599.6934	597	2125.1496	1.25592980682379	-0.537861590089588
chr1	183115485	215451956	343311	7977206	8064566.6179	6339595	6474271.2251	0.0163787576619486	0.0240217996215523
chr1	215451957	215453375	18	0	418.719	185	340.585	-33.2175158461534	-33.1795456769316
chr1	215453376	215453975	8	167	184.295	134	150.267	0.0248914892186171	-0.102433555782505
chr1	215453976	215465787	142	3	3331.58	1293	2697.47	-9.05437850197489	-10.0772928887089
chr1	215465788	224280532	91696	2157575	2169573.0005	1666222	1695691.4389	0.0190577210450606	0.0317348523286024
chr1	224280533	224294611	17	470	399.611	8	327.18	5.58977030826778	0.273799732443795
chr1	224294612	233200861	85388	1961668	2013654.298	1572139	1632661.5271	0.0185269267000631	0.00200014295070744
chr1	233200862	233203420	34	445	796.497	0	647.887	32.3811824598122	-0.800128319581426
chr1	233203421	240532734	84328	1946362	1984535.4887	1569882	1622382.8408	0.0212019756562923	0.0117139694071216
chr1	240532735	240618807	767	19887	18084.9051	18558	14820.4581	-0.185646463306691	0.176774903256568
chr1	240618808	258519557	187344	4364270	4399793.4343	3529995	3572857.9439	0.00748208240563917	0.0280398379886382
chr1	258519558	258565452	35	451	823.6132	42	661.7047	3.11065187565821	-0.829104246457313
chr1	258565453	264121274	48167	1131715	1134800.9894	901144	906104.2818	0.00575591309507155	0.0358066482643933
chr1	264121275	264121874	8	121	188.777	0	147.557	32.5793700971443	-0.601940682282484
chr1	264121875	269490186	58755	1392433	1383878.4818	1114198	1105540.7033	-0.000597740998346373	0.0486259171898221
chr1	269490187	269492961	37	0	868.747	317	715.025	-33.2175158461534	-33.1795456769316
chr1	269492962	271140489	20080	466193	473550.8944	382646	388449.6512	0.000890256448402835	0.0171431280987984
chr1	271140490	271141014	7	84	165.969	0	137.069	32.2385934871388	-0.942717292227935
chr1	271141015	282763000	122572	2803528	2881759.0593	2270718	2320675.7463	-0.00654472830311349	2.90323498139955e-05
chr2	0	1340923	1194	15544	28230.0874	14198	22980.0738	-0.164414974435549	-0.821140517120503
chr2	1342810	12249115	102153	2421715	2414659.736	1991137	1978826.9721	-0.00297273058207826	0.0439444585781878
chr2	12249116	12250241	15	165	354.963	0	291.963	32.1158434246828	-1.06546735465871
chr2	12250242	14630809	24655	572821	583387.4206	468706	478394.003	0.00491124956363741	0.0133653776325664
chr2	14630810	14631563	10	117	237.44	0	195.969	32.1999915843312	-0.981319195027855
chr2	14631564	15641801	10914	250241	258861.528	206338	212815.0298	-0.00250677708688013	-0.00912711275095851
chr2	15641802	15654551	74	933	1746.767	1	1403.356	9.55169202490151	-0.865002922627447
chr2	15654552	17178776	15072	344721	358116.4384	286400	294293.3137	-0.0140111796997339	-0.0152642825589537
chr2	17178777	17180667	25	351	588.65	2	478.591	7.15847546529502	-0.706203787455056
chr2	17180668	18735804	18424	423489	436237.9744	346478	358164.8109	0.00683408963795376	-0.00305559310287873
chr2	18735805	18737074	13	157	310.136	0	255.304	32.2389096097297	-0.942401169637177
chr2	18737075	20211044	15874	364817	374009.653	300648	305831.5034	-0.0094757807029271	0.00383272505772717
chr2	20211045	20212095	14	170	329.82	0	261.895	32.2649019127474	-0.916408866624553
chr2	20212096	20593090	4105	96013	96410.3637	77945	78417.0139	0.0045168472240972	0.0337767913359779
chr2	20593091	20611122	111	1178	2614.103	1776	2126.956	-0.888052737734172	-1.1102411754035
chr2	20611123	20614597	30	651	705.226	302	576.612	0.819389293395787	-0.0756928488733419
chr2	20614598	20923451	2475	58078	58225.8972	46326	47281.1017	0.0275374440036029	0.0360660799589693
chr2	20923452	20923814	4	115	95.1994	0	72.1335	33.4936555267621	0.312344747229719
chr2	20923815	30410201	106968	2418555	2511619.1398	1959612	2023678.053	-0.00629550398831145	-0.0147370931682025
chr2	30410202	30412056	20	229	470.507	2	377.727	6.52409658825235	-0.999133316346723
chr2	30412057	34783549	50316	1159873	1182002.3337	938531	960657.7179	0.00811715739194622	0.0124692346420141
chr2	34783550	34785385	6	3	143.1	113	117.622	-5.51631709771545	-5.53618208229446
chr2	34785386	34936033	1868	43747	44105.709	34988	36150.588	0.0371426939801242	0.027953949070472
chr2	34936034	34937308	17	438	400.078	0	327.516	33.351695623313	0.170384843792966
chr2	34937309	35100984	1878	43160	44060.619	34860	35830.231	0.0115749794580717	0.00994037356148855
chr2	35100985	35101509	7	1	164.108	114	134.034	-7.12317144989513	-7.3187664637764
chr2	35101510	52403899	175754	4027990	4137893.6106	3279036	3378231.7368	0.00592520710938377	0.000898821228045063
chr2	52403900	52409079	62	680	1455.75	1165	1185.53	-1.0711886484211	-1.05842069504623
chr2	52409080	76070530	253942	5811467	6002572.1779	4780082	4916305.0034	-0.00437429667365306	-0.0069431822097384
chr2	76070531	76074806	57	1443	1355.24	541	1117.45	1.13879782135043	0.130258210254059
chr2	76074807	92248331	155015	3421780	3655980.9822	2795201	2986813.0644	0.00190846014715374	-0.0557762875198822
chr2	92248332	92250066	17	19	399.484	212	324.541	-3.77796480993636	-4.35433112332527
chr2	92250067	95906110	39985	912006	941801.8379	739672	764111.8355	0.0022830230522861	-0.00664495015473405
chr2	95906111	95907689	21	519	496.888	0	409.58	33.283859889403	0.102549109889277
chr2	95907690	113242099	179460	4100404	4243447.765	3366697	3479000.6846	-0.000366677700834596	-0.0097355855532311
chr2	113242100	113243149	14	164	327.331	1	266.93	7.06502828669218	-0.957319152731941
chr2	113243150	115810169	21111	477936	494812.5472	387978	400852.2793	-0.00120371027272221	-0.0103293707156915
chr2	115810170	115811722	16	190	378.864	0	303.502	32.2253654099787	-0.955945369385452
chr2	115811723	118616927	33559	771567	788246.1151	631490	641709.7688	-0.00592855399023298	0.00888055803006581
chr2	118616928	118618454	20	175	462.674	9	377.584	3.98985281050002	-1.36290583444437
chr2	118618455	135522923	167381	3825924	3945319.3707	3150189	3219034.7653	-0.0113790016065531	-0.00459860239860354
chr2	135522924	135553708	383	3560	9143.1119	5980	7500.239	-1.03225184836614	-1.3210727632229
chr2	135553709	137345807	15714	359229	373353.1806	301984	306912.4561	-0.0305170117012505	-0.0159019280225676
chr2	137345808	137348566	15	426	358.447	694	295.229	-0.982242504500084	0.288828884814111
chr2	137351258	137354863	36	797	842.595	691	689.211	-0.0822345110087655	-0.0405243585922247
chr2	137354864	137356729	21	0	492.539	204	391.776	-33.2175158461534	-33.1795456769316
chr2	137356730	140466775	35307	808253	833457.7752	664943	681588.944	-0.00686579284984452	-0.00456688164977894
chr2	140466776	140467380	7	0	162.719	112	133.764	-33.2175158461534	-33.1795456769316
chr2	140467381	146619625	69075	1604171	1622482.4918	1300611	1317635.2146	0.00415161660762488	0.0233602990128321
chr2	146619626	146621200	21	0	497.927	187	408.801	-33.2175158461534	-33.1795456769316
chr2	146621201	159863655	112587	2548856	2653275.1365	2077768	2169582.8806	0.00622381104823353	-0.0181891450270355
chr2	159863656	159927171	57	605	1332.505	175	1069.7625	1.4744949124715	-1.09939862670447
chr2	159944649	160700582	247	5921	5803.5512	3472	4699.1138	0.467291757714388	0.068640168563587
chr2	160700583	160729202	97	2866	2280.289	765	1856.163	1.61037878548092	0.3695572009315
chr2	160729203	161376964	126	1094	2963.1998	516	2439.1285	0.805144728433787	-1.39780789587338
chr2	161376965	161624489	229	3631	5444.346	3305	4331.998	-0.19224441817207	-0.544656553858815
chr2	161624490	162953298	375	6629	8821.5683	4588	7161.8123	0.231980511312901	-0.372508636170344
chr2	162953299	196913003	331059	7587097	7812154.5974	6156917	6351248.9917	0.00442479566837861	-0.00243724490287033
chr2	196913004	196946661	24	385	563.8526	94	455.1619	1.72695261716854	-0.51072435061698
chr2	196951786	238522085	441964	10138428	10406538.5691	8225384	8455677.8155	0.00394617407055287	0.0020789685901843
chr2	238522086	238523135	14	135	329.28	3	261.605	5.16169341414787	-1.24662020777449
chr2	238523136	244491431	70757	1624499	1664125.166	1318724	1355104.1322	0.00625707847641112	0.00496617882194857
chr2	244491432	244492256	11	0	259.534	214	213.146	-33.2175158461534	-33.1795456769316
chr2	244492257	244507514	199	4643	4684.9	3896	3844.71	-0.0303147651946628	0.0267742993539988
chr2	244507515	244508639	15	0	351.279	321	286.814	-33.2175158461534	-33.1795456769316
chr2	244508640	244511533	33	823	784.337	588	648.417	0.212289634619502	0.109154043583074
chr2	244511534	244512690	15	0	357.468	300	294.546	-33.2175158461534	-33.1795456769316
chr2	244512691	246005843	15484	360955	365747.7318	300075	300096.835	-0.017159852073915	0.0207053432017728
chr2	246005844	246006612	10	0	238.223	95	189.73	-33.2175158461534	-33.1795456769316
chr2	246006613	246889108	9893	226726	234286.0976	191199	192417.4744	-0.0363915568337656	-0.00758623310368606
chr2	246889109	246892058	34	331	810.833	695	667.398	-1.34927410075062	-1.25283831675304
chr2	246892059	248425929	17248	396443	406490.9916	320945	332571.6589	0.0169943192165628	0.00362534378123819
chr2	248425930	248430779	25	1	584.96	271	483.702	-8.35460336409949	-9.15245880894942
chr2	248430780	248432473	15	44	355.86	153	276.498	-2.16023185355718	-2.97599907565065
chr2	248432474	249204195	8490	193651	199621.5705	156760	163157.879	0.0156676114750158	-0.004073398887456
chr2	249204196	249205395	16	0	377.257	173	311.392	-33.2175158461534	-33.1795456769316
chr2	249205396	261360658	144417	3322358	3393353.9906	2724042	2755154.9702	-0.0123547749110086	0.00923087296408577
chr2	261360659	261373528	8	5	188.73	76	142.647	-4.32810867518402	-5.19851658548918
chr2	261373529	266433159	57069	1311505	1345442.4479	1086645	1102316.5413	-0.0144343999146303	0.00287789969342955
chr3	534	14421969	145615	3423974	3447894.2007	2665389	2694857.0213	0.00758397245432824	0.0296915130106498
chr3	14421970	14424296	31	324	727.75	0	585.155	32.0535969303557	-1.12771384897205
chr3	14424297	16054213	17650	409785	416618.9806	324700	329850.4846	0.000608550522853812	0.0158738800657854
chr3	16054214	16835551	5423	109851	127958.7079	89720	104814.4536	0.00597092449794076	-0.180395054480002
chr3	16835552	16919933	364	6551	8629.4914	7281	7062.1075	-0.439833108899285	-0.357825112424312
chr3	16919934	20902250	24605	502701	582836.4874	411965	478402.7477	0.00407836663874021	-0.173655366451158
chr3	20902251	23272126	24986	579151	589846.3606	462235	476186.2468	0.0182648791917113	0.0133355986955875
chr3	23272127	23275402	41	2	964.527	386	771.319	-7.91318587479024	-8.87394247245225
chr3	23275403	23690889	4540	107437	106866.168	85649	86985.4352	0.0317882903848408	0.0474210048814686
chr3	23690890	23695375	59	0	1383.24	598	1139.51	-33.2175158461534	-33.1795456769316
chr3	23695376	25762776	21757	486426	516087.9224	406177	423697.9756	-0.022703734490002	-0.0456612521985993
chr3	25762777	25763613	10	1	240.425	117	197.356	-7.1533861348869	-7.86970780207752
chr3	25763631	28256223	28614	664062	678251.9001	549191	557506.7517	-0.00705684292678769	0.00923203267486514
chr3	28256224	28257696	19	127	446.2432	3	365.1691	5.11622177820418	-1.7732664156034
chr3	28257697	32337767	45433	1039627	1073035.5863	848828	879660.1085	0.00760712987834041	-0.00589664310382468
chr3	32337768	32340992	42	504	985.08	0	814.212	32.2542288923068	-0.927081887063052
chr3	32340993	33443473	12541	283284	295886.5015	230109	242543.9928	0.0148993780538472	-0.0230594894315339
chr3	33443474	33443998	7	0	167.811	138	138.629	-33.2175158461534	-33.1795456769316
chr3	33443999	33558129	1481	34370	34841.8968	27694	28263.1013	0.011438123202766	0.0200619571101625
chr3	33558130	33558665	7	207	165.392	3	135.952	5.82749747494204	0.363476586647902
chr3	33558666	33627665	869	20163	20357.781	16186	16517.692	0.0171607102298338	0.0258652656241541
chr3	33627666	33631916	39	489	922.518	0	745.87	32.3053034557258	-0.876007323653824
chr3	33631917	36472724	32719	745892	770542.7134	608999	629617.1798	0.00289197210194291	-0.0071729062596847
chr3	36472725	36473942	7	0	163.817	62	130.073	-33.2175158461534	-33.1795456769316
chr3	36473943	40759758	51171	1173053	1205692.3068	963413	985116.0018	-0.00568925048570367	0.000141691884780366
chr3	40759759	40760208	6	88	140.206	0	115.406	32.5490733908438	-0.632237388578161
chr3	40760209	59815994	212135	4874639	4994730.7305	3981484	4071100.92	-0.00123369378936566	0.00462375018459672
chr3	59815995	59817724	23	0	538.509	355	437.095	-33.2175158461534	-33.1795456769316
chr3	59817725	85889373	275498	6366388	6499907.5197	5182372	5284094.2293	-0.00013538880053279	0.00979116519402804
chr3	85889374	85890198	11	0	262.452	194	216.535	-33.2175158461534	-33.1795456769316
chr3	85890199	85898440	103	2488	2442.2	1971	2011.67	0.0580361202738406	0.0665404052231088
chr3	85898441	85899206	10	0	234.067	211	191.642	-33.2175158461534	-33.1795456769316
chr3	85899207	90527262	50116	1137088	1190028.658	951399	978430.9558	-0.0234677642413481	-0.0259171348291799
chr3	90527263	90530262	40	0	950.509	660	782.951	-33.2175158461534	-33.1795456769316
chr3	90530263	124943402	379580	8804827	8930653.6413	7104459	7243110.2954	0.00917854032060506	0.0192641587461358
chr3	124943403	124943852	6	0	142.17	58	117.001	-33.2175158461534	-33.1795456769316
chr3	124943853	145254908	219314	5058259	5155438.7801	4106406	4207562.3471	0.00941916743853422	0.0122809610647109
chr3	145254909	145264411	52	535	1211.829	831	977.4633	-0.943616177664993	-1.13984006699728
chr3	145264412	145670412	2311	52981	54405.2819	43525	44345.8075	-0.0095531250741375	0.00146362513030925
chr3	145670413	145683056	147	1317	3468.875	2036	2804.46	-0.933461961431913	-1.35747723650741
chr3	145683057	149739201	46491	1081739	1095243.4123	850453	868453.6371	0.0140833397789682	0.0218361853031459
chr3	149739202	149751551	52	404	1218.921	0	999.049	31.6278686238087	-1.55344215540782
chr3	149751552	168951417	211346	4832877	4979255.2367	3867142	3944944.9196	-0.0125451730219435	-0.00331242011389203
chr3	168951418	168952842	19	245	445.609	0	363.832	32.3580494296244	-0.823261349765063
chr3	168952843	177699918	92885	2120347	2193130.6388	1684581	1724568.1997	-0.013080881354071	-0.00895609518117351
chr4	784	6950292	66022	1506584	1552380.0395	1213495	1250221.0857	0.00157950315713537	-0.00346540306548205
chr4	6950293	6951567	17	804	406.302	334	310.185	0.879688957064436	1.02437830724301
chr4	6951568	13559695	78143	1807261	1839307.6357	1469102	1488506.1266	-0.00466223170867379	0.0143773439606784
chr4	13559696	13610415	205	2236	4848.786	14	3970.352	7.03275794868611	-1.07696812170583
chr4	13610416	13662937	24	391	567.791	196	466.7654	0.715417696534727	-0.498456101540389
chr4	13662938	13685606	20	225	478.095	2	392.467	6.53082030006925	-1.04763704411994
chr4	13685607	24179644	110697	2535331	2617813.9001	2085375	2146884.0096	-0.00248591631020917	-0.00645315742027434
chr4	24179645	24185918	82	964	1953.63	4	1608.9	7.63457178044171	-0.97931693587344
chr4	24185919	54483183	319251	7340635	7536346.0355	6019019	6171427.8191	-0.000119298913801121	0.0017749319579507
chr4	54483184	54483783	8	2	189.679	88	156.574	-5.73438180562416	-6.52768086612095
chr4	54483784	54937344	4790	113389	113502	94836	93217.7	-0.0245028238923096	0.0382982423840891
chr4	54937345	54941172	47	0	1104.68	455	900.5	-33.2175158461534	-33.1795456769316
chr4	54941173	62500849	91222	2126052	2143375.4586	1697508	1729925.9498	0.0173493051485478	0.0280275641037226
chr4	62500850	62501749	12	109	280.928	2	228.915	5.47456098717927	-1.32613701724784
chr4	62501750	65100373	29349	675052	690176.9692	546043	561266.4216	0.00946859436231303	0.00776757823286386
chr4	65100374	65101573	16	163	377.837	0	309.188	32.0081540303038	-1.17315674901359
chr4	65101574	71856741	70625	1622063	1661673.9067	1303412	1350793.7001	0.0184718404725774	0.00492783634157107
chr4	71856742	71860217	39	0	927.565	444	753.577	-33.2175158461534	-33.1795456769316
chr4	71860218	101316434	314819	7273217	7416171.2728	5876011	6032695.3543	0.0116497932481709	0.0116543298706999
chr4	101316435	101316734	4	0	92.9646	43	75.6327	-33.2175158461534	-33.1795456769316
chr4	101316735	105472087	20360	440513	481232.9741	365841	394445.8985	-0.0171751329400633	-0.0878156320996515
chr4	105472088	105473290	16	0	382.864	156	315.049	-33.2175158461534	-33.1795456769316
chr4	105473291	109482645	43118	979846	1020091.097	815342	837838.6802	-0.0170388077358946	-0.018335795271701
chr4	109482646	109485417	35	4	817.833	362	672.353	-6.78066816800978	-7.63592716589273
chr4	109485435	109490764	17	320	404.064	230	332.163	0.195510704826599	-0.296776643388555
chr4	109490765	109493853	38	0	890.595	360	732.201	-33.2175158461534	-33.1795456769316
chr4	109493854	113382049	38710	884427	912976.326	739420	747193.4982	-0.0289814443845936	-0.00609910992598071
chr4	113382050	113382911	8	43	190.506	123	152.742	-1.83322426422936	-2.10769259870834
chr4	113382912	117939636	48178	1120120	1136679.4408	898875	908615.665	-0.00385737678456021	0.018563118768822
chr4	117939637	117941488	24	2	562.591	254	450.321	-7.30805227784224	-8.09620735070062
chr4	117941489	119350033	17492	413725	410753.4607	329948	327871.3218	0.00305555483067272	0.0501346791747755
chr4	119350034	119350708	9	122	210.501	0	172.939	32.4341001124485	-0.747210666954419
chr4	119350709	143223303	270520	6281968	6368588.2163	5072557	5156440.6585	0.00567049139661743	0.0199782736815627
chr4	143223304	143232154	118	1384	2775.21	2395	2286.69	-1.06875275737549	-0.96401772904798
chr4	143232155	168430261	255764	5894150	6023087.7293	4708994	4839708.9746	0.0100470184373111	0.00851577545767454
chr4	168430262	168432051	22	1	517.691	393	419.489	-8.92007858678343	-8.97621208047097
chr4	168432052	172341996	45081	1039367	1057404.5924	844115	851930.2096	-0.00976154777546743	0.0149129336362001
chr4	172341997	172345297	44	1616	1038.52	904	855.987	0.5609294143788	0.677633470000658
chr4	172345298	173209969	8608	199441	202941.4284	166245	166194.6566	-0.0237732346267547	0.0146338872666067
chr4	173209970	173214594	25	315	599.169	3	488.716	6.4220439513169	-0.887875882274716
chr4	173214595	173488373	3316	73597	78193.6169	61502	64067.6811	-0.0266753328174224	-0.0476686106076091
chr4	173488374	173489940	19	267	444.65	0	365.313	32.4852156078584	-0.69609517155315
chr4	173489941	184224823	125371	2857543	2943523.9704	2335458	2377309.3391	-0.0153799246728583	-0.00303389597999622
chr5	34651	4579595	44937	1022206	1057909.4572	833029	862892.7809	0.00304949712122104	-0.00979492077848543
chr5	4579596	4580779	15	189	352.491	3	288.766	5.69135947591939	-0.859464915616737
chr5	4580780	16367466	121975	2770059	2874978.1649	2267074	2348006.8526	-0.00126405567447842	-0.0138990220874921
chr5	16367467	16374391	62	641	1469.023	3	1207.9364	7.45867060286883	-1.15672544963368
chr5	16374392	19588939	31299	717901	736648.7004	579356	601564.4572	0.0188424400100887	0.00254340124521352
chr5	19588940	19622205	298	4441	7006.3982	3749	5696.4917	-0.0524554561783909	-0.618053140788628
chr5	19622206	19640557	10	170	238.697	0	197.207	32.7314003635536	-0.44991041589568
chr5	19640558	24754052	54424	1236167	1279822.0859	1007047	1040612.3626	-0.00100277346728773	-0.0103343389181645
chr5	24761491	24762231	7	139	165.642	9	133.084	3.63504977844209	-0.213248372298029
chr5	24762232	24918925	980	22914	23014.4945	17872	18540.3201	0.0484167350343861	0.0334218429297135
chr5	24918926	24927566	12	200	280.5283	7	230.7589	4.55650633824086	-0.448411046676081
chr5	24927567	24932547	4	114	94.625	62	76.4573	0.572891665305408	0.308475796240798
chr5	24932548	24941452	16	279	377.22	16	312.022	3.85212799679339	-0.395405774758606
chr5	24941453	26010259	11424	254470	267983.0265	207987	217713.542	-0.0069431492161695	-0.0349107701193064
chr5	26010260	26022019	140	3	3279.81	2655	2688.83	-10.0744020839434	-10.0546985959468
chr5	26022020	29038126	34317	783115	808398.7235	647436	662283.0171	-0.0113674824784775	-0.00610758951062131
chr5	29038127	29045806	32	326	755.1897	546	618.3468	-1.0306867707244	-1.17223185124542
chr5	29045807	29949805	10252	235992	241812.6064	192221	197761.2645	0.00760751309765361	0.00458376746234107
chr5	29949806	29960406	76	795	1796.044	1248	1458.807	-0.948859732437174	-1.13606065629046
chr5	29960407	35214378	55466	1256196	1313272.7944	1038246	1077681.1573	-0.00855785020798118	-0.0243697727868498
chr5	35214379	35215128	10	106	238.499	1	196.557	6.45065005523522	-1.13018368012718
chr5	35215129	35601374	2448	54872	57845.5286	43730	47377.1387	0.0411975411999508	-0.036400011921082
chr5	35601375	35602346	9	102	216.729	0	176.084	32.1337229937973	-1.04758778554797
chr5	35602347	52149196	178687	4052412	4219565.5647	3338054	3451667.5294	-0.00826229568179864	-0.0185783411307788
chr5	52149197	52249498	1121	13241	26616.9	21895	21866.8	-1.00742470715027	-0.967595199010564
chr5	52249499	68765569	176545	4038843	4166200.6327	3272790	3363938.8518	-0.00339470163593132	-0.00505497922271158
chr5	68765570	68769360	49	0	1162.75	916	955.965	-33.2175158461534	-33.1795456769316
chr5	68769361	68989963	2446	57875	57631.9472	46154	47157.3001	0.0388620619915347	0.0458067958385106
chr5	68989964	68990263	4	116	94.7468	63	78.3753	0.60878801624922	0.331710954104391
chr5	68990264	77647332	90997	2088254	2135682.8153	1691792	1730557.9959	0.00204999181000878	0.00733507504611516
chr5	77652421	77697771	82	1515	1920.4043	615	1571.909	1.01353220947836	-0.302357005645165
chr5	77697772	89464026	127785	2935390	3016578.8531	2390241	2462023.6604	0.00509254122291147	0.000374171854753476
chr5	89464027	89466568	33	0	783.037	280	645.721	-33.2175158461534	-33.1795456769316
chr5	89466569	89477308	136	3326	3226.39	2538	2665.64	0.116422317569407	0.0836026013895366
chr5	89477309	89482177	62	1	1462.86	612	1198.04	-9.54373826093314	-10.4748405076027
chr5	89482178	89549243	744	15390	17637.1074	12946	14523.3744	-0.0289853516278409	-0.156885465179333
chr5	89549244	89553464	55	1294	1312.34	498	1087.06	1.10767510348255	0.019431348756125
chr5	89553465	90187096	6340	136894	150192.6755	113452	123202.3648	-0.0130422340118528	-0.0940199707090208
chr5	90187097	90191365	23	1	548.149	250	450.074	-8.24842501864233	-9.05868894424132
chr5	90191366	90555547	4025	95007	95135.7233	77625	78049.4237	0.00767836013381165	0.0377819131390322
chr5	90555548	90557502	26	0	610.317	216	497.439	-33.2175158461534	-33.1795456769316
chr5	90557503	90605204	536	11610	12664.1446	9463	10391.079	0.0113593811471933	-0.0856463891616558
chr5	90605205	90608281	36	3	855.815	316	704.445	-6.99786502053313	-8.1164573414745
chr5	90608282	91364177	6268	135951	148278.4691	111910	121436.239	-0.00559720212024055	-0.0854870898756471
chr5	91364178	91370252	16	15	379.21	138	312.964	-3.47686905201944	-4.62022732806676
chr5	91370253	92815607	15485	347608	366862.444	289020	301002.7304	-0.0174055902600844	-0.0380426648746248
chr5	92815608	92838999	74	959	1741.642	463	1439.966	0.77787036784592	-0.821110111340211
chr5	92839000	93519410	8709	199596	205738.4551	163374	169040.6044	0.007227859785933	-0.00399339612929207
chr5	93519411	93835314	3698	65257	87539.0528	69239	71978.2206	-0.366053456723131	-0.384058836250176
chr5	93835315	108800490	161671	3691636	3811097.2147	3013470	3115049.4234	0.00364835263789225	-0.00621082882777299
chr5	108800491	108803416	39	0	925.546	387	762.754	-33.2175158461534	-33.1795456769316
chr5	108803417	120256689	129547	3000936	3051080.2282	2431766	2490034.8572	0.0120190660803633	0.015827707355476
chr5	120256690	120257064	5	2	115.893	78	93.0775	-5.59992617217908	-5.81691433888645
chr5	120257065	121007905	7214	161216	169047.9516	131681	137643.3922	-0.00278434407546822	-0.0287023304183247
chr5	121007906	121009626	6	3	140.108	88	114.912	-5.15871388128654	-5.50569774466366
chr5	121009627	121469049	323	5668	7603.1056	4602	6157.5098	-0.00189793267437628	-0.384013798499589
chr5	121469050	121474807	75	1	1754.271	301	1432.877	-8.52381138214516	-10.7369203923385
chr5	121474808	126889951	66791	1552416	1568261.056	1240752	1267658.0469	0.0180654248749039	0.0250847460962625
chr5	126889952	126890701	10	90	232.153	0	186.604	31.8539670338794	-1.32734374540033
chr5	126890702	126891601	12	260	284.881	211	219.882	-0.0705961709861757	-0.0921125096710477
chr5	126891602	126892595	13	169	304.204	0	247.301	32.3730301748146	-0.808280604577494
chr5	126892596	132557606	62508	1427776	1472655.081	1148360	1192892.7999	0.0120046071165403	-0.00491463944940335
chr5	132557634	132558009	5	0	120.178	62	98.8697	-33.2175158461534	-33.1795456769316
chr5	132558010	132983261	3977	92142	94291.036	75816	77445.338	-0.000820556238313854	0.00647356076546114
chr5	132983262	133004218	139	5013	3294.22	2819	2696.3	0.543299977056974	0.64547259945032
chr5	133004219	134298873	13109	296449	308602.6922	233297	246645.9623	0.0240722994300502	-0.0182314455613657
chr5	134298874	134463800	98	1621	2299.8845	1939	1868.023	-0.556712802450646	-0.464942047966921
chr5	134463801	137799331	36061	834620	849608.0905	662293	674448.2167	0.00232515969082532	0.0140572599546905
chr5	137799332	137803929	36	9	854.988	164	704.184	-4.46581362177081	-6.53010007418995
chr5	137803930	137960192	1327	31758	31230.8	26016	25393.5	-0.00902426938745306	0.0638858063600488
chr5	137960193	137963680	41	891	961.086	2106	765.2222	-1.56802979999592	-0.0695048283219657
chr5	137963760	137964418	8	160	188.016	71	154.76	0.893123272524906	-0.193048262010884
chr5	137964419	137988672	164	4108	3847.094	7895	3143.641	-1.23207058936816	0.134402372817976
chr5	137988673	138410377	5182	120077	122135.64	94738	96608.7977	0.00545204977401869	0.0152108604999063
chr5	138410378	138411502	15	16	355.849	123	281.444	-3.2791666910321	-4.43538609636367
chr5	138411503	140256151	21253	482524	500870.9637	381767	397896.8927	0.0076290569319548	-0.0141030049699693
chr5	140256152	140272065	61	1159	1435.35	515	1174.25	0.882338354165873	-0.268786732370279
chr5	140272066	140423925	1343	27611	31659.3704	22240	25846.9454	0.0212126813735078	-0.157654153620644
chr5	140423926	140431139	28	2	661.084	266	541.429	-7.34157874447799	-8.32895446817791
chr5	140431140	173707145	382179	8764061	9035937.7367	6931272	7067987.7957	-0.0141302867333506	-0.00433953172522582
chr6	0	123769	1366	30399	32432.033	24900	26652.698	0.00650534589982005	-0.0536603239679374
chr6	123770	126156	29	353	690.296	1	564.06	8.17392290282789	-0.927811668723513
chr6	126157	608573	5298	120069	125000.0088	98741	102537.9323	-0.00186282694940611	-0.0183292072826923
chr6	608574	609403	11	141	256.621	0	211.685	32.3571019792689	-0.824208800120344
chr6	609404	736114	1348	31124	31730.6308	25701	25944.6699	-0.0124699286530376	0.0118865547838881
chr6	736115	740646	60	688	1405.97	1205	1142.63	-1.10599507083128	-0.991350068838428
chr6	740647	784057	555	13360	13034.7	10630	10630.3	0.0373684467894851	0.0752979009716458
chr6	784058	785032	13	144	305.223	0	242.721	32.1372511830821	-1.0440595962639
chr6	785033	16010398	170973	3922934	4025390.5269	3177567	3250829.968	-0.00254503436170129	0.00253958122220495
chr6	16010399	17301204	1848	36245	43874.3917	29313	35982.0115	0.0219031819132926	-0.235861862095561
chr6	17301205	17369096	112	470	2651.1845	143	2172.8017	1.43133015076678	-2.45616913840308
chr6	17369097	20950165	36035	817535	853925.4532	679739	700974.6626	-0.0166831329852773	-0.02309436143155
chr6	20950166	20951065	12	1	286.21	113	237.351	-7.08846579205642	-8.12119495635702
chr6	20951066	21671581	8797	204457	206550.0536	165870	168014.9713	0.00560794079190179	0.0250412948126304
chr6	21671582	21678402	83	923	1943.24	0	1591.38	32.1469845124925	-1.03432626685556
chr6	21678403	21696008	231	5554	5416.59	4522	4413.5	0.00286959303551214	0.0758775567603643
chr6	21696009	21699721	49	613	1162.15	0	901.796	32.2982087395998	-0.883102039778544
chr6	21699722	31054315	101991	2359807	2398507.134	1881006	1923852.3428	0.0107908683526334	0.0162674131138612
chr6	31054316	31062461	17	954	399.8259	75	312.9241	3.31723271006235	1.29435260794342
chr6	31062462	34402296	38097	884050	897247.3026	714734	730268.2698	0.011407517189063	0.018357558930759
chr6	34402297	34403571	17	0	400.255	172	330.401	-33.2175158461534	-33.1795456769316
chr6	34403572	40704106	71550	1653911	1683456.8753	1346654	1375455.4441	0.00675012485204579	0.014190110131459
chr6	40704107	40705150	13	8	312.291	121	256.427	-4.20144094891318	-5.24701190473436
chr6	40705151	52198865	138137	3194699	3242245.08	2566798	2620538.8077	0.0103456737662687	0.0184221332727132
chr6	52198866	52204143	70	2	1641.96	696	1331.39	-8.74366407594743	-9.64146787614093
chr6	52204144	72325895	221348	5110928	5229545.9544	4180997	4285281.5709	0.00420767139829002	0.00663484706425119
chr6	72325896	72340521	107	1285	2499.21	5	2022.62	7.7021427611788	-0.919968499566603
chr6	72340522	84189615	130018	2975088	3064959.6418	2427045	2501532.6285	0.00244078025684793	-0.0032004626353488
chr6	84189616	84194674	67	800	1586.46	1254	1303.35	-0.930286931215506	-0.948003969172179
chr6	84194675	138272007	600624	13799006	14156431.1816	11135364	11402433.9949	-0.000935059279516342	0.00284200982858992
chr6	138272008	139591701	1875	34136	43916.0962	25305	35704.4387	0.134990266486535	-0.323720527874978
chr6	139591702	147989969	78340	1787013	1846136.0943	1441694	1504593.1724	0.0164147863408222	-0.00722350845734945
chr7	794	2335761	4669	85547	110298.2684	69889	90148.5075	0.00238233084207012	-0.32688570210291
chr7	2335762	2457293	426	14233	10011.0241	7867	8097.375	0.551056027764216	0.547385488578867
chr7	2457294	3050351	7264	169677	171048.5909	131818	134975.6934	0.0243021435986013	0.0281200712864113
chr7	3050352	3051101	10	145	233.789	0	187.472	32.5318919005735	-0.649418878845706
chr7	3051102	3516482	5084	117053	119641.2894	91790	95190.2259	0.0226881061239379	0.00818181855469937
chr7	3516483	3527029	63	3062	1487.81	1276	1202.86	0.957889494861281	1.08101925525853
chr7	3527030	3874874	1203	27987	28435.6943	23000	23260.2342	-0.00494931686948947	0.0167890907415352
chr7	3874875	3880297	12	153	282.863	4	233.615	4.98318237023007	-0.846836551686879
chr7	3880298	3925163	33	477	784.0639	251	641.63	0.63883736584527	-0.677246698145328
chr7	3925164	4063479	142	1164	3348.372	30	2736.667	4.98870991543762	-1.48463348782914
chr7	4063480	4067511	5	137	116.515	78	96.2686	0.539016484096817	0.27339546760212
chr7	4067512	4082433	13	120	308.464	1	253.428	6.62512946509803	-1.32233244801223
chr7	4082434	4194700	385	9013	9091.1899	7347	7458.6237	0.0110575271583835	0.0272735289244188
chr7	4194701	4330760	468	5492	11097.034	23	9105.1832	7.615904823368	-0.975035323718289
chr7	4330761	4674396	1106	15158	26198.0612	82	21458.3739	7.24408555716522	-0.749645364395883
chr7	4674397	4697813	113	1731	2649.524	727	2125.864	0.935659666980346	-0.574392198837731
chr7	4697838	4885894	1166	13126	27698.5	7	22746.5	10.5903861548964	-1.03764523941872
chr7	4885895	4888149	1	35	23.8517	14	18.9398	0.991022197664017	0.592998097923142
chr7	4888150	4967738	169	1913	4011.43	5	3291.28	8.29599021544979	-1.02854447632384
chr7	4967739	4978709	100	2660	2367.037	1159	1950.702	0.921221925131398	0.208079260267105
chr7	4978710	5024188	195	2151	4606.58	10	3788.85	7.46869271973115	-1.05895327075022
chr7	5024189	5027430	5	77	117.386	71	96.8765	-0.158237183598454	-0.568594733108894
chr7	5027431	5042896	49	465	1167.806	5	963.637	6.26368495118894	-1.28876273496023
chr7	5042897	5468084	1627	40836	38625	32387	31678.2	0.0501472507895668	0.120041896198199
chr7	5468085	5537631	61	487	1448.006	195	1169.898	1.01452792074418	-1.53233863063561
chr7	5537632	5540669	26	329	615.572	1	507.295	8.08460613380359	-0.864104754343784
chr7	5540670	5576420	20	514	472.0034	225	391.7988	0.924924187608389	0.1627063796492
chr7	5576421	5597803	10	103	237.954	1	190.59	6.36805532101636	-1.16830309668119
chr7	5597804	5669527	177	2382	4175.7059	1467	3396.749	0.403204155332065	-0.770111419338163
chr7	5669528	5674879	13	118	307.612	1	248.098	6.57420643733303	-1.34258965228788
chr7	5674880	5680220	22	571	520.226	438	420.485	0.0772408099885161	0.174087513164039
chr7	5680221	5694817	18	169	422.142	1	338.094	7.08234052993493	-1.28096985508969
chr7	5694818	5704284	15	244	357.814	82	295.408	1.29844949566995	-0.512593416121714
chr7	5704285	5722105	23	251	543.674	0	449.539	32.1059915796662	-1.07531919967313
chr7	5722106	5752850	158	3387	3752.882	2806	3074.293	-0.0144861786672981	-0.108255670062269
chr7	5752851	5848138	306	8753	7262.923	5643	5970.1293	0.352292216042693	0.308962557544554
chr7	5848139	5853901	24	271	572.349	2	464.656	6.78318202340302	-1.03886700050093
chr7	5853902	5855397	18	600	431.676	285	356.424	0.799411283689587	0.514748887619887
chr7	5855398	5885856	67	744	1572.76	15	1291.36	5.3496260158762	-1.04018873650645
chr7	5885857	5886785	9	226	211.855	66	174.095	1.49434753668137	0.132980866499388
chr7	5886786	5917630	130	1900	3053.6097	2	2510.7794	9.61116822764383	-0.644780983762702
chr7	5917631	5918028	2	15	45.8867	20	37.8083	-0.69264547192534	-1.5733782841398
chr7	5918029	5931422	38	427	891.94	6	734.922	5.8755393188303	-1.02297532252519
chr7	5931423	5941894	5	128	115.7	60	95.8985	0.824065797081022	0.185490217852316
chr7	5941895	5959390	43	546	1006.54	11	822.577	5.34390874642585	-0.842696377777558
chr7	5959391	5962806	3	58	70.8522	32	58.6133	0.586161512468774	-0.249024477959308
chr7	5962807	5979494	42	666	984.618	1	810.262	9.09996772093326	-0.524306664560656
chr7	5979495	5994264	176	5641	4125.6006	2727	3389.4407	0.766844409170856	0.491082048524542
chr7	5994265	5995280	12	130	278.665	0	228.526	32.1210258618473	-1.06028491749532
chr7	5995281	5997710	27	783	632.451	347	520.573	0.894988524884979	0.347793870195469
chr7	5997711	6001577	14	152	327.452	1	261.871	6.92726543791703	-1.06747684679794
chr7	6001578	6267221	1160	26203	27504.2681	21972	22589.8105	-0.0281524422439204	-0.0301882442917697
chr7	6267222	6362305	134	641	3151.119	4	2582.174	7.03866753840579	-2.25773270323472
chr7	6362306	6439554	111	2345	2606.2898	1566	2140.0059	0.29988607713594	-0.1126743149178
chr7	6439555	6460059	56	458	1318.7901	4	1086.06	6.56085769747425	-1.48606018622966
chr7	6460060	6498546	122	3161	2886.86	2336	2366.05	0.151085280232516	0.170615162403604
chr7	6513636	6527596	18	198	430.591	0	346.479	32.1002283165763	-1.0810824627618
chr7	6527597	6554571	132	1896	3138.0199	73	2582.8913	4.41981621580185	-0.687160264882102
chr7	6554572	6556820	29	1008	679.68	339	552.647	1.27540615337606	0.608303334509805
chr7	6556821	6645387	417	5989	9894.5613	63	8105.3269	6.28481920739645	-0.684585338718993
chr7	6645388	6648824	16	201	380.354	36	313.429	2.2036876852346	-0.880412003639307
chr7	6648825	6712623	161	1830	3806.95	32	3125.13	5.5546736045951	-1.01705670109885
chr7	6712624	6722070	80	2470	1906.442	1320	1560.062	0.616458940316111	0.413363673481303
chr7	6722071	6725794	21	233	498.913	0	409.776	32.1225877448417	-1.05872303450122
chr7	6725795	6732569	61	1952	1440.345	956	1185.001	0.750109492841015	0.478273908993685
chr7	6732587	6737161	32	337	763.756	0	630.55	32.0406828343397	-1.14062794498518
chr7	6737162	6743419	3	81	71.8941	31	59.1788	1.10662585700405	0.211783799527909
chr7	6743420	6758591	95	1066	2257.5	6	1865.44	7.1995842502658	-1.04278327736148
chr7	6758592	6809735	5	113	118.359	59	98.6783	0.676936369721498	-0.0271113678171162
chr7	6809736	6867614	34	417	802.348	8	663.546	5.43163703916145	-0.904445452337331
chr7	6867615	7365503	2606	55887	61760.1454	47057	50673.2634	-0.0355829183313289	-0.104428143425889
chr7	7365504	7377867	67	761	1585.36	5	1295.32	6.96008768238113	-1.01910685044249
chr7	7377868	7446338	22	492	518.525	383	424.336	0.073872557558131	-0.0360199606981986
chr7	7446339	7476354	81	842	1910.64	8	1570.717	6.43680879411669	-1.14242856275356
chr7	7476355	7543229	210	5347	5009.491	2932	4105.381	0.581461770684427	0.133800926048183
chr7	7543230	7565968	111	2024	2643.3356	1527	2145.2105	0.107033948168038	-0.345415040160437
chr7	7565969	7570719	24	277	570.421	1	470.943	7.8390325609794	-1.00240584693961
chr7	7570720	7598293	100	2905	2368.1851	1544	1955.4096	0.637319506397344	0.334491587655186
chr7	7598294	7612608	37	887	867.821	757	714.249	-0.050564479353521	0.0712718789207752
chr7	7612609	7615839	18	181	422.006	14	344.739	3.40249707184435	-1.18153854145152
chr7	7615840	7624374	86	2604	2054.98	1505	1695.62	0.515419599498269	0.381340367548455
chr7	7624375	7647134	130	1523	3086.9626	1	2541.5536	10.2939876151778	-0.979536790072065
chr7	7647135	7765416	907	27362	21545.848	17120	17711.026	0.395493996273229	0.384499077531238
chr7	7765417	7785318	240	5714	5698.11	4826	4684.4	-0.0371809766530003	0.0437528357116426
chr7	7785319	7810942	216	6083	5139.008	3601	4199.587	0.466908065223765	0.283028378255823
chr7	7810943	7822693	35	363	830.147	0	684.736	32.0276487725204	-1.15366200680149
chr7	7822694	7903046	676	16324	16034.5365	12960	13214.8887	0.0556756230642445	0.0655472364647299
chr7	7903047	7950170	91	649	2151.877	0	1761.104	31.4917408182638	-1.68956996090966
chr7	7950171	7983706	56	799	1322.184	491	1081.736	0.414663068837496	-0.68692028113098
chr7	7983707	8225671	213	2203	5036.142	8	4127.422	7.81994079721258	-1.15311419481849
chr7	8226136	8238906	153	3470	3629.46	2672	2988.12	0.0982639277439413	-0.0250839815686047
chr7	8238907	8240715	22	245	520.338	0	425.143	32.1343787304287	-1.04693204891669
chr7	8240716	8350972	698	14697	16533.768	12300	13570.381	-0.0263258374952896	-0.130158578751536
chr7	8350973	8376156	74	794	1744.04	2	1435.94	8.35432253537581	-1.09548694433138
chr7	8376157	8376985	3	48	72.1588	47	59.5757	-0.244312597207806	-0.548405668798416
chr7	8376986	8385860	34	351	811.41	4	665.452	6.17099582251581	-1.16922477994771
chr7	8385861	8388689	19	403	446.734	144	362.062	1.18329683772083	-0.108900948497701
chr7	8388690	8400505	16	186	378.944	8	311.901	4.26002742243502	-0.986946770416542
chr7	8400506	8483715	842	19223	19990.4534	16215	16486.62	-0.0307459546204454	-0.0167424168071555
chr7	8483716	8492167	7	86	165.065	0	136.148	32.2804203695554	-0.900890409819556
chr7	8492168	8795068	1816	42745	43137.5817	35555	35423.1365	-0.0167850212395795	0.0265456449141796
chr7	8795069	8819593	37	384	881.281	10	726.821	4.98679750032749	-1.15876051841004
chr7	8819594	8862264	73	1846	1730.518	968	1428.1953	0.656078030820847	0.132933877272905
chr7	8862265	8870858	24	253	575.515	15	467.958	3.77939359799037	-1.14598087350236
chr7	8870859	8908943	52	694	1236.0382	400	1019.0296	0.518173392981327	-0.79298049058582
chr7	8908944	9022867	42	270	992.129	23	817.068	3.27494717246763	-1.8378330371951
chr7	9022868	9093102	169	1669	4005.302	2	3292.307	9.42372094857171	-1.22319179903504
chr7	9093103	9510150	2462	57827	58345.1692	47690	47858.8025	-0.00600733262644155	0.0268653205682015
chr7	9510151	9513052	25	248	593.855	531	478.936	-1.40688447028853	-1.22003532210344
chr7	9513053	9847307	3173	75176	74900.0974	62575	61151.7233	-0.0261235686051684	0.045039831147724
chr7	9847308	9858905	43	89	1012.909	0	829.557	29.7124906300236	-3.46882014798631
chr7	9858906	10903113	4258	92434	100292.6981	78820	81439.8659	-0.0687825130436356	-0.0779857800461161
chr7	10903114	11760267	10436	252842	250322.78	184658	185695.0999	0.0242916285762624	0.0541818180867892
chr7	11760268	11765845	56	724	1319.02	4	1036.47	7.15382287152237	-0.825669565385802
chr7	11765846	13132902	16480	403807	395302.1008	293081	293386.3106	0.0339775136271382	0.070445569847958
chr7	13132903	13213616	526	22388	12468.3267	10176	10171.5776	0.845595774026732	0.884193062234534
chr7	13213617	13514965	2584	60111	60998.726	49008	49907.7277	0.00686095951897295	0.0185851815438171
chr7	13514966	13532315	28	229	659.817	0	534.785	31.6943277009012	-1.48698307833497
chr7	13532316	13558944	29	870	683.846	994	555.278	-0.49092658143748	0.387079201781339
chr7	13558945	13577927	37	160	874.015	11	714.881	3.57430663890716	-2.40985086188301
chr7	13577928	13606597	126	946	2972.265	1525	2414.8395	-0.986767495151636	-1.61191538775887
chr7	13606598	15145264	14186	321667	333942.2205	261921	267506.1596	-0.02182508992328	-0.0142952968946694
chr7	15145265	15145789	7	86	165.613	0	132.002	32.2756386930837	-0.905672086290318
chr7	15145790	15952312	6552	143846	154093.3188	119657	124794.6211	-0.036863149367445	-0.0595439346666811
chr7	15952313	16013618	65	713	1543.69	14	1266.84	5.38701969656064	-1.07467380921357
chr7	16013619	16017543	6	87	139.507	57	115.458	0.338849210543361	-0.641514935290365
chr7	16017544	16036611	37	453	873.416	15	709.645	4.61867027712556	-0.907422637421082
chr7	16036612	16238089	373	4123	8855.99	2	7235.89	10.7197602098661	-1.06322385958121
chr7	16238090	16286910	305	6401	7193.819	5485	5813.9574	-0.0826665697177054	-0.128725280310229
chr7	16286911	16379747	227	2375	5368.132	24	4407.194	6.34595463032126	-1.13675736149777
chr7	16379748	16444709	357	9058	8442.5718	4961	6927.8871	0.585059560503755	0.141245267754317
chr7	16444710	16472523	354	7583	8431.928	6569	6933.906	-0.0733342091325219	-0.113358552875083
chr7	16472524	16515143	235	7474	5581.008	4175	4598.8565	0.562618935811785	0.461090121372272
chr7	16515144	16588397	321	5900	7597.3641	5232	6255.3519	-0.10529040034302	-0.325048736760335
chr7	16588398	16598808	17	190	401.884	35	333.487	2.17318907482137	-1.04104445046449
chr7	16598809	59702239	431424	9870416	10163001.5857	8074863	8273099.7921	-0.00538845765594717	-0.00240848975605903
chr7	59702240	59703889	22	246	517.355	451	415.84	-1.18783004865366	-1.03276098476659
chr7	59703890	70672424	124998	2873168	2936762.5648	2329903	2377909.1576	-0.000395465665930272	0.00815099525900224
chr7	70672425	70674392	22	230	518.641	0	426.005	32.0479436530463	-1.13336712628025
chr7	70674393	85584336	166261	3822888	3919029.9556	3101460	3187913.9965	0.00559662661966878	0.00390160552028575
chr7	85584337	85598483	12	240	288.3979	19	237.6931	3.38176754746606	-0.225290981530317
chr7	85598484	87181300	16598	373302	394304.2206	309081	324352.063	-0.00762516811209683	-0.039230642889371
chr7	87181301	87183441	28	714	670.981	0	553.558	33.3106982112765	0.129387431760289
chr7	87183442	88068911	7200	166297	171185.6973	136863	140829.17	0.00117879146164565	-0.00206475375243843
chr7	88068912	88070793	25	644	600.694	0	495.014	33.3214764862799	0.140165706762663
chr7	88070794	88798737	8213	187263	195051.7669	155306	160243.1922	-0.011876589513005	-0.0190559195460224
chr7	88798738	88799112	5	131	116.019	0	92.994	33.396251773856	0.214940994331939
chr7	88799113	100834539	133099	3065045	3134600.2124	2474988	2557863.5758	0.0169096943833361	0.0073620742258704
chr7	100834540	100835023	6	3	141.518	57	117.279	-4.51720326489786	-5.52014397473533
chr7	100835024	113595771	133949	3074835	3150145.8021	2465400	2574754.1112	0.0294684192623736	0.00482566336065309
chr7	113595772	113603573	48	469	1129.192	773	913.897	-1.02430271960835	-1.22789571271505
chr7	113603574	141684661	324270	7505176	7647801.4532	5954338	6052611.0195	-0.00177754471542869	0.0125761066479433
chr7	141684662	141685421	9	0	211.071	133	168.283	-33.2175158461534	-33.1795456769316
chr7	141685422	145202271	42618	987376	1005657.1691	775702	790303.8982	0.00220301811149323	0.0132681845208581
chr7	145202272	145204476	22	236	517.897	1	422.777	7.59163978270199	-1.0941430696088
chr7	145204477	145280771	852	19829	20024.1951	16040	16353.6332	0.0155698180510828	0.0256029419735723
chr7	145280772	145360661	93	2365	2188.9102	965	1760.4514	0.98073706931521	0.151362686444406
chr7	145360662	145481306	57	278	1352.7213	251	1099.4689	-0.149895215553212	-2.2429725720125
chr7	145481307	145683106	138	824	3253.5527	249	2654.1796	1.43451377077507	-1.94156440719796
chr7	145683107	145729228	508	11855	11962.662	9396	9704.1391	0.0352758204921672	0.0266924728909833
chr8	510	4283987	38853	879185	921296.2534	735766	756139.4111	-0.0263280296299986	-0.027763101693004
chr8	4283988	4299706	56	1566	1325.4507	198	1084.5634	2.69590835952164	0.28033647438098
chr8	4299707	4322821	161	3862	3818.59	49	3142.17	6.02090890793394	0.0560434095053639
chr8	4322822	4324841	9	382	212.671	81	175.638	1.96332561963794	0.884684590706468
chr8	4324842	4328222	22	564	526.983	7	434.64	6.05602605366543	0.137674012138762
chr8	4328223	4329114	5	167	117.464	70	96.5277	0.972982615086234	0.547364702883691
chr8	4329115	4339180	63	1659	1505.88	93	1237.66	3.87571269441109	0.179442348717232
chr8	4339181	4404800	10	197	235.7972	68	194.6381	1.25960163588872	-0.219615685180768
chr8	4404801	4411374	7	123	164.618	1	135.945	6.6681805845553	-0.380728506814051
chr8	4411375	8266195	41096	936261	966794.6103	762224	789519.8542	0.00622694757077759	-0.00656339458465697
chr8	8266196	8266712	6	0	136.667	60	112.26	-33.2175158461534	-33.1795456769316
chr8	8266713	38251476	313527	7287462	7381483.9801	5905625	5989556.3319	0.00363006340404361	0.0212408414429078
chr8	38251477	38738045	121	1745	2860.3524	2074	2343.995	-0.534647162908959	-0.673230591681448
chr8	38738046	43127050	23678	522694	558052.3707	424916	452374.0847	-0.00233020249234655	-0.0546986480307409
chr8	43127051	43130376	21	55	492.353	206	401.252	-2.19856017611358	-3.12245425179418
chr8	43130377	43135362	46	737	1104.78	783	912.884	-0.360838239097988	-0.544287311026451
chr8	43135363	43168201	332	4	7889.01	3369	6500.66	-9.99559752978753	-10.9058929944934
chr8	43168202	43174519	69	1076	1640.75	1528	1357.53	-0.777572715299846	-0.568942083044518
chr8	43174520	43270553	872	21339	20707.55	17827	16987.048	-0.0245279773107607	0.0830709693054873
chr8	43270554	43272105	20	7	469.939	220	382.027	-5.27103857940973	-6.02923948732907
chr8	43272106	43819363	4879	115148	115658.8603	95264	94958.5426	-0.00925466870896363	0.0333488343182644
chr8	43819364	43820038	9	0	215.437	70	178.065	-33.2175158461534	-33.1795456769316
chr8	43820039	100268385	638576	14736416	15022968.743	11824601	12117071.9389	0.00923047297652052	0.0119510284112205
chr8	100268386	100269217	11	226	259.176	483	212.422	-1.38093425245781	-0.157874084415658
chr8	100269218	133306290	370847	8472355	8722974.1765	6801228	6992193.145	-0.000342194787935848	-0.00232180570268698
chr9	501	23532304	204032	4613387	4811341.6772	3711881	3861792.8985	-0.00172749591747172	-0.020877664045669
chr9	23532305	23536440	54	1341	1273.86	585	1048.37	0.917507054428678	0.113837778355352
chr9	23536441	62809382	431570	9908665	10173086.8554	8103228	8286703.033	-0.00392831670982082	0.00174036495704836
chr9	62809383	62811482	28	731	664.942	264	547.831	1.19160097883343	0.176378172165917
chr9	62811483	87501367	287766	6672236	6770839.9601	5399489	5505342.0937	0.00860993634686909	0.0185707713564904
chr9	87501368	87501967	8	1	191.816	56	157.828	-6.08695970105483	-7.54384395544727
chr9	87501968	89159436	18503	430796	434373.1581	353254	353575.8422	-0.00885118780046901	0.0278051712249398
chr9	89159437	89161928	25	0	588.572	219	482.567	-33.2175158461534	-33.1795456769316
chr9	89161929	104609892	169840	3947150	4000292.9337	3154107	3210895.0521	0.00821470726424172	0.0204409681756823
chr9	104609893	104610793	12	3	280.313	138	230.147	-5.80627986195082	-6.50619705703001
chr9	104610794	120073448	167214	3832317	3933788.6308	3134184	3193515.5994	-0.00888181783818225	0.00203273312334792
chr9	120073449	120073973	7	116	164.772	2	135.889	5.58170366138839	-0.466611026106349
chr9	120073974	120358573	2901	63621	68259.9392	51914	55933.9565	0.00782975261972214	-0.0618008088611732
chr9	120358574	120360898	31	376	729.304	664	600.31	-1.09949808293641	-0.916052372707207
chr9	120360899	121315350	8642	193744	204675.1138	160012	168147.1873	-0.00587441902740128	-0.0394487926945461
chr9	121315351	121319284	52	642	1241.35	0	1014.67	32.2697813117744	-0.911529467598475
chr9	121319285	121416511	1055	24466	25044.0282	19614	20579.8285	0.0374238999824219	0.00604689257838368
chr9	121416512	121417575	7	80	163.74	0	133.533	32.1877111562607	-0.993599623095888
chr9	121417576	122086633	5938	131879	140134.2989	107458	114616.8076	0.00721557286736245	-0.0478599844857289
chr10	1186	491742	907	11945	21339.2454	9311	17117.9011	0.0431605870623852	-0.79736703437984
chr10	494889	18803294	203524	4730817	4792723.4765	3760470	3814011.2366	0.00340486020064148	0.0209789230494102
chr10	18803295	18806522	42	466	983.069	773	800.379	-1.02498272199488	-1.03722745339134
chr10	18806523	41295276	260128	5982111	6120583.1396	4820752	4952906.036	0.00776770850099529	0.00672083998555099
chr10	41295277	41295954	9	108	209.931	3	173.303	4.8950715030122	-0.919148637016454
chr10	41295955	44502423	36139	820526	847987.1392	658704	683959.8528	0.00855310024721274	-0.00775806343588947
chr10	44502424	44504021	21	288	489.98	0	402.828	32.4543920007473	-0.726918778659121
chr10	44504022	45454003	6322	147576	149463.0223	116504	118811.8945	0.0117344058336937	0.0214047893296599
chr10	45454004	45457099	37	449	864.66	4	691.21	6.48932785181778	-0.905682233203282
chr10	45457100	57042140	138832	3243301	3264133.9384	2563877	2608918.1278	0.0176523865478552	0.0304979366757207
chr10	57042141	57042590	6	2	139.176	72	111.823	-5.48385338631518	-6.08103135701
chr10	57042591	66090772	101708	2341085	2395854.3551	1848924	1911463.0858	0.0163936257039682	0.00637237998119673
chr10	66090773	66091290	6	10	139.524	116	113.086	-3.83738076656674	-3.76270612723674
chr10	66091291	74765655	97363	2272532	2288231.2927	1809272	1837909.9098	0.0144895625648911	0.029802995523643
chr10	74765656	74778367	115	4258	2689.17	2147	2185.66	0.690526894647427	0.702750261553219
chr10	74778368	89680340	176748	4055828	4165358.563	3232241	3322631.1887	0.00311227498533399	0.00129105253853975
chr10	89680341	89680940	8	77	185.959	0	151.204	31.9489918296587	-1.23231894964466
chr10	89680941	93134482	39526	904034	933581.1812	714460	736533.8306	-0.000734794475884001	-0.00666317563552415
chr10	93134483	93142721	27	368	638.425	516	519.698	-0.782743836548242	-0.755076108495788
chr10	93142722	111000900	212221	4892224	5010510.0573	3878066	3951218.5888	-0.00574160439001361	0.00526826045203266
chr10	111000901	112626397	2085	34629	49056.3892	29159	39837.481	-0.0505100365142396	-0.462725049290153
chr11	797	8860931	89986	2050735	2133179.0798	1701487	1752293.5222	-0.0126505772006358	-0.01712873654585
chr11	8860932	8862446	19	0	447.997	134	368.062	-33.2175158461534	-33.1795456769316
chr11	8862447	19385410	117611	2701401	2780794.5457	2221458	2282139.4636	-0.00114414984702627	-0.00205407389906836
chr11	19385411	19387066	9	5	208.057	83	168.002	-4.35984665135736	-5.33917164507671
chr11	19387067	20923493	15673	360431	372181.0024	298835	306099.136	-0.00986636957057074	-0.0065460442819797
chr11	20923494	20930041	9	16	212.616	106	175.13	-3.00597927855574	-3.69237108405502
chr11	20930042	21701772	7841	179635	186254.7849	149732	153117.6626	-0.0181857831371063	-0.0124737454090684
chr11	21701773	21708032	7	2	163.527	83	131.246	-5.69052972640697	-6.31364976530853
chr11	21708033	23020145	12994	302330	308812.5135	249687	253942.5193	-0.00446070102213264	0.00912820206315709
chr11	23020146	23120801	19	144	448.336	4	370.557	4.89680522133681	-1.59877626394953
chr11	23120802	42841533	208561	4813479	4914359.6165	3911438	3975630.302	-0.00467382587378398	0.00981183513768005
chr11	42841534	42841908	5	0	119.375	90	98.1821	-33.2175158461534	-33.1795456769316
chr11	42841909	46701593	37554	866497	884458.3728	697363	722913.5857	0.024078995619659	0.0101357827615902
chr11	46701594	46706378	16	154	375.262	1	303.049	6.96020447505727	-1.24523258337886
chr11	46706379	47462957	6642	153896	156157.7089	123048	127088.7001	0.0273315978844539	0.0186872149489465
chr11	47462958	47473156	35	218	824.626	2	672.856	6.47650721187395	-1.87967654182687
chr11	47473157	56887218	102647	2355376	2425490.0744	1926707	1989434.2614	0.00566724370452604	-0.00258362108099628
chr11	56887223	56887517	2	0	47.2124	36	38.2432	-33.2175158461534	-33.1795456769316
chr11	56887518	60563920	43063	996003	1013988.5931	811754	830975.5854	0.00970917454848481	0.0139158421709302
chr11	60563921	60564745	11	0	258.142	217	212.996	-33.2175158461534	-33.1795456769316
chr11	60564746	60621001	714	17096	16911.4	13587	13849.4	0.0450243487718513	0.0553979878687352
chr11	60621002	60621751	10	7	233.836	212	191.933	-5.20369469768138	-5.02226304667351
chr11	60621752	90463331	326856	7548579	7692558.1594	6080228	6205994.57	0.00404375398081396	0.0124769125053337
chr12	322	10009558	79474	1759952	1870036.2024	1429522	1493945.2902	-0.0221705217264433	-0.0477948456083884
chr12	10009559	10017476	100	3345	2348.04	1796	1879.12	0.577584177528842	0.550284497243131
chr12	10017477	34956111	252837	5677854	5953086.7675	4590882	4721245.9429	-0.0261307790640209	-0.0285568978468334
chr12	34956112	35146890	22	321	517.552	24	420.954	3.44519085535859	-0.649395252265103
chr12	35148306	36537802	4558	97684	107609.6367	79473	84985.2601	-0.0411001594171326	-0.099877825716393
chr12	36537803	38868466	28448	656767	672910.477	517305	524230.3948	-0.0140819744159426	0.0047023275656108
chr12	38868467	38886056	224	4613	5334.489	2770	3961.9848	0.308457684758816	-0.169909514883197
chr12	38886057	47114041	97901	2222038	2313166.5856	1782377	1809822.4706	-0.0341749094563375	-0.018250406051989
chr12	47114042	47114894	10	7	233.066	105	186.915	-4.22348169730027	-5.017504548381
chr12	47114895	47813952	8338	198462	197652.6231	152105	152779.0954	0.0140403748485951	0.0456309679110611
chr12	47813953	48196799	4613	99534	110038.8497	78705	83808.5568	-0.0523442740369965	-0.105016363634797
chr12	48196800	48197933	15	3	354.115	134	275.442	-5.84183097379565	-6.84337635639864
chr12	48197934	48303486	1339	32330	31810.3	25130	24521.3	-0.0102305731680528	0.0631148016827776
chr12	48303487	48304806	17	0	401.523	177	313.115	-33.2175158461534	-33.1795456769316
chr12	48304807	49092886	9305	213294	220882.72	168843	170227.9274	-0.0368866982040976	-0.0107019037623743
chr12	49092887	49306108	135	2313	3166.159	825	2573.265	1.18993067280641	-0.41323316927291
chr12	49306109	52716696	41248	948513	975964.6935	753893	760784.2387	-0.0262687266453252	-0.00142613883902945
chr13	0	28273732	245135	5518701	5799816.6429	4610654	4757900.9427	-0.0245596341626702	-0.0319432958129522
chr13	28273733	28278308	59	688	1393.76	0	1139.48	32.2025443654629	-0.978766413896677
chr13	28278309	30937553	24651	562930	585306.0488	470405	481011.0122	-0.0223040218561995	-0.0165003808574501
chr13	30937554	30938078	7	107	169.461	2	139.488	5.46241980534434	-0.623607218838627
chr13	30938079	33448408	23333	545986	554298.2523	461717	455510.5769	-0.0395576960695381	0.0179367717580152
chr13	33448409	33559024	71	527	1667.5399	804	1378.8898	-0.881841556473929	-1.62211114248204
chr13	33586720	33890590	563	11750	13237.3115	9866	10865.6308	-0.0309495412038326	-0.132214111417085
chr13	33890591	33898357	53	615	1262.69	0	1043.15	32.1832038771683	-0.998106902187283
chr13	33898358	33909395	124	2494	2928.9823	1691	2400.0963	0.275042725906794	-0.192202737679647
chr13	33909396	33955505	335	3435	7943.3393	51	6487.8805	5.78343574358387	-1.16970025806111
chr13	33955506	33962089	2	37	49.3245	17	37.4081	0.724801891999083	-0.375043883619228
chr13	33962090	34029634	360	3806	8497.263	15	6920.304	7.69277148316865	-1.11898738476285
chr13	34029635	56937407	264928	6045237	6235664.7153	4888467	5021256.345	-0.00431308920330857	-0.0050091853325523
chr13	56937408	56939973	34	337	810.927	0	667.937	31.9542225947461	-1.22708818455858
chr13	56939974	58731910	19601	441745	465357.3704	366621	382469.3031	-0.0123056125078459	-0.0353899795860201
chr13	58731911	58739638	92	1107	2173.11	0	1784.39	32.2479400700004	-0.93337070936819
chr13	58739639	59199790	5086	116564	120883.3491	98711	99489.6866	-0.0393920259724766	-0.0127579735025299
chr13	59199791	59211889	46	362	1091.824	632	878.665	-1.1155249404023	-1.55294344044175
chr13	59211890	69869843	116921	2670081	2766446.1094	2193104	2266210.6458	-0.00207747046592547	-0.0114150397418362
chr13	69869844	69870788	10	54	236.154	180	192.304	-2.03153969159451	-2.08896138724619
chr13	69870789	71472417	19598	437221	460392.0487	354721	369721.6709	-0.0129802525553864	-0.0347649489906043
chr13	71472418	71473523	14	0	325.046	127	257.945	-33.2175158461534	-33.1795456769316
chr13	71473524	76101517	54068	1246853	1270553.3979	999540	1027499.312	0.0144006998454455	0.0125696489190874
chr13	76101518	76103317	24	235	560.343	0	460.485	31.9673966010089	-1.21391417829889
chr13	76103318	78589035	28990	668509	681671.2166	534760	556405.1998	0.0308803654067757	0.0116061883620732
chr13	78589036	78597345	110	1	2588.55	1019	2116.08	-10.2819230685785	-11.298192824596
chr13	78597346	79168863	7122	167456	167219.5078	136344	136098.6664	0.00120572644116963	0.0417741794634597
chr13	79168864	79170138	17	5	396.779	131	326.702	-4.9900901844207	-6.2705284828929
chr13	79170139	79848671	7812	173911	183754.088	140214	150087.5679	0.0205120179399944	-0.039691886963143
chr13	79848672	79849271	8	0	186.666	62	152.727	-33.2175158461534	-33.1795456769316
chr13	79849272	94676803	171067	3949928	4018262.7817	3186135	3259158.3605	0.00971160041309208	0.0149897130554582
chr13	94676804	94678304	20	0	473.044	430	382.394	-33.2175158461534	-33.1795456769316
chr13	94678305	95947407	14469	331952	340670.3341	270697	275442.3843	-0.0105648993956463	0.00233359453332035
chr13	95947408	95947941	6	0	145.459	119	119.246	-33.2175158461534	-33.1795456769316
chr13	95947942	96212818	2804	60181	65858.5877	48685	53210.7054	-5.92051822127394e-05	-0.090328222919052
chr13	96212819	96213343	7	0	164.923	139	130.893	-33.2175158461534	-33.1795456769316
chr13	96213344	102418639	69354	1595404	1630227.4934	1278451	1305002.7176	0.000269545151971735	0.00858376994264792
chr13	102418640	102420289	22	208	518.177	369	404.494	-1.18259886314426	-1.27712618026443
chr13	102420290	110579625	97878	2260067	2298017.5251	1837688	1845939.5417	-0.0157957015980948	0.0157110139769365
chr13	110579626	110649764	93	1162	2195.223	511	1730.461	0.843768899885326	-0.878022161287739
chr13	110649765	114025099	40758	950766	957413.7685	761236	772230.3649	0.0124003549303448	0.0296830310904413
chr14	322	726156	288	2657	6805.179	2416	5514.6739	-0.164414657186805	-1.31709961001193
chr14	726157	16030441	156672	3563936	3680654.9782	2896913	2969010.6286	-0.00926008688759864	-0.00675581718694751
chr14	16032961	16077627	55	576	1294.691	852	1044.157	-0.873288678682689	-1.1287318262696
chr14	16077628	17278107	12896	294801	302677.6922	236043	242981.7016	0.00552214292097679	0.00169434002969794
chr14	17278108	17279137	13	0	307.414	126	244.957	-33.2175158461534	-33.1795456769316
chr14	17279138	40887862	258902	5916611	6107487.649	4844634	4983351.961	-0.00331409944870456	-0.00607272368853326
chr14	40887863	40891098	40	191	943.888	0	772.999	30.9160030076308	-2.26530777130807
chr14	40891099	41885330	10465	242336	247579.7077	201143	203226.3881	-0.0142530198002457	0.00885093879995704
chr14	41885331	41886055	8	167	189.891	23	151.697	2.53792846326436	-0.145588154889154
chr14	41886056	61656736	202233	4607828	4775971.7862	3777070	3898039.0738	-0.0044613152236103	-0.0119721767128568
chr14	61656737	61683390	19	155	443.853	1	362.393	6.98536259574847	-1.47807846059916
chr14	61683391	62269526	6773	157542	160421.7704	129287	131826.968	0.00369997651309957	0.0136018288127991
chr14	62269527	62270651	15	202	352.363	0	288.564	32.4183389030566	-0.762971876343539
chr14	62270652	62365169	1093	24018	25877.4729	19572	21221.6576	0.0109305484844362	-0.0678454421956644
chr14	62365170	62386761	95	709	2253.054	10	1840.456	5.85766016624025	-1.62828908675724
chr14	62386762	93419390	344436	7982682	8118523.6653	6412734	6553508.3181	0.00874911507405825	0.0153914122611362
chr14	93419391	93424927	48	464	1135.448	848	926.891	-1.16096439643694	-1.2513296538347
chr14	93424928	95519623	10007	223337	236845.056	187446	194386.1715	-0.0305056227632067	-0.0449860040429033
chr14	95519624	95531139	23	455	538.841	137	433.201	1.41863269916685	-0.204257811115897
chr14	95531140	95550871	32	403	748.8761	27	609.094	3.60345147126268	-0.854211936556901
chr14	95550872	95572277	126	1241	2974.555	4	2448.897	7.99851065611077	-1.2214354664416
chr14	95572278	97034956	288	4464	6773.2151	3107	5501.0916	0.224457001349158	-0.561768513464127
chr14	97034957	97126354	24	656	566.156	232	465.124	1.21775186406329	0.252231455378047
chr14	97126355	97969404	7455	172702	176767.508	143636	145377.6659	-0.0144149558573273	0.00616694803850015
chr14	97969405	97975430	21	428	499.0301	693	409.784	-0.977742634566393	-0.18178076849133
chr14	97975431	98555351	6689	157623	158855.3028	130970	130591.484	-0.013645647541741	0.0285000871930629
chr14	98555352	98556176	11	115	265.778	0	219.214	32.0124582235162	-1.16885255580221
chr14	98556177	101947586	26315	589301	620151.8914	480077	506890.89	0.00655762055954415	-0.0338816260543215
chr14	101947587	101993679	40	306	941.4969	34	775.153	2.89121485450578	-1.58168941928394
chr14	102084200	102173977	41	669	965.527	419	784.6787	0.377606505200284	-0.489575120251594
chr14	102173978	102218126	51	494	1198.283	13	974.0491	4.95079033671467	-1.2386504522514
chr14	102218127	102568561	3138	69655	73951.3078	56277	60593.8372	0.0220420038365598	-0.0466134723606804
chr14	102568562	102571152	34	0	799.176	655	651.913	-33.2175158461534	-33.1795456769316
chr14	102571153	115493372	144576	3299285	3403377.2077	2676091	2762456.6357	0.00277609274385811	-0.00507838012193716
chr15	0	6108368	55660	1266558	1306974.3675	1019535	1054717.6844	0.0053929823807695	-0.00558243057619212
chr15	6108369	6108968	8	1	187.064	89	154.287	-6.75188374753205	-7.50765283307567
chr15	6108969	6354909	2775	63177	65544.0263	53078	53775.7699	-0.0324575004453264	-0.0133295953165905
chr15	6354910	6357206	29	746	691.998	274	569.947	1.16682473927411	0.148143034339249
chr15	6357207	6597371	2533	56211	59737.4589	45591	48901.4266	0.0151092133240905	-0.0480481169395027
chr15	6597372	6598196	11	11	254.053	120	207.596	-3.73704472712546	-4.48981879625001
chr15	6598197	6681080	964	22425	22738.4	18673	18669	-0.0185667310945772	0.0197125154598823
chr15	6681081	6681680	8	0	188.906	69	156.282	-33.2175158461534	-33.1795456769316
chr15	6681681	7646684	11428	267879	270199.3187	220028	221817.3928	0.00100791780988096	0.0272927226851742
chr15	7646685	7654167	96	0	2254.08	941	1834.02	-33.2175158461534	-33.1795456769316
chr15	7654168	7654917	10	214	234.948	185	193.779	-0.0660786251144279	-0.0949954180912883
chr15	7654918	7656636	20	0	477.625	243	392.519	-33.2175158461534	-33.1795456769316
chr15	7656637	21322281	150649	3461221	3536568.6728	2801602	2871248.8639	0.00612224992700472	0.00866605733631111
chr15	21322282	23324406	470	5984	11050.9504	3980	8994.146	0.29299460612028	-0.845253096563729
chr15	23324433	29952152	61746	1415668	1450908.9791	1153557	1171320.4031	-0.0116624751745556	0.00426122220897516
chr15	29952153	31950404	1371	22754	32251.3508	20411	26309.1201	-0.135258168062098	-0.463504131116466
chr15	31953379	35519139	31491	733592	741282.068	572163	590455.4091	0.0321223025661898	0.0246905659004762
chr15	35519140	35533756	129	2	3068.96	1301	2524.66	-9.62530076152737	-10.5437986335688
chr15	35533757	46022590	114296	2632376	2683292.9345	2117653	2168353.6288	0.0082599664123908	0.0120962838371445
chr15	46022591	46027786	67	785	1566.67	1225	1260.13	-0.954380837353658	-0.957201494282903
chr15	46027787	92544246	507121	11634981	11968121.4983	9524275	9766376.6689	-0.00274862505929552	-0.000992599497928466
chr15	92544247	92544621	5	78	119.5	1	98.6694	6.01083133027502	-0.575729316955434
chr15	92544622	105433303	145064	3311454	3429043.5017	2739495	2805340.5033	-0.0143103657367708	-0.0106061170514881
chr15	105433304	105437135	51	661	1195.27	1	966.796	9.06421828804651	-0.814879096908507
chr15	105437136	106498168	13291	305004	311602.1672	249120	250549.3362	-0.0208581355488249	0.00885816782102734
chr15	106498169	106521936	311	3542	7297.95	0	5782.26	32.178118996976	-1.00319178237854
chr15	106521937	111239624	40911	944878	963686.2253	758419	780332.793	0.0144241060136207	0.0112998530016659
chr16	17697	30619840	316281	7260747	7455038.8197	5835617	6000984.1309	0.0039811355756688	0.00163739036839675
chr16	30619841	31102155	135	2381	3188.6694	1337	2589.4981	0.534051230349401	-0.381651634540969
chr16	31102156	57393204	265559	6052893	6269370.9128	4963071	5128130.8032	-0.001730767501834	-0.0109605658798557
chr16	57393205	57393729	7	109	168.023	2	138.43	5.49044731820822	-0.584595324139559
chr16	57393730	64896286	87559	2017133	2058290.1806	1646528	1674202.5332	-0.00332805593275056	0.0105950937985897
chr16	64920676	64933865	77	10663	1828.92	964	1506.85	3.18974537837101	2.58328478898014
chr16	64934998	64978895	77	7218	1822.0272	1002	1494.2433	2.56435231467722	2.02578991874531
chr16	64978896	64984693	31	2390	740.184	551	606.856	1.83212176860515	1.73079003475694
chr16	64984694	71350317	65912	1504474	1550809.9144	1232023	1261250.0365	-0.00817246432143545	-0.00402741681951176
chr16	71350318	71351894	21	0	493.119	392	389.066	-33.2175158461534	-33.1795456769316
chr16	71351895	72206325	10190	233191	239088.7971	185042	192151.8108	0.0201244875730525	0.00370084915167915
chr16	72206326	72208630	20	515	470.163	107	380.848	1.96478104844692	0.171146695401735
chr16	72208631	78865173	74277	1701140	1744526.5371	1378494	1412645.4102	0.000737826314287932	0.00340160508888952
chr16	78865174	78865972	10	40	240.312	112	198.418	-1.76002750612283	-2.54710151344373
chr16	78865973	90668716	135097	3105817	3185602.4873	2521407	2561125.2877	-0.0122795075096267	0.00314184566379302
chr17	545	24572418	274147	6228924	6446503.4722	5022396	5152994.3416	-0.0107335713499916	-0.00979862524990358
chr17	24572419	24578765	24	138	572.126	351	469.704	-1.62961868937781	-2.0119293689232
chr17	24578766	48019145	240140	5496932	5643806.0827	4445119	4594462.6449	0.0113974125719773	0.00169348588781764
chr17	48019146	48283895	347	6790	8220.2356	6868	6719.1699	-0.305610095149209	-0.236032896965105
chr17	48283896	59757770	112780	2582733	2654340.7281	2098758	2163858.0226	0.00638005176952882	0.000280202952884986
chr17	59757771	59778290	133	9	3126.68	2476	2550	-8.39623977367417	-8.40075553538127
chr17	59778291	59788859	134	3067	3130.16	2513	2542.56	-0.0107719855744395	0.0103270354318753
chr17	59788860	59789771	12	0	286.317	245	223.546	-33.2175158461534	-33.1795456769316
chr17	59789772	59836334	560	13138	13141.95	10520	10743.4428	0.0316530979932026	0.0393015843925443
chr17	59836335	59840396	51	798	1191.224	0	966.0793	32.643061977355	-0.538248802081432
chr17	59840397	61442796	16977	386796	399129.0969	314049	325252.6712	0.0070537515179702	-0.00554730901533681
chr17	61442797	61444641	24	13	563.268	293	462.885	-4.77571973012931	-5.39750270593295
chr17	61444642	62213652	9357	217497	220213.9103	178572	180263.6367	-0.00254248132417253	0.0218251708580044
chr17	62213653	62225326	58	2	1366.28	1121	1116.06	-9.42064394602771	-9.3763020882868
chr17	62225327	62287246	578	12962	13591.3	10966	11092.3	-0.0501088516649224	-0.0286598443907816
chr17	62287247	62288146	12	19	279.508	105	228.049	-2.75809863295354	-3.83908297834115
chr17	62288147	86225989	264078	6001260	6207117.0983	4895077	5044924.3234	-0.00339175071303236	-0.00892265589450489
chr17	86225990	86230639	59	726	1380.25	1189	1127.52	-1.00171873571055	-0.887152875579869
chr17	86230640	88135728	21150	480175	495857.8739	391509	402178.418	-0.00581107750465274	-0.00663110032913803
chr17	88135729	88136253	7	0	163.646	73	134.894	-33.2175158461534	-33.1795456769316
chr17	88136254	89383501	14276	330346	335657.4076	266081	274192.8372	0.0220788851423932	0.0167236665112659
chr17	89383502	89463173	217	2315	5071.2106	632	4090.9866	1.56489945482593	-1.09158272293166
chr17	89464744	89653336	1808	37606	42716.5998	31380	34801.7465	-0.0327544947564134	-0.144098681530634
chr17	89653337	89659072	32	465	763.125	3174	604.01	-3.10658135797076	-0.674953401700569
chr17	89659073	90616851	8031	184770	189015.9747	149300	154222.6288	0.0157877669082878	0.00695763700691576
chr17	90616852	90617165	4	3	95.2811	75	75.8578	-4.97098361984702	-4.94942038654717
chr17	90617166	90843705	2871	66478	67387.3889	52755	54449.6363	0.0277780325811439	0.0201336252447579
chr18	0	19472190	208331	4716860	4906421.4146	3869595	3990463.7486	-0.010705429867405	-0.0171090995948565
chr18	19472191	19476485	37	1	875.736	399	720.368	-8.92024168763117	-9.73461681098162
chr18	19476488	19504266	278	5395	6592.6394	4857	5383.4492	-0.139002785636573	-0.24949794006973
chr18	19504267	19504890	8	0	187.123	68	153.695	-33.2175158461534	-33.1795456769316
chr18	19504891	28302978	101040	2330671	2380356.0033	1903462	1936734.8116	-0.00366623134244481	0.00930328108345459
chr18	28302979	28303353	5	63	116.737	0	95.7944	32.3312078870311	-0.850102892353386
chr18	28303354	29846876	16839	393467	396550.684	308857	315960.9588	0.0233097498382188	0.0284726426588185
chr18	29846877	29850264	45	497	1059.79	0	871.358	32.1285853889635	-1.05272539038074
chr18	29850265	38380544	84206	1960244	1981417.589	1585733	1609484.8409	0.00771449562268439	0.0242355519920458
chr18	38418199	38538546	685	13530	16231.0707	12961	13286.9995	-0.224992914118762	-0.222861060522282
chr18	38538547	60530586	242741	5620708	5712808.8775	4576597	4650190.6819	0.0013313220667964	0.0162868746122305
chr18	60530587	60535612	67	0	1566.3	624	1264.18	-33.2175158461534	-33.1795456769316
chr18	60535613	61053680	4645	103029	109028.2163	82874	87080.3357	-0.00845855930221386	-0.0419158021003357
chr18	61053681	61054880	16	0	374.076	320	302.903	-33.2175158461534	-33.1795456769316
chr18	61054881	67884617	80443	1824992	1890198.0348	1489472	1536445.6898	-0.00408638167822972	-0.0109119806440599
chr18	67884618	67891392	10	0	232.779	76	191.713	-33.2175158461534	-33.1795456769316
chr18	67891393	69192369	14486	329253	340927.1799	269789	278967.3078	-0.000237396937643901	-0.0105317629285566
chr18	69192370	69195933	44	572	1049.73	808	863.846	-0.777747297072047	-0.836195977138052
chr18	69195934	69421727	2686	63302	63033.4	51709	51326.1	-0.00282306177590151	0.0458698704937603
chr18	69421728	69440602	249	2854	5813.6284	4905	4744.323	-1.07273932398963	-0.986718252073262
chr18	69440603	70859220	17325	402757	406719.271	325065	325524.1495	-0.010322235805278	0.0256115859917295
chr18	70859221	70859595	5	76	117.176	0	97.0226	32.5964402681873	-0.584870511242063
chr18	70859596	71314435	5328	124599	125171.7455	100780	99935.8276	-0.0169868236501198	0.0331188163512854
chr18	71314436	71321072	85	2792	1998.13	1659	1592.09	0.425021601789074	0.522383764469481
chr18	71321073	76937529	57398	1317424	1350252.341	1056567	1081126.7827	-0.000592748487363876	0.00422596011024851
chr18	76937530	76939329	24	2	566.404	189	449.152	-6.89510500059505	-8.10595233088451
chr18	76939330	77216268	2360	55198	55758.0175	43127	43690.7915	0.00593970971265128	0.0251720001016399
chr18	77216269	77217318	14	2	333.132	113	253.054	-6.21506251331649	-7.34021483689867
chr18	77217319	84894801	83359	1908393	1963930.5218	1548550	1586783.8286	-0.00443285598594222	-0.00165032044529968
chr18	84894802	84896532	23	266	543.602	0	447.542	32.189921533296	-0.99138924606098
chr18	84896533	84990541	1185	27856	28173.7833	22618	23154.893	0.0192456284770738	0.0233700720088994
chr18	84990542	84991066	7	89	167.884	0	138.524	32.3054585504235	-0.875852228956196
chr18	84991067	86399797	15872	359568	375375.6961	293480	308277.0744	0.0106599049669711	-0.0223353401049447
chr18	86399798	86403308	41	2	966.225	377	794.441	-7.83907467888281	-8.87648002952094
chr18	86403309	86565342	1866	42340	44222.8875	34855	36330.665	-0.00118471024984613	-0.0230366864731907
chr18	86565343	86571753	85	2075	2021.36	882	1664.74	0.955996466500856	0.0775203229637311
chr18	86571754	88201446	10550	232477	250382.9278	192014	205378.2878	-0.00821093560018708	-0.0673129333448154
chr19	0	136884	1067	22675	25041.944	18103	20359.7421	0.0280115792409592	-0.103508739826568
chr19	136885	148307	44	150	1056.351	2	837.171	5.89508868758413	-2.7763196083857
chr19	148308	442998	167	948	3920.3897	509	3163.6616	0.589584725178449	-2.00830283346191
chr19	442999	11438928	122503	2836563	2893845.5541	2325879	2352163.1177	-0.0108668506537699	0.0108912520675498
chr19	11438929	11441070	27	0	631.329	211	515.204	-33.2175158461534	-33.1795456769316
chr19	11441071	21298517	107384	2443055	2523116.115	1970711	2024424.988	-0.00595919259353084	-0.0067849861902127
chr19	21298518	21299267	10	0	232.944	118	185.999	-33.2175158461534	-33.1795456769316
chr19	21299268	25563482	49730	1156680	1169475.4845	930532	937044.5198	-0.00404489452697241	0.0238634455089202
chr19	25563483	25564778	17	1	402.714	199	305.684	-8.03257406622372	-8.61387648692014
chr19	25564779	27928562	11577	254851	273730.2382	198569	214184.5733	0.00787846512158223	-0.0633655276326173
chr19	27928563	28104292	97	934	2288.2973	431	1820.0741	0.787222468325042	-1.25304477467351
chr19	28112621	62275498	385892	8853095	9083865.0996	7126147	7253086.9657	-0.00988637285513859	0.00261089341920599
chr20	747	4008	7	539	163.915	15	136.006	4.89973838422389	1.75707266224434
chr20	4009	198321	382	5449	8990.2567	4151	7144.6436	0.0627973981945727	-0.682635546697469
chr20	198322	198974	8	26	188.296	164	147.443	-3.00819220494255	-2.8166835515386
chr20	198975	200024	14	0	325.936	293	268.463	-33.2175158461534	-33.1795456769316
chr20	200025	266446	743	14399	17552.0214	12409	14206.0774	-0.0887820734613029	-0.245933296684926
chr20	266447	266821	5	1	117.985	85	97.1502	-6.6879404022256	-6.84272435530341
chr20	266822	360345	938	21225	22177.3908	17731	18110.0701	-0.0310417575378853	-0.023589814591183
chr20	360346	360733	3	1	70.5296	72	58.3837	-6.4408231010772	-6.10042167043688
chr20	360734	452023	746	16519	17636.427	13300	14466.993	0.0286719842646696	-0.0546966859422368
chr20	452024	520029	185	4885	4375.0498	19	3584.3083	7.72037570449839	0.198794395421854
chr20	520030	653822	980	23537	23183.179	18828	19043.849	0.0400624773010491	0.0615873099870208
chr20	653823	656279	15	320	355.435	74	288.572	1.81358540225992	-0.111778574608167
chr20	656280	661034	63	1554	1506.98	1126	1238.57	0.183559916171114	0.0840615056020377
chr20	661035	665471	55	1513	1309.062	555	1076.296	1.16615888396519	0.248613831571132
chr20	665472	782771	910	21113	21484.3058	17470	17514.9382	-0.0196801799080878	0.0145836999936822
chr20	782772	794682	119	5037	2815.2407	2203	2316.7189	0.913685067026771	0.87904172659217
chr20	794683	814764	161	2596	3813.372	2199	3121.2983	-0.0477131520599394	-0.515041619443269
chr20	814765	1162879	1126	24791	26674.1925	22284	21890.2587	-0.129582244443028	-0.0658928584255855
chr20	1162880	1172808	77	3460	1835.3	8	1513.36	8.48006070972367	0.95449140314086
chr20	1172809	1284340	717	16229	16950.003	12782	13906.68	0.0607181283662806	-0.0229761501029763
chr20	1284341	1286238	16	0	382.415	202	305.0302	-33.2175158461534	-33.1795456769316
chr20	1286239	1603096	1578	33301	37272.1942	27365	30531.7817	-0.00278922418392233	-0.122798979554186
chr20	1603097	1606134	38	1551	897.229	750	740.6	0.773219586236839	0.829385801699015
chr20	1606135	2878790	10474	236364	246121.8986	187751	198660.7805	0.0248888878106407	-0.0186274356107238
chr20	2878791	2883504	12	221	282.15	4	226.672	5.47381149536533	-0.312680707839331
chr20	2883505	3141055	612	13549	14385.7569	10153	11139.1444	0.0490426950745377	-0.0467194820253473
chr20	3141056	3240952	465	11518	10980.9	6509	8629.98	0.477580328322539	0.108629196037451
chr20	3240953	3265806	89	83	2092.3	860	1655.64	-3.70908902871176	-4.61609930192257
chr20	3265807	4034151	7568	162740	179329.1219	124216	138669.8752	0.020527599834174	-0.100305623747401
chr20	4034152	4044844	122	2106	2870	1041	2284.43	0.689083969167583	-0.406810028398689
chr20	4044845	4046353	20	260	473.985	4	339.599	5.54312371067466	-0.826594508036
chr20	4046354	4048153	24	500	580.48	245	433.239	0.608828206857896	-0.175582993982182
chr20	4048154	4065815	212	2414	4972.075	11	4011.972	7.47000687095505	-1.0026871101886
chr20	4065816	4071972	81	1184	1905.27	740	1502.836	0.337529128809249	-0.64659110655094
chr20	4071973	4073472	20	259	469.294	25	373.747	3.04628718220244	-0.81780464527843
chr20	4073473	4277401	2227	47881	52465.3178	37970	41776.4973	0.00768587938447377	-0.0921754887145927
chr20	4277402	4281483	28	303	665.562	4	518.757	5.88542490066736	-1.0955199997686
chr20	4281484	15655087	118000	2693719	2797184.1636	2108806	2171074.4069	-0.0106279878182216	-0.0146406089430952
chr20	15655088	15655687	8	8	186.213	72	152.066	-3.46041607095589	-4.50107470907294
chr20	15655688	21013488	63355	1416945	1489057.684	1173660	1206741.3514	-0.0297488249197293	-0.0318806110536826
chr20	21013489	21014014	7	97	165.784	1	135.721	6.31301711295434	-0.733512852832726
chr20	21014015	32993911	137864	3156056	3247110.8612	2555674	2611708.5863	-0.00797862270920031	-0.001298564855555
chr20	32993912	32998297	26	296	611.237	499	505.724	-1.02505916783624	-1.00639942855969
chr20	32998298	34063609	7957	171116	186866.0779	139422	151730.1466	-0.00321540317027299	-0.0872947623633021
chr20	34063610	34064673	14	185	328.869	1	269.615	7.24653426466514	-0.79025247966291
chr20	34064674	35572985	16476	375784	387268.7106	302755	315263.8601	0.0167428124030443	-0.00369602984723931
chr20	35572986	35575425	30	356	716.861	629	589.485	-1.10165597624116	-0.970080892739573
chr20	35575426	36681139	12334	284589	291660.6406	232294	239598.7047	0.0110225115812238	0.00432446296660629
chr20	36681188	36683744	14	149	331.052	3	272.178	5.3534637224869	-1.11201024323632
chr20	36683745	56205872	218673	4926359	5158544.9849	4048613	4190175.1153	-0.0150945360136354	-0.0267071599107612
chrX	598	37713617	346777	7901587	8171134.9191	6469766	6671595.6099	-0.00231061836884597	-0.0086587599090379
chrX	37713618	37723505	23	5	545.3	153	446.887	-5.22083471841675	-6.72924296266848
chrX	37723506	56166027	175396	4025537	4155042.0716	3338847	3408109.0441	-0.0142952215949758	-0.00594656368542505
chrX	56166028	56363452	1489	25567	35433.164	26680	29148.336	-0.341397447590654	-0.431082137873914
chrX	56363453	63559811	72978	1658163	1730221.4059	1388019	1418986.174	-0.0277725109175429	-0.021635557514426
chrX	63559812	63594005	266	6848	6351.24	7525	4621.62	-0.592883421743365	0.148379686307248
chrX	63594006	113107240	470770	10636150	11141401.0708	8772825	9121037.5453	-0.00903308225620954	-0.0272193674646199
chrX	113107241	113110317	40	473	935.556	745	769.086	-0.936314220390629	-0.944248556310312
chrX	113110318	150612114	358927	8178273	8481321.6047	6740136	6948193.143	-0.0068676093816179	-0.0127575961786251
chrX	150612115	150631024	72	4138	1702.9527	735	1393.4265	2.20548113395819	1.32063055289522
chrX	150631025	159969947	80305	1827698	1896637.2539	1496775	1545836.6952	-0.00512041864523072	-0.0136808006735786
