chrom	start	end	binNum	tumor	tumor_expect	normal	normal_expect	log2.copyRatio	log2.TumorExpectRatio
chr1	987	29085265	287855	6002756	6248065.984	5338272	5517708.8823	-0.00808677513819585	-0.0178857507761051
chr1	29085266	29102097	6	60	129.751	0	115.044	32.1085710604472	-1.07281233941125
chr1	29102098	38433761	99306	2120538	2159112.0932	1855413	1888278.1862	0.00132452195384903	0.0138911036477093
chr1	38433762	38515330	24	401	523.1502	25	444.532	3.77066566026286	-0.34372406466806
chr1	38515331	61509137	223997	4710425	4871713.4267	4122420	4258159.3576	0.000167771428725623	-0.00867312513348485
chr1	61509138	61511611	30	324	649.678	1	580.317	8.17896762264906	-0.963832126712319
chr1	61511612	62937768	12566	259722	272013.123	238421	243756.4431	-0.0327776269479632	-0.0268091183036607
chr1	62937769	62958059	10	187	216.403	59	194.079	1.50917629604447	-0.170783317119382
chr1	62958060	62995084	43	1299	931.49	90	827.476	3.68251116870404	0.519688156582503
chr1	62995085	63000821	19	866	409.107	1	372.857	9.62636872853881	1.12178771445902
chr1	63000822	63097769	176	3265	3807.9451	125	3447.805	4.5657498531662	-0.1820307751771
chr1	63097770	63104322	60	1646	1294.774	901	1172.217	0.727906052426718	0.386162947304307
chr1	63104323	63705155	1243	25409	26948.4443	20095	24142.1646	0.181857427821208	-0.0449634806176213
chr1	63705156	63711056	23	236	501.751	10	431.417	4.34482775172355	-1.04828581499742
chr1	63711057	63714502	20	312	437.088	226	372.519	0.236614860173126	-0.446478828993705
chr1	63714503	63720583	76	835	1654.787	71	1437.378	3.35468060930352	-0.946898513918339
chr1	63720584	63739021	125	2124	2723.208	1433	2374.3996	0.37200209339652	-0.318624502017597
chr1	63739022	63748026	111	2723	2415.686	2988	2124.377	-0.317374927247949	0.212662954636485
chr1	63748027	63757691	22	278	482.059	45	419.056	2.42702265676612	-0.7542259358798
chr1	63757692	63769750	127	2677	2762.73	2364	2414.44	-0.0130174962239941	-0.00557852414247623
chr1	63769751	63777290	34	337	741.546	3	643.194	6.60836137179725	-1.09788868578403
chr1	63777291	63780536	23	303	501.776	89	432.637	1.55555549983608	-0.687826762181093
chr1	63780537	63791059	91	1049	1976.01	41	1760.74	4.51283995615922	-0.873676657785233
chr1	63791060	63832965	38	305	818.95	253	731.3076	0.108376203319251	-1.38506721747421
chr1	63832966	63978783	108	1431	2358.765	546	2053.732	1.19226841700041	-0.681109108005221
chr1	63978784	64071494	14	111	304.837	0	268.794	31.7638039662601	-1.4175794335142
chr1	64071495	65187901	8322	173962	181073.8543	150248	157605.2787	0.0131653857573283	-0.0179071345300367
chr1	65187902	65197843	27	754	581.32	7	535.061	6.63343797527393	0.415130891059599
chr1	65197844	65238148	3	90	64.7367	63	59.3368	0.390917836310506	0.515240088565664
chr1	65238149	65239301	12	191	260.709	0	234.621	32.7724145630855	-0.408968836888026
chr1	65239414	65371024	636	13625	13766.2927	7183	12390.8882	0.773738688347325	0.0250150519685453
chr1	65371025	65420838	18	319	387.8355	0	352.4245	32.939393871545	-0.241989528450036
chr1	65420839	67791314	16913	342974	366618.2855	308814	325006.5648	-0.0204474658388218	-0.0562806180929833
chr1	67791315	67796280	61	614	1320.53	1320	1189.7	-1.25274525953728	-1.06490760420258
chr1	67796281	68577480	2408	50163	52155.0302	46392	46926.7339	-0.0376473997781075	-0.0162838598507438
chr1	68577481	68581141	48	483	1036.9	0	938.195	32.119100640912	-1.06228275894875
chr1	68581142	70886171	11571	238516	251366.2882	212958	220851.8038	-0.0211940776345698	-0.0358062170457612
chr1	70904589	71083403	46	463	994.647	51	882.03	3.01108752399595	-1.06327349852517
chr1	71083404	71804812	6724	136053	146408.3943	118307	127128.1654	-7.98817838283581e-05	-0.0659305917924461
chr1	71804813	71808502	9	3	193.343	87	172.249	-5.02264655255057	-5.97015730020332
chr1	71808503	73406072	14893	312584	323985.4585	268730	280635.3706	0.0128557024284045	-0.011786215550397
chr1	73406073	73424261	125	12	2711.117	1023	2402.217	-6.58614744689741	-7.77981021427908
chr1	73424262	73424973	6	126	129.078	183	115.306	-0.699194094351762	0.00507951663121271
chr1	73424974	73439407	140	4	3026.784	1210	2714.773	-8.39574407462276	-9.52367098745062
chr1	73439408	74040844	4486	90494	97364.9609	79944	85650.2813	-0.00411094880079861	-0.0656816246265216
chr1	74040845	74047511	53	515	1153.22	908	1019.757	-0.993560853859762	-1.12312451270238
chr1	74047512	75014899	7544	159672	163205.1456	144858	146953.6449	-0.00885205505461866	0.00832371291582306
chr1	75014900	75038834	302	9532	6533.42	6159	5927.61	0.491696330844347	0.584839477476158
chr1	75038835	77541760	9340	180450	202317.144	163769	180144.5539	-0.025525326490281	-0.125120521106933
chr1	77541761	81444235	43203	939132	944563.8622	783326	799402.9253	0.0229909803138306	0.031578521876194
chr1	81444236	81446562	30	0	657.162	335	562.37	-33.2172795855566	-33.1793820368534
chr1	81446563	82600004	11489	248754	251745.6868	204708	209231.9519	0.016289726298802	0.0226515762383472
chr1	82600005	82600920	12	5	262.048	123	221.78	-4.85928687138748	-5.67186027340192
chr1	82600921	82691037	1023	19980	22323.0933	17310	19189.5553	-0.00926345401729955	-0.120081459246032
chr1	82691038	82702723	63	111	1360.3835	311	1201.4873	-1.66354555455001	-3.57548291743702
chr1	82702724	92249760	86478	1850101	1887634.5794	1589104	1617661.3172	-0.00127806758765959	0.0109234386859354
chr1	92249761	92252760	40	6	875.127	342	740.298	-6.07227490908476	-7.14848715462143
chr1	92252761	96094217	37992	805146	828762.9996	704917	714751.1042	-0.0197202702201714	-0.00181026669900463
chr1	96094218	96198463	26	236	561.46	29	495.082	2.84514766780571	-1.21049747265713
chr1	96198464	97687380	12434	266975	270058.71	234831	237243.02	0.000175706853803933	0.0233304847531974
chr1	97687381	97692228	53	2446	1156.41	1091	1017.34	0.981923591357998	1.12067032633601
chr1	97692229	97694760	29	638	629.784	543	559.94	0.0650207281887995	0.058598230654464
chr1	97694761	97697849	40	433	867.54	1	783.132	8.61254968691824	-0.962664340857581
chr1	97697850	130379290	297414	6228018	6466401.7841	5455847	5663070.2211	0.00159255866464656	-0.0142911245971738
chr1	130379291	130380715	19	2	410.241	179	371.941	-6.62321229513	-7.64042893193672
chr1	130380716	131717893	15928	337325	345362.8547	306614	306065.0275	-0.0345576827581727	0.0059252332377224
chr1	131717894	131718868	13	0	283.025	277	248.25	-33.2172795855566	-33.1793820368534
chr1	131718869	148463618	174061	3680732	3784944.8327	3213487	3309109.4468	0.00402517216608694	-0.000380651650067239
chr1	148463619	148629153	119	438	2533.9247	870	1965.9636	-1.35422021039418	-2.49247196511783
chr1	148629154	148652079	164	2072	3563.9693	2044	2876.1918	-0.28769485383103	-0.742561994258224
chr1	148652080	148663094	33	279	700.425	814	546.415	-1.90099579837817	-1.28806654381255
chr1	148663095	154086997	50005	1048015	1083425.9016	938861	969427.5988	0.000281817510217479	-0.00804220886861088
chr1	154086998	154087852	7	1	152.501	125	132.731	-7.164096244893	-7.21277595869313
chr1	154087853	158840013	44041	938041	953940.6757	830394	850814.8326	0.0128019602129585	0.0156503440229595
chr1	158840014	158845714	40	1350	861.284	795	764.545	0.594046393353303	0.688297383584246
chr1	158845715	158847683	26	269	567.8322	444	493.5087	-0.923341284511532	-1.03795957702917
chr1	158847684	167755696	106612	2309422	2320846.1124	1989102	2019404.1133	0.0166947042357425	0.0327798670691741
chr1	167755697	167756296	8	2	173.613	82	157.924	-5.49219517786089	-6.39983224488742
chr1	167756297	180342198	121110	2586082	2633130.0789	2250863	2307403.8098	0.0117828484592093	0.0138881397750392
chr1	180342199	180387453	27	247	586.812	54	515.615	2.0088769521552	-1.20848841950281
chr1	180387454	181660015	981	12357	21173.5932	14285	18993.8174	-0.363907370009572	-0.737038673972365
chr1	181660016	181792586	86	1487	1851.3495	70	1608.0046	4.20760153410604	-0.27627371504566
chr1	181792587	182893066	938	14881	20329.6197	13724	18260.8922	-0.0360541616380528	-0.410212836661253
chr1	182893067	182910332	10	61	214.798	0	195.657	31.4051828996328	-1.77620050002969
chr1	182910333	183115484	100	1118	2174.486	597	1929.494	0.734666851839732	-0.919855319841989
chr1	183115485	215003458	340252	7332944	7413848.0617	6287671	6417128.5892	0.0155734978827256	0.0240688849753122
chr1	215003459	215004133	9	0	194.788	75	174.001	-33.2172795855566	-33.1793820368534
chr1	215004134	215451956	3039	59321	66234.103	51668	56755.503	-0.0215407075727447	-0.119132401223299
chr1	215451957	215453375	18	0	389.707	185	340.585	-33.2172795855566	-33.1793820368534
chr1	215453376	215453975	8	136	173.055	134	150.267	-0.180327396045617	-0.307725061562742
chr1	215453976	215465787	142	4	3089.02	1293	2697.47	-8.53004744035712	-9.55303447301926
chr1	215465788	224280532	91696	2017265	2007343.5421	1666222	1695691.7975	0.0344077794602483	0.0470119851281136
chr1	224280533	224294611	17	420	368.766	8	327.18	5.54362579007987	0.227582593741158
chr1	224294612	233200861	85377	1802320	1854595.9583	1571789	1632446.8236	0.0153800670093063	-0.00135082095125882
chr1	233200862	233203420	34	407	738.226	0	647.887	32.3622485571094	-0.819134842799429
chr1	233203421	238922228	64839	1374213	1406160.0363	1209254	1248268.8062	0.0146575334792655	0.00674375008616164
chr1	238922229	238924256	27	0	591.296	304	513.842	-33.2172795855566	-33.1793820368534
chr1	238924257	240532734	19467	413623	422065.4291	360518	373697.4543	0.0246505528083565	0.0107486582059651
chr1	240532735	240618882	819	19859	17745.2126	20307	15826.8223	-0.195241019451641	0.202262030938334
chr1	240618883	258446525	187335	4036265	4070036.3198	3529821	3572687.734	0.00739538937839842	0.0278781407799346
chr1	258505326	258565452	40	466	871.618	55	756.787	2.88101910870653	-0.863467123045794
chr1	258565453	269490186	106931	2347931	2330845.9834	2015368	2011808.092	0.00998709459535606	0.0504352460670538
chr1	269490187	269492961	37	0	799.126	317	715.025	-33.2172795855566	-33.1793820368534
chr1	269492962	277933742	92135	1962105	2004172.4425	1721910	1753113.2382	-0.00269358662622606	0.00929451423235111
chr1	277933743	277934717	13	3	284.703	167	243.362	-6.02309419992243	-6.5284524586081
chr1	277934718	282763000	50510	1065173	1099735.2524	931282	955886.1135	-0.00644647833183594	-0.0061695777731871
chr2	0	5687042	37313	797394	807910.7575	716572	721474.0312	-0.00706603164083692	0.0209957214940469
chr2	5687043	5692478	34	352	732.267	0	658.909	32.1644879595638	-1.01689544030652
chr2	5692479	6036545	3443	74709	74432.308	69221	66632.7519	-0.0476238633281272	0.0452519915969744
chr2	6092261	6093389	15	152	323.816	0	287.426	32.1301793637757	-1.05120403608745
chr2	6108381	14630809	87035	1867278	1885173.6141	1682876	1688012.8063	-0.00736232750846459	0.0261382500142802
chr2	14630810	14631563	10	109	215.746	0	195.969	32.2362766355692	-0.945106764315692
chr2	14631564	15637668	10904	227098	235990.5331	206338	212621.3754	-0.010135518032887	-0.0155150733953899
chr2	15637669	15654551	84	867	1825.978	1	1596.948	9.56853726911487	-1.03466657246566
chr2	15654552	17178776	15072	313448	326513.5715	286400	294293.1806	-0.0176928509349368	-0.0190179218251343
chr2	17178777	17180667	25	316	539.711	2	478.591	7.13238825235419	-0.732363620910096
chr2	17180668	19192565	23453	494625	507943.7996	444390	455750.2856	8.48495837070921e-05	0.00156519057298409
chr2	19192566	19194729	28	0	611.702	297	537.61	-33.2172795855566	-33.1793820368534
chr2	19194730	20603729	15046	316440	326509.9498	282087	288501.1589	-0.0107566822180381	-0.00529606675749635
chr2	20603730	20614597	41	1	886.905	302	787.65	-8.40762821080864	-9.75273672967258
chr2	20614598	30410201	109449	2297866	2383087.4872	2006020	2071069.8633	-0.00449565220428609	-0.0126383344117176
chr2	30410202	30412056	20	240	436.461	2	377.727	6.70038309575987	-0.822919429391716
chr2	30412057	47804786	178471	3771059	3874660.3617	3318779	3416424.2441	0.00473580529959841	0.000798779816514689
chr2	47804787	47805470	7	1	151.495	56	135.689	-5.9643199598079	-7.2032274351132
chr2	47805471	52404049	51356	1079289	1112524.5042	968490	994677.744	-0.0032624801884311	-0.00385697533555646
chr2	52404050	52409079	60	1	1305.52	1137	1146.87	-10.3359376800136	-10.3105097435773
chr2	52409080	52631181	2258	49922	49045.873	46095	42923.0455	-0.0753124733063767	0.0654429005388646
chr2	52631182	52662609	14	248	303.82	455	263.803	-1.07728093331953	-0.252977810536802
chr2	52662610	52665654	8	31	174.58	368	150.284	-3.78356115199165	-2.453649258893
chr2	52681835	52712912	22	546	477.8264	828	415.0485	-0.801935087528743	0.232313298118316
chr2	52712913	52723169	58	1139	1266.742	1023	1085.705	-0.0655275947883606	-0.113456058446271
chr2	52723170	52737382	60	819	1301.886	1511	1143.595	-1.0685938466884	-0.628768854824046
chr2	52737383	52779918	74	1661	1618.737	1233	1395.6685	0.217968342672296	0.0770823788307607
chr2	52779949	52806548	65	799	1422.11	859	1215.9756	-0.328380046763446	-0.791866740980393
chr2	52809537	52824328	36	639	781.706	1416	686.562	-1.33316816790363	-0.250911267879812
chr2	52835147	52971658	1119	24070	24349.285	21460	21219.5738	-0.0308963004590908	0.0232556447961613
chr2	52971659	52989887	46	64	992.5368	437	880.4603	-2.94235074466817	-3.91507786915134
chr2	52989888	53387421	4388	91495	95124.6071	79704	84341.9816	0.0274744681993327	-0.0162267721432638
chr2	53387422	53389395	25	2	540.185	275	486.839	-7.25129525761661	-8.0374108180539
chr2	53389396	113242099	620640	12871578	13452876.3761	11538648	11997892.3693	-0.00541757094329876	-0.02382682540262
chr2	113242100	113243149	14	147	305.516	1	266.929	7.00688178597156	-1.01553286918018
chr2	113243150	115810169	21110	444656	459077.6401	387883	400833.2534	0.00333350369355825	-0.0061496005887534
chr2	115810170	115811722	16	174	353.329	0	303.502	32.1993574528482	-0.98202594702927
chr2	115811723	118617002	33560	710629	728764.4691	631492	641729.2622	-0.0111543816005874	0.00354285458004736
chr2	118617003	118618454	19	183	409.504	7	358.077	4.5167385825672	-1.12213498320435
chr2	118618455	133356490	149058	3132918	3234115.3641	2796193	2861241.5166	-0.0106854313759853	-0.00596522036046229
chr2	133356491	133360737	7	6	153.249	153	136.191	-4.84067026660288	-4.63487243323684
chr2	133360738	135522923	18315	382471	396378.4636	353864	357639.3507	-0.0342163671847999	-0.0116293037893396
chr2	135522924	135551053	348	3289	7560.93	5972	6819.609	-1.0074384665943	-1.16101577739594
chr2	135551054	137137977	14553	301519	315194.3841	281036	284376.4168	-0.0449446714217656	-0.0240940026147669
chr2	137137978	137166958	33	285	717.97	718	633.204	-1.51227375509777	-1.29306273139085
chr2	137166959	137354863	1209	23476	26151.9716	21581	23468.5822	-0.0327627681722647	-0.115834190100505
chr2	137354864	137356729	21	0	459.448	204	391.776	-33.2172795855566	-33.1793820368534
chr2	137356730	140466700	35308	741718	765734.4387	665015	681608.6431	-0.00841525208334585	-0.00607445068140304
chr2	140466701	140467380	8	3	172.546	131	153.469	-5.61549289230376	-5.80597579801733
chr2	140467381	146619625	69074	1476593	1500525.4142	1300586	1317615.3701	-0.00242667603634809	0.0167033826332448
chr2	146619626	146621200	21	0	455.897	187	408.801	-33.2172795855566	-33.1793820368534
chr2	146621201	151284389	48762	1022546	1057031.089	908162	938761.7977	0.00195876114224575	-0.00795315183094961
chr2	151284390	151285454	14	175	303.56	1	273.013	7.30020038520353	-0.754727865504574
chr2	151285455	151522233	2558	55065	55364.061	49084	49577.586	0.00862241182046281	0.0320847575847418
chr2	151522234	151529733	55	632	1195.74	1094	1069.02	-0.95122979295021	-0.880008350276037
chr2	151529734	159863655	61238	1254544	1327432.6083	1120335	1180668.7365	-0.00380013320953242	-0.0415766367577065
chr2	159863656	159945109	59	493	1286.253	175	1110.0893	1.28373538237788	-1.34361597788928
chr2	159945110	160729202	379	7165	8230.7068	5334	7223.8936	0.23951056119892	-0.160150708635899
chr2	160729203	163374347	834	11271	18057.3636	11155	15930.3246	-0.163885237370511	-0.640072838662483
chr2	163374348	186880057	245707	5147407	5329305.9615	4592238	4738029.9229	-0.00301054349929023	-0.0102028906468946
chr2	186880058	186881480	18	0	393.33	156	339.476	-33.2172795855566	-33.1793820368534
chr2	186881481	190118287	40050	882484	874426.1607	733712	745774.7016	0.0387608988599158	0.053132470223537
chr2	190118288	191381247	7386	148833	159932.3896	136003	143391.8522	-0.0254417626377308	-0.0638687881646789
chr2	191381248	191382557	15	24	325.226	174	289.991	-3.02141410205106	-3.72043737250256
chr2	191394930	192494546	5722	117811	123857.5731	107355	110723.791	-0.0256306108820146	-0.0323089209688397
chr2	192494547	192495703	15	0	324.016	293	292.89	-33.2172795855566	-33.1793820368534
chr2	192495704	192528010	259	4603	5622.964	4548	5026.8871	-0.14232197108683	-0.248857455558546
chr2	192528011	192529921	25	0	542.104	550	490.001	-33.2172795855566	-33.1793820368534
chr2	192529922	210658150	177136	3761912	3854543.0437	3255312	3358426.8624	0.0118974142831461	0.00480517468484699
chr2	210658151	210661046	16	183	349.114	1	299.93	7.29862877862379	-0.891955651501521
chr2	210661047	227441131	181620	3821486	3939444.0029	3400076	3496477.7342	-0.00152159601085966	-0.00395937071565217
chr2	227441132	227460483	172	2904	3715.35	3377	3223.529	-0.420556524588636	-0.315557758948114
chr2	227460484	229739198	26774	566270	580087.2763	508707	518114.0646	-0.00634371093576412	0.00511903710875883
chr2	229739199	229744280	67	1542	1453.74	746	1301.37	0.889818526407905	0.124932409700372
chr2	229744281	238522160	88120	1853551	1913187.9777	1640680	1686247.8343	-0.0041627474963247	-0.00578790742874015
chr2	238522161	238523135	13	138	285.156	0	242.632	32.1741991902558	-1.00718420961654
chr2	238523136	246889108	96417	2034946	2091298.7224	1815412	1853096.143	-0.00776654274260785	0.000490271238483005
chr2	246889109	246892433	35	355	759.142	699	686.083	-1.12145871989323	-1.05665183477441
chr2	246892434	248425929	17259	363968	374344.6773	321336	332778.077	0.0119235119233838	-0.00065671464140591
chr2	248425930	248430779	25	2	536.471	271	483.702	-7.22952933895285	-8.02745742441465
chr2	248430780	248432773	19	85	412.051	200	355.197	-1.44666740586293	-2.23738925331021
chr2	248432774	252863915	53286	1136540	1158020.6782	992308	1014452.5176	0.00683025854246836	0.0128863571558063
chr2	252863916	252864517	8	74	173.279	0	154.739	31.9937826658124	-1.1876007340202
chr2	252864518	266433159	156634	3310149	3399059.7205	2973221	3005066.6921	-0.020867881530791	0.00165936097051005
chr3	534	13001303	130461	2859887	2857767.7291	2388340	2409872.3367	0.0160193350870002	0.0409683932375022
chr3	13001304	13002834	19	191	412.633	4	357.494	5.37249000284586	-1.07138765364786
chr3	13002835	15652449	29429	636295	643046.281	539452	549517.9941	0.0134467018134487	0.0246721229124949
chr3	15652450	15655759	42	541	907.697	226	813.92	1.10398339438823	-0.706683282886907
chr3	15655760	16048986	3358	70757	72670.1652	63800	64972.1952	-0.0102229156288309	0.00140860721441035
chr3	16048987	16054134	66	5	1429.85	657	1279.2	-7.19644204469686	-8.11982104391626
chr3	16054135	20901282	30301	563244	655851.5897	505883	588535.2125	0.00071699052572591	-0.179710437186097
chr3	20901283	20905062	43	276	935.995	552	844.678	-1.14609798376071	-1.72193364357091
chr3	20905063	20908576	24	20	522.457	251	463.997	-3.81881091975921	-4.66734148243631
chr3	20908577	21141795	2382	49392	51572.886	47522	46264.6421	-0.0990195531194746	-0.0224364802509415
chr3	21141796	21145986	52	577	1131.36	1011	1010.97	-0.969456292672489	-0.931515933248034
chr3	21145987	21483889	2339	46268	50746.7242	42569	45160.3413	-0.046045405934756	-0.0934010466377414
chr3	21483890	23272126	20466	443882	445517.1894	379665	388651.1551	0.0304452696268174	0.034594022472119
chr3	23272127	23275402	41	9	897.601	386	771.319	-5.6392772994001	-6.6001065451501
chr3	23275403	23690889	4540	99339	98527.653	85649	86985.5158	0.0361716873322556	0.0517304445213115
chr3	23690890	23695375	59	0	1268.87	598	1139.51	-33.2172795855566	-33.1793820368534
chr3	23695376	25295821	16178	329299	350237.1171	301230	314575.79	-0.0243903038066294	-0.0490349414487501
chr3	25295822	25297056	16	187	346.974	2	317.733	6.42188317699881	-0.851890378165239
chr3	25297057	28256223	34189	721686	740247.9189	654324	666546.9705	-0.00793454307833248	0.00326165085560229
chr3	28256224	28257696	19	144	412.467	3	365.1687	5.41124825907748	-1.47831097503728
chr3	28257697	32014874	41995	875960	909990.8054	785832	812885.2045	-0.00415490083201611	-0.0150880643038459
chr3	32014875	32018699	51	502	1103.88	1052	995.042	-1.21512809357631	-1.09692516728844
chr3	32018700	32337767	3384	68443	73306.348	61851	65724.6302	-0.00939657498964383	-0.0591362249374045
chr3	32337768	32340992	42	417	905.143	0	814.212	32.1031839599153	-1.07819943994205
chr3	32340993	40587877	96885	2030045	2100388.4047	1808833	1865067.2561	-0.00297462635388981	-0.00924551618010782
chr3	40587878	40596794	109	1230	2363.36	2190	2115.29	-0.990255129969586	-0.902282177436314
chr3	40596795	40759758	1846	38128	39962.2969	35548	36006.0752	-0.0473153313341702	-0.0278897380169591
chr3	40759759	40760208	6	73	129.256	0	115.406	32.3970194300066	-0.784363969908469
chr3	40760209	40975364	2127	42695	46084.9003	38401	41473.0135	0.0028033589142787	-0.0703280913130963
chr3	40975365	40980115	62	721	1343.17	1223	1207.53	-0.91393475670246	-0.857671835965852
chr3	40980116	44926974	37481	784401	812165.0922	702780	723591.5213	-0.00607791368801158	-0.0102827329521345
chr3	44926975	44927199	3	0	65.3391	45	57.4312	-33.2172795855566	-33.1793820368534
chr3	44927200	45260856	4016	87068	87147.6772	75157	76862.066	0.0330460106227267	0.0385792845492966
chr3	45260857	45261688	11	0	241.326	201	202.075	-33.2172795855566	-33.1793820368534
chr3	45261689	49254051	46836	995159	1016377.0561	874047	897551.9293	0.00984915483400254	0.00946215255230051
chr3	49254052	49256020	26	264	563.13	0	508.793	32.1283522311822	-1.05303116868053
chr3	49256021	49304983	594	12994	12847.5	11272	11559.1	0.0546448776197723	0.056256870316745
chr3	49304984	49308821	49	517	1062.63	939	960.389	-1.00490807772271	-0.999504250464366
chr3	49308822	49553536	2999	64090	64921.672	57470	58403.105	0.00663650030359383	0.0212980263295189
chr3	49553537	49555052	20	241	433.878	0	379.915	32.373026023207	-0.808357376703731
chr3	49555053	51356216	21388	451250	463554.6447	401966	413534.5806	0.00412337707622245	0.00108642766720337
chr3	51356217	51361393	68	684	1471.74	0	1315.18	32.1158277173794	-1.06555568248069
chr3	51361394	56515154	61503	1308349	1333927.6577	1166158	1182172.0843	-0.00625484622615345	0.0119659133195512
chr3	56515155	56517668	33	0	718.549	289	617.895	-33.2172795855566	-33.1793820368534
chr3	56517669	59412086	30177	641709	656649.5977	562156	570632.6866	-0.00961129182169881	0.00669440651913896
chr3	59412087	59412461	5	50	108.791	0	94.1109	32.0997231011211	-1.08166029873548
chr3	59412462	87319594	296357	6302021	6433108.4032	5583245	5688556.1833	-0.000741411718219311	0.0101974744775587
chr3	87319595	87329137	57	609	1239.69	1213	1102.39	-1.16140874922613	-0.985566356202066
chr3	87329138	87808783	5319	112080	115058.8992	103977	103926.4287	-0.0365442029115344	0.0020552003074308
chr3	87808784	87812952	55	560	1192.63	1083	1080.49	-1.09199395974239	-1.05074888797952
chr3	87812953	89248679	14946	303573	323706.6714	280150	291977.2788	-0.030985640779383	-0.0527447046281791
chr3	89248680	89252677	53	569	1145.64	1080	1035.74	-1.06802127026744	-0.969754300310426
chr3	89252678	90527337	13757	283268	297833.3319	256574	268586.16	-0.00432624062445733	-0.0324386757656785
chr3	90527338	90530262	39	447	844.424	636	763.381	-0.652314874536264	-0.877793839470859
chr3	90530263	119732043	317250	6775367	6888621.6881	5947411	6070566.5683	0.00765450077415994	0.0159826571925638
chr3	119732044	119734297	17	2	369.774	146	320.648	-6.39347656292946	-7.4906010388578
chr3	119734298	124943402	62274	1349410	1357555.5743	1155966	1171478.4161	0.0125502712184377	0.0312164115610579
chr3	124943403	124943852	6	0	130.346	58	117.001	-33.2172795855566	-33.1793820368534
chr3	124943853	140719287	172611	3668957	3743543.8553	3243029	3312508.3954	0.0035488902952474	0.0108642529386435
chr3	140719288	140719887	8	85	175.742	0	153.275	32.1733580410795	-1.00802535879264
chr3	140719888	143318450	30190	641211	655474.1349	560691	575640.7294	0.00822444691601545	0.00815923473836747
chr3	143318451	143325801	62	695	1340.84	1308	1210.41	-1.05791757596165	-0.90815329808878
chr3	143339451	143395505	246	5281	5322.8405	5014	4767.3516	-0.0821577972329539	0.0285137173146941
chr3	143395506	143406556	79	860	1715.71	1543	1516.94	-1.01896983030019	-0.956498242898917
chr3	143406557	143647848	1555	30233	33643.1409	28189	30279.98	-0.0489549408830056	-0.114289344980279
chr3	143647849	143673542	129	2717	2808.0247	1457	2481.6326	0.722748968950535	-0.00764214823050939
chr3	143673543	143719751	416	3219	9004.336	5605	8110.201	-0.948982655236503	-1.44410840323568
chr3	143719752	143727284	28	296	604.304	188	540.323	0.495413480083011	-0.989778403365664
chr3	143727285	143763802	183	2219	3947.9028	3525	3549.0052	-0.819384008431028	-0.791277890305648
chr3	143796746	143862110	219	4098	4743.2176	3163	4228.5967	0.209940707394835	-0.171047158522425
chr3	143862111	143931018	493	20561	10671.41	9498	9554.117	0.956659773830883	0.986058534672259
chr3	143931019	143943669	103	2136	2219.7442	2011	2002.6015	-0.0595181372828412	-0.0155828729408058
chr3	143943670	144071376	770	26641	16659.5547	12121	15010.3075	0.987744565041531	0.717197309884986
chr3	144071377	144379820	1613	29870	34878.0471	27225	31278.0777	-0.021400860975146	-0.183723112811268
chr3	144379821	144384523	61	585	1319.57	1224	1182	-1.22193151337179	-1.13366044202576
chr3	144384524	144539392	1883	39656	40776.4	37620	36602.4	-0.0777554839303413	-0.000296334591050988
chr3	144539393	144545155	70	765	1518.78	1430	1354.88	-1.06522995714908	-0.949482340892229
chr3	144545156	151772070	79638	1711558	1736267.3133	1461750	1495980.9237	0.0147176524689298	0.0192200141116054
chr3	151772071	151773375	17	202	369.24	0	328.269	32.3510787556625	-0.830304644244264
chr3	151773376	160754644	99439	2141290	2169180.4841	1838061	1866867.7124	0.00576651856696985	0.0212290130031576
chr3	160754676	160797075	137	1726	2975.11	2513	2604.94	-0.731669711014117	-0.745611633994725
chr3	160797076	168951417	89735	1898479	1965216.4329	1622361	1661784.8971	-0.0132040302739977	-0.00994525502892839
chr3	168951418	168952842	19	213	411.44	0	363.832	32.2714536838388	-0.909929716053012
chr3	168952843	174800740	60467	1271435	1323164.4836	1098390	1125010.2622	-0.020985577897586	-0.0176357946017916
chr3	174800741	174803817	41	468	900.663	834	759.666	-1.07715963320119	-0.904579953415445
chr3	174803818	177699918	32414	702847	709594.0665	586529	599502.2097	0.0197807155192359	0.0261156349014451
chr4	784	16163151	170383	3604543	3702736.0134	3175102	3247429.2385	-0.00427882259622808	0.0011235757130773
chr4	16163152	16164276	15	143	324.877	1	280.687	6.9509412964641	-1.14397955085781
chr4	16164277	16165057	10	179	221.576	187	184.111	-0.328303118294719	-0.267943124676671
chr4	16165058	16166910	24	288	523.923	0	448.767	32.3579963267538	-0.823387073154251
chr4	16166911	42713107	275145	5793376	5961564.5344	5194245	5320080.4006	-0.00475134723257739	-0.0013877831738944
chr4	42713108	42718689	73	806	1579.72	1	1424.53	9.50745432258875	-0.930918212101175
chr4	42718690	43045805	3710	79844	80325.314	71731	71858.501	-0.00410725694507945	0.0312281949880865
chr4	43045806	43046480	9	105	195.01	0	174.414	32.3281235336431	-0.853259866259442
chr4	43046481	43326285	3108	67262	67339.219	61118	60009.347	-0.0260640512266859	0.0382436005499063
chr4	43326286	43328422	26	280	562.771	0	508.196	32.2141611519985	-0.967222247881981
chr4	43328423	47285511	41876	880496	907236.0679	790392	810872.6555	-0.00425316581720555	-0.00326263469310024
chr4	47285512	47290610	25	304	544.618	1	495.497	8.11356046264364	-0.801274429286907
chr4	47290611	47383093	1007	20746	21804.5437	18951	19715.8092	-0.0127152901873316	-0.0318966877653998
chr4	47383094	47385344	30	355	648.018	0	592.765	32.3530674493924	-0.828315950514688
chr4	47385345	49089014	18671	387482	404521.7252	347714	362551.1237	0.000196760597799881	-0.0221889804700979
chr4	49089015	49089464	6	76	130.164	0	113.261	32.4450231443685	-0.736360255554882
chr4	49089465	65100373	185840	3943293	4036630.1681	3469249	3554075.3548	0.00310173890468072	0.00614840907608245
chr4	65100374	65101573	16	159	347.036	0	309.188	32.0952237482469	-1.08615965160873
chr4	65101574	71856741	70623	1494448	1533089.7259	1303353	1350755.2036	0.0167102906037281	0.00306947591421503
chr4	71856742	71860217	39	0	848.364	444	753.577	-33.2172795855566	-33.1793820368534
chr4	71860218	105073288	330840	6989141	7181151.5673	6159691	6342552.9755	0.0051069868577191	0.000798851566317073
chr4	105073289	105075594	19	0	413.235	228	369.875	-33.2172795855566	-33.1793820368534
chr4	105075595	108722903	38843	801943	841023.8013	731936	755615.1227	-0.0207114991746623	-0.0287480203624249
chr4	108722904	108725783	38	429	822.428	759	736.945	-0.979453305650503	-0.899012822668621
chr4	108725784	136874132	312337	6716796	6797518.043	5873408	5931548.4305	-0.00102258938663303	0.0226640490780934
chr4	136874133	136874507	5	3	109.051	82	99.7993	-4.89848953449402	-5.14399777137279
chr4	136874508	142137834	58954	1236369	1277171.872	1099956	1137803.8007	0.00396405534276427	-0.0069443863125242
chr4	142137835	142139490	22	4	477.017	157	434.578	-5.42704492024876	-6.85799794266874
chr4	142139491	168430186	268136	5719688	5839326.5088	4943943	5080128.7854	0.0113387941491057	0.010033382182954
chr4	168430187	168432051	23	237	501.436	419	438.484	-1.01360319719102	-1.04127960501216
chr4	168432052	184224823	182464	3871624	3970784.2251	3408227	3461211.0108	-0.0122282834183176	0.00341379551786689
chr5	34651	4579595	44949	941034	975114.0162	833447	863108.7011	0.0011291017552376	-0.0114251559988432
chr5	4579596	4580779	15	164	325.996	3	288.766	5.59963747661947	-0.951259535417769
chr5	4580780	15302495	110255	2294590	2391117.6307	2045763	2121411.7428	-0.00506170775996379	-0.0195497985619529
chr5	15302496	15307332	64	725	1376.3	0	1251.27	32.2965402356046	-0.884843164292033
chr5	15307333	16367766	11675	248695	252714.9758	221771	225704.9323	0.00423492826975306	0.0167652542913387
chr5	16367767	16374391	58	593	1260.74	3	1128.02	7.46844896800505	-1.04826785988977
chr5	16374392	19587963	31289	655141	678450.0185	579356	601377.9982	0.00538623106876638	-0.010538185745999
chr5	19587964	19588939	10	130	217.012	0	186.584	32.4820191146095	-0.699364285320085
chr5	19588940	29038126	101596	2119041	2204313.3844	1885624	1947812.0845	-0.00810400587549094	-0.0170189306343922
chr5	29038127	29045806	32	302	693.4981	546	618.3468	-1.01782676701246	-1.15944446805246
chr5	29045807	29949655	10249	217159	222210.3771	192152	197702.0924	0.00990706485296753	0.00672446631695813
chr5	29949656	29960406	78	692	1694.42	1292	1499.028	-1.07552495561671	-1.25204866797258
chr5	29960407	33370633	35296	728742	764102.1569	661468	687348.2478	-0.0109861616648463	-0.0284584798421821
chr5	33370634	33384309	71	1015	1549.032	525	1358.4657	0.763702954135068	-0.569988308068937
chr5	33384310	34381717	10636	220635	230391.7808	196929	205155.3188	-0.00138524048366056	-0.022528669370969
chr5	34381718	34384042	31	290	668.666	0	599.631	32.0160494506952	-1.16533394914262
chr5	34384043	35214378	9432	197842	204222.1218	179319	183219.219	-0.0127465726218107	-0.00589150925668438
chr5	35214379	35215128	10	244	215.79	1	196.557	7.7980584060744	0.217152049997357
chr5	35215129	35492409	2248	48408	48736.6628	40459	43508.3806	0.097072043939181	0.03013693477732
chr5	35492410	35586744	26	489	572.11	133	487.219	1.64868741548645	-0.186559184317545
chr5	35586745	35601224	172	3652	3727.48	3131	3342.43	0.0667613549705777	0.0103850658201022
chr5	35601225	35602346	11	277	239.895	7	215.16	5.15139540827565	0.247381799776915
chr5	35602347	41166453	61126	1260339	1323609.226	1138699	1182757.8807	-0.0138957209424381	-0.0307665055100605
chr5	41166454	41174281	64	2712	1378.51	1196	1255.88	1.04873003971458	1.01614635757001
chr5	41174282	42153635	10841	221118	234688.5536	204190	211665.5481	-0.0320553905748443	-0.0460320954353959
chr5	42153636	42155136	12	170	260.383	2	238.712	6.28602811417489	-0.57520160166474
chr5	42155137	43399885	14439	306282	312596.8303	279920	282066.0263	-0.0164228631869392	0.0104563456867772
chr5	43399886	43401274	15	159	325.146	3	299.063	5.60928355951354	-0.992161997788895
chr5	43401275	44905041	16172	336005	349972.1514	306654	314683.2849	-0.0194672820325409	-0.0188585122649369
chr5	44905042	44906627	20	208	431.775	0	387.943	32.1675861275814	-1.01379727228955
chr5	44906628	45649021	6617	133566	143249.4168	124403	129010.6306	-0.046506420716492	-0.061077545133289
chr5	45649022	45650473	17	192	366.78	2	325.627	6.41526919606104	-0.893909749694316
chr5	45650474	61193894	167119	3519269	3631871.1076	3098178	3190474.1194	-0.00108505011881142	-0.00553829858221162
chr5	61193895	61194281	5	2	107.626	90	94.6505	-5.67519633594262	-5.70998391238276
chr5	61194282	68765794	79835	1672479	1735617.0658	1477525	1522844.8114	-0.00787283015137927	-0.0135616685566001
chr5	68765795	68769360	46	472	998.681	840	900.049	-0.979621482874267	-1.04133815213894
chr5	68769361	68987107	2408	51716	52186.675	46154	46437.9196	-0.00222177375603734	0.0268281200386937
chr5	68987108	68989963	38	392	825.684	0	719.354	32.1465462174041	-1.03483718246245
chr5	68989964	68990263	4	97	85.8646	63	78.3753	0.492969878158554	0.215820195497021
chr5	68990264	68992157	25	244	538.038	0	489.017	32.0804553904023	-1.10092800945009
chr5	68992158	108800490	426810	8944923	9258563.4855	7949461	8207998.4484	-0.00154452853701195	-0.00982039373316141
chr5	108800491	108806374	40	2	864.915	402	782.656	-7.79323031362192	-8.71651557342675
chr5	108806375	110371114	18040	380290	390750.3027	341150	349443.3551	-0.00249322791190614	0.000751924099878253
chr5	110371115	110371414	4	0	86.6668	56	79.5909	-33.2172795855566	-33.1793820368534
chr5	110371415	134388605	265708	5640754	5771345.8099	4928867	5074383.9182	0.0109582294489974	0.00687915523267143
chr5	134388606	134466455	99	1494	2152.9032	1887	1889.698	-0.523040675005987	-0.48720439337215
chr5	134466456	137799331	36066	778649	787481.2656	662698	674537.7695	0.011276558228983	0.0236264460111562
chr5	137799332	137801945	30	0	650.168	113	586.746	-33.2172795855566	-33.1793820368534
chr5	137801946	147656772	114710	2444442	2506285.1333	2090584	2141056.371	0.000372750380629412	0.00385353114670604
chr5	147656773	147657597	9	105	195.032	0	171.144	32.3279607855753	-0.853422614327226
chr5	147657598	155090118	88103	1882163	1928745.1399	1579720	1630279.48	0.0121808559584715	0.00462796516420445
chr5	155090119	155090418	4	43	86.4256	0	73.981	32.214160257735	-0.967223142145466
chr5	155090419	173707145	208800	4483464	4578370.6148	3797230	3848701.8666	-0.00879454231166294	0.00967847339421409
chr6	0	123769	1366	27971	29609.9496	24900	26652.631	0.0179833740009057	-0.042251289709982
chr6	123770	126156	29	345	632.757	1	564.06	8.26665090373845	-0.835156288349087
chr6	126157	1631413	17854	379233	388046.4756	333653	341006.8564	0.000308692569237624	0.00675397028873873
chr6	1631414	1638854	20	139	436.078	5	370.906	4.56548172765772	-1.60960241331596
chr6	1638855	3992276	26913	572124	585323.0285	498996	510756.9325	0.00270481837697095	0.00699373727734985
chr6	3992277	3992715	5	79	108.35	0	94.6152	32.7655077171615	-0.415875682811135
chr6	3992716	4939096	10660	224855	230939.9406	199664	205527.7985	0.0052379258978619	0.00137617118854188
chr6	4939097	4941203	28	0	605.203	294	543.379	-33.2172795855566	-33.1793820368534
chr6	4941204	16010398	122773	2601136	2671167.0389	2281078	2333143.2081	-0.00376791770994641	0.00157054815050442
chr6	16010399	17418429	1983	35265	42982.2743	30022	38598.0352	0.0790039024347646	-0.245605869492362
chr6	17418430	20950165	36028	746249	780121.4173	679541	700835.9504	-0.0175240410203538	-0.0241426757443075
chr6	20950166	20951065	12	0	259.413	113	237.351	-33.2172795855566	-33.1793820368534
chr6	20951066	31054315	111148	2383228	2421775.8482	2051250	2098720.6121	0.0118597918566301	0.0167505508714011
chr6	31054316	31059423	2	738	44.5491	23	38.1422	4.78190818609629	4.09005153710351
chr6	31059424	40704181	109679	2322289	2378843.4943	2061583	2106329.1997	-0.00173308637419309	0.00518607441741412
chr6	40704182	40705150	12	1	260.92	104	236.819	-6.83826103915112	-7.98756477374557
chr6	40705151	51047447	124448	2662940	2708156.5636	2315971	2358897.4974	0.00420568119785594	0.0156076887913909
chr6	51047448	51060142	167	1835	3606.96	2	3222.18	9.6808191436975	-0.935104448828446
chr6	51060143	51507905	5575	118721	121094.0644	105032	106440.6911	-0.00733079530860667	0.0113459102787005
chr6	51507906	51508430	7	165	154.299	0	128.362	33.3180196247189	0.136636224683315
chr6	51508431	52198940	7945	164509	172321.7404	145988	151944.4362	-0.00724278749069537	-0.0270393002569083
chr6	52198941	52204143	69	0	1499.7	684	1311.91	-33.2172795855566	-33.1793820368534
chr6	52204144	105321354	580811	12216923	12597632.5832	10859314	11177702.3132	-0.000579618538131968	-0.0043727594661211
chr6	105321355	105323785	22	0	476.363	195	424.942	-33.2172795855566	-33.1793820368534
chr6	105323786	131118074	295910	6299359	6439650.0587	5500399	5622737.3519	0.00196048572511802	0.00812165279598333
chr6	131118075	131119124	14	3	304.724	284	262.962	-6.77543203641658	-6.62649789324522
chr6	131119125	144703195	117228	2489061	2557682.1302	2134147	2198419.3531	0.00557303116165335	0.000663522765438337
chr6	144703196	144703870	9	87	196.652	0	169.469	32.04472475934	-1.13665864050434
chr6	144703871	147989969	38418	818553	834530.0617	718364	733727.4326	0.00464234829606994	0.0120107243608472
chr7	794	1179415	2334	36059	50584.6377	33698	45052.1629	-0.0674051601334342	-0.44844101195397
chr7	1179416	4674396	18539	354077	403488.9503	299455	349797.888	0.0377176881623194	-0.148567120368187
chr7	4674397	10904028	27626	474192	598860.2726	432420	535563.3645	-0.0261227180739312	-0.296849193684528
chr7	10904029	12788577	23290	531607	510889.1331	410412	413857.7597	0.0714133091248848	0.0972487646341157
chr7	12788578	28202450	107649	2233684	2344793.7749	1955136	2034325.4637	-0.0107530346486277	-0.0301370290982574
chr7	28202451	28203125	9	3	195.252	101	173.426	-5.24226473631144	-5.98433209386145
chr7	28203126	58224407	336266	7094221	7293743.9676	6325126	6470428.8193	-0.00524681156682962	-0.000116371472115427
chr7	58224408	58241193	83	8	1804.384	635	1587.19	-6.49364296286463	-7.77739173853046
chr7	58241194	64512559	72810	1555155	1583925.5536	1361857	1382824.8837	-0.00240153950593524	0.0134527623569143
chr7	64512560	64517482	65	937	1407.39	351	1253.18	1.25115086336635	-0.54700230207605
chr7	64517483	64524406	90	992	1948.17	0	1729.22	32.2475747634439	-0.933808636443196
chr7	64524407	67054937	27375	581127	594794.0328	508789	521880.818	0.00511757141561786	0.0063622242858373
chr7	67054938	67055999	10	122	218.203	0	187.46	32.3824925230498	-0.798890876862627
chr7	67056000	87181300	224998	4746363	4883285.6875	4199561	4316873.1129	0.000719786042228083	-0.00113082894393143
chr7	87181301	87183441	28	342	606.254	0	553.558	32.3953562763335	-0.786027123581246
chr7	87183442	87741381	5112	106641	110741.4722	97424	100009.5588	-0.0146432543192975	-0.0145344800393918
chr7	87741387	87743708	29	278	628.304	0	560.662	32.0449044303319	-1.1364789695125
chr7	87743709	88068911	2059	43675	44612.3735	39439	40258.9546	0.00105189966354999	0.00926270984352069
chr7	88068912	88070793	25	241	541.674	0	495.014	32.0528906145995	-1.1284927852467
chr7	88070794	117081234	313676	6633070	6811641.6065	5789647	6005268.2219	0.0164288805078323	0.00157313331800205
chr7	117081235	117092214	139	4532	3026.96	2626	2616.96	0.579304570602372	0.622177162590215
chr7	117092215	119779235	26091	573096	571912.878	476490	480837.563	0.0180864652447647	0.0428803472996269
chr7	119779236	119780365	15	0	329.617	125	264.448	-33.2172795855566	-33.1793820368534
chr7	119780366	125149592	66431	1455099	1455153.8606	1218889	1226932.9801	0.011436666181136	0.0398445202477901
chr7	125149593	125153717	53	404	1151.315	1	997.879	8.45386688713283	-1.47095649859075
chr7	125153718	139588389	170552	3636340	3718187.1814	3150066	3209606.8677	-0.00309639653053826	0.0077866104668889
chr7	139588390	139591638	17	129	368.744	23	331.316	2.33525496193502	-1.47534959672975
chr7	139591639	145280771	66151	1433845	1445611.0057	1205774	1227642.6883	0.0161422361246677	0.0281085930794264
chr7	145280772	145442654	101	3265	2197.9618	968	1912.1298	1.55501954967195	0.610815591045685
chr7	145442655	145481306	49	258	1063.3832	248	947.7899	-0.106990078874843	-2.0033196957292
chr7	145481307	145677524	66	1134	1435.408	249	1279.9602	2.02384243975613	-0.300141313974947
chr7	145677525	145729228	580	11211	12594.546	9396	11078.3591	0.0717428053759427	-0.127985235942535
chr8	510	4283987	38863	800822	841104.8967	736209	756337.6586	-0.0298876960122318	-0.0309052142212802
chr8	4283988	4290397	22	1041	478.9877	142	426.7484	2.70940573164751	1.15980846636557
chr8	4290398	4322821	195	8261	4214.609	105	3799.985	6.15045148539361	1.0108165486974
chr8	4322822	4324198	5	344	107.522	66	97.0958	2.23672091618649	1.71767559816769
chr8	4324199	4328222	26	1156	558.773	22	513.183	5.59470649229982	1.08870609363758
chr8	4328223	4329114	5	260	108.259	70	96.5277	1.72961410116873	1.30392356843617
chr8	4329115	4339180	63	2827	1368.38	93	1237.66	4.7830448383311	1.08670187206207
chr8	4339181	4377022	8	260	172.181	68	154.791	1.78330197466138	0.634484583796859
chr8	4377023	4420836	14	263	303.8662	1	268.9357	7.86474538474193	-0.168474496540674
chr8	4420837	23498412	189242	4017567	4109415.7923	3561748	3624830.8683	-0.0052816285531269	0.00728768540712961
chr8	23498413	23853473	2198	42057	47800.1919	38726	41540.2864	-0.0814604335430637	-0.144771554160057
chr8	23853474	25789142	21994	475684	477419.2374	419421	420640.0287	0.000935210836451939	0.0346457117571066
chr8	25789143	25793137	13	120	281.647	282	251.942	-1.39145585117803	-1.19095478641105
chr8	25793138	37996372	139586	3005977	3033287.771	2617954	2660987.6872	0.0124750464392711	0.0268505084377973
chr8	37996373	37998354	26	0	561.985	245	509.638	-33.2172795855566	-33.1793820368534
chr8	37998355	41412899	24148	497490	524545.5545	437279	461558.866	0.00356141114764761	-0.0365016313911003
chr8	41412900	41416849	32	7	694.89	225	619.335	-5.17048954230977	-6.59338696091713
chr8	41416850	60663278	206531	4424712	4500418.4406	3821875	3900542.6127	0.0069200118549508	0.0154233200660871
chr8	60663279	60664255	4	113	86.1549	2	76.0329	5.64187128769641	0.431216928597605
chr8	60664256	61302942	7972	175171	173766.9145	148995	150344.4331	0.0266194313953547	0.0515094482313145
chr8	61302943	61303242	4	3	88.9693	82	70.2624	-5.11114288069461	-4.85037427935752
chr8	61303243	66101999	57706	1241864	1259486.9853	1054768	1082161.7975	0.0186628470482383	0.0195698865073502
chr8	66102000	66225106	1469	29391	32233.429	26424	27268.8934	-0.0857745807351422	-0.0932843125208837
chr8	66225107	77172985	117775	2528606	2567370.0771	2169377	2219020.1569	0.0126943336152428	0.0179498999838089
chr8	77172986	77176062	41	439	884.588	805	803.349	-1.01174527540031	-0.970885819220058
chr8	77176063	106431802	319698	6745039	6939399.6684	5939038	6127317.9177	0.00604373282004789	-0.00108516272578485
chr8	106431803	106440821	56	477	1222.295	705	1054.624	-0.774496414993898	-1.3176324368361
chr8	106440822	122447549	183055	3907354	3989019.0861	3355567	3449699.311	0.0120733574732349	0.0100568532182547
chr8	122447550	122448439	10	4	217.094	100	189.504	-4.83794637544921	-5.72227712351523
chr8	122448440	133306290	122474	2594585	2673647.3086	2244886	2294098.1704	-0.0100190573659201	-0.00340645408367267
chr9	501	9854046	73115	1485790	1585115.9699	1325239	1407326.8988	-0.0046518937603253	-0.0534592609021131
chr9	9854047	11722057	17315	381473	379602.1925	311873	317845.9953	0.0364632400881289	0.0469915362970983
chr9	11722058	11887621	415	5785	8977.1256	4369	7932.8406	0.228599196842552	-0.594037708528426
chr9	11887622	63540492	553682	11700219	12028646.7363	10340372	10588058.152	-0.00378751105960004	-3.98975245137489e-05
chr9	63540493	63540874	5	4	108.263	57	98.4048	-3.96862832573509	-4.71849754507846
chr9	63540875	63804622	3319	70291	72184.1647	63321	63187.0513	-0.0393961368359529	0.0015565092233024
chr9	63804623	63805646	12	7	259.799	90	233.71	-3.8351732213653	-5.17399822801889
chr9	63805647	101201615	430628	9241964	9364190.1113	8054504	8189199.8653	0.00697335767397434	0.0209441577196552
chr9	101201616	101204025	8	0	173.57	76	154.845	-33.2172795855566	-33.1793820368534
chr9	101204026	101221212	109	2230	2360.76	2008	2105.53	-0.0117821458826565	-0.0423087591847979
chr9	101221213	101246227	200	2335	4341.601	3632	3855.797	-0.806538336807038	-0.854905683865226
chr9	101246228	104609967	33219	697925	719398.9594	623727	644482.6416	0.0055080912840608	-0.00382114973817957
chr9	104609968	104610793	11	0	237.251	121	210.62	-33.2172795855566	-33.1793820368534
chr9	104610794	120358723	170110	3596368	3695552.0728	3185794	3249365.9771	-0.00874262453554497	0.000649662555112757
chr9	120358724	120360898	29	0	624.279	616	561.74	-33.2172795855566	-33.1793820368534
chr9	120360899	121315350	8642	177451	186970.9566	160012	168147.1406	-0.00184797422694766	-0.0354945677288708
chr9	121315351	121319284	52	1157	1131.14	0	1014.67	33.2538936754198	0.0725102753903688
chr9	121319285	122094282	7013	142890	151982.2191	127609	135597.17	0.000600755758395003	-0.0490986811912254
chr10	1186	491742	909	11101	19827.4822	9415	17154.4079	0.0307358492674255	-0.796912932520824
chr10	494889	5729842	49135	1061542	1071554.5844	909781	924941.9172	0.0123009413387934	0.0263550229143881
chr10	5729843	5733943	54	6	1178.5	507	1006.82	-6.62602403722384	-7.57787460217187
chr10	5733944	18803519	154312	3339444	3369712.8563	2849434	2887615.9674	0.00818713473881004	0.0268811735442402
chr10	18803520	18806522	39	438	850.662	714	743.025	-0.898167096918819	-0.917756226649205
chr10	18806523	41295276	260046	5533183	5653958.0597	4818303	4951353.4387	0.0101476360835274	0.00874736977019224
chr10	41295277	41295954	9	91	193.725	3	173.303	4.76411997909529	-1.05017278142577
chr10	41295955	56008466	168499	3624279	3672669.0569	3105985	3174954.9933	0.0145517603575436	0.0207640305731977
chr10	56008467	56026400	173	2847	3798.371	1687	3065.414	0.447684987738345	-0.376039420078686
chr10	56026401	57042140	12686	276468	277245.25	231706	234894.4697	0.0176684686396053	0.0358486733200633
chr10	57042141	57042590	6	0	130.488	72	111.823	-33.2172795855566	-33.1793820368534
chr10	57042591	74768302	199084	4289912	4338898.6721	3658307	3749627.4397	0.0211916306973781	0.0235180710839914
chr10	74769747	74777841	95	3097	2064.57	1792	1799.04	0.592688038382897	0.624928960683253
chr10	74777842	86688654	141039	2997583	3073603.2807	2576667	2656235.6873	0.00974716259445159	0.00376764908776525
chr10	86688655	86710855	292	6704	6371.63	4250	5348.88	0.407135016667754	0.113258569074553
chr10	86710856	112626397	289251	6206163	6321906.087	5272446	5388684.0327	0.00680393019094862	0.0132408968651397
chr11	797	8860931	89986	1881837	1948646.723	1701487	1752293.8103	-0.00588096297262146	-0.0104319800344324
chr11	8860932	8862446	19	0	409.281	134	368.062	-33.2172795855566	-33.1793820368534
chr11	8862447	10646262	20418	424344	442272.2807	387175	395166.8405	-0.0282230913277078	-0.0198016337097303
chr11	10646263	10648223	24	137	519.255	3	460.713	5.34249602753128	-1.88236839735461
chr11	10648224	12596824	23608	503182	511108.9975	453294	459196.2696	-0.001885453962926	0.0173482381346398
chr11	12596859	12598283	19	203	413.769	0	364.607	32.193936478554	-0.987446921322426
chr11	12598284	20079742	79996	1674607	1732526.0355	1502879	1552857.3577	0.000143344882509804	-0.00915555958788691
chr11	20079743	20084656	29	0	627.967	283	555.19	-33.2172795855566	-33.1793820368534
chr11	20084657	40567498	213138	4540947	4634967.1647	3996303	4066101.5006	-0.00258430023773183	0.0103329920415838
chr11	40567499	40572702	18	1	388.885	335	349.907	-8.53838793050863	-8.56330081013039
chr11	40572703	40685982	1276	26492	27642.6151	24703	24954.7212	-0.0447094516238096	-0.0214384312874826
chr11	40685983	40691989	5	1	106.756	102	96.6663	-6.81365619113547	-6.69827441816577
chr11	40691990	40874959	1967	41649	42602.439	38810	38420.693	-0.0451976992667424	0.00724474134871412
chr11	40874960	40878262	44	0	950.567	829	861.564	-33.2172795855566	-33.1793820368534
chr11	40878263	46701593	59551	1256795	1290601.2411	1118787	1151822.8152	0.00569080043202258	0.00160494038906137
chr11	46701594	46706378	16	145	348.537	1	303.049	6.98014967368515	-1.22536000527436
chr11	46706379	47462957	6642	141318	144086.4604	123048	127088.7134	0.0206265294977735	0.0119093750637182
chr11	47462958	47473156	35	230	760.406	2	672.856	6.67101923230702	-1.68523714198099
chr11	47473157	90463331	473287	10070933	10283587.7838	8832632	9040387.56	0.00539623935219272	0.00975257088203325
chr12	322	8204082	63273	1302371	1379674.8796	1138467	1190595.9637	-0.0165950572604127	-0.0432889433118089
chr12	8204083	8204382	4	0	87.8614	52	77.6114	-33.2172795855566	-33.1793820368534
chr12	8204383	9284479	7529	160095	164546.205	137195	141390.1253	0.00589032255593066	0.000334409910264746
chr12	9284480	9285890	17	178	368.771	0	330.291	32.1704343460999	-1.01094905377164
chr12	9285891	20616963	115252	2419142	2519581.9297	2069082	2146499.8786	-0.00369228103322407	-0.0187900014405561
chr12	20616964	20802923	206	2023	4492.285	3163	3888.542	-0.851016009440578	-1.11105422601014
chr12	20815326	35017295	146190	3074182	3191977.3782	2676193	2735419.2917	-0.0206666580689151	-0.0143489358732966
chr12	35017296	35049419	16	257	342.811	10	303.844	4.51161521365783	-0.375746131257463
chr12	35049420	36537502	4561	92101	99943.752	79597	85047.1528	-0.0203493140077583	-0.078000646622913
chr12	36537503	36537802	4	62	87.9078	0	72.6169	32.7175593472809	-0.463824052684994
chr12	36537803	36708850	2021	44894	44311.7	36238	37306	0.0627406778216019	0.0587338802079811
chr12	36708851	36709453	8	138	173.042	0	151.932	32.894828334178	-0.286555065811578
chr12	36709454	49092886	148181	3174949	3248279.1376	2691413	2732669.8686	-0.00899344464345058	0.0069567154700869
chr12	49092887	49306108	135	1562	2935.936	825	2573.265	0.732709308874065	-0.870527153673831
chr12	49306109	52716696	41248	883516	904093.4025	753893	760784.1532	-0.0180867819493067	0.00668334747423547
chr13	0	28273732	245130	5082031	5307149.9519	4610501	4757804.2465	-0.0151583875484998	-0.0226332243146313
chr13	28273733	28278308	59	616	1284.13	0	1139.48	32.1614933059022	-1.0198900939675
chr13	28278309	30937553	24651	513335	533754.1807	470405	481010.9153	-0.0221072346647704	-0.0163759235527217
chr13	30937554	30938078	7	72	152.268	2	139.488	5.0454545856383	-1.04064505898779
chr13	30938079	33517306	23372	498428	506009.9846	461950	456266.466	-0.0376394555569491	0.0181181760448605
chr13	33539748	33818936	148	1555	3186.0262	2124	2869.6914	-0.598730352087984	-0.994944638113284
chr13	33820044	33889900	457	10219	9889.11	9097	8825.29	0.00559562963665718	0.0872403453415145
chr13	33889901	33898282	61	559	1315.218	0	1189.998	31.9869005514608	-1.19448284837025
chr13	33898283	33909395	125	2241	2705.917	1691	2419.5437	0.246884761210839	-0.232076026414809
chr13	33909396	33955505	335	3070	7263.141	51	6487.8795	5.75075238024869	-1.20245601953959
chr13	33955506	33962089	2	30	45.3128	17	37.4081	0.544861167462816	-0.555057228660179
chr13	33962090	34029634	360	3613	7819.566	15	6920.3	7.73783828409061	-1.07399237047802
chr13	34029635	46159166	134912	2838682	2933618.9849	2513591	2568510.5884	-0.0142768014519572	-0.00756135351137981
chr13	46159167	46159621	6	0	128.593	53	116.701	-33.2172795855566	-33.1793820368534
chr13	46159622	53504856	89847	1932066	1962210.7575	1646455	1681997.6411	0.0104783348948098	0.0175632829734696
chr13	53504857	53512425	99	289	2159.584	539	1798.331	-1.16130926324646	-2.86171312231404
chr13	53512426	69883462	182007	3775098	3945003.7196	3389671	3523427.3707	-0.0056769775554086	-0.0236136516358825
chr13	69883463	69884287	11	150	236.4	6	211.554	4.48565347649611	-0.616368622546716
chr13	69884288	76101517	73508	1556795	1600017.9804	1351307	1394201.0914	0.00757541532122592	0.000389776197725497
chr13	76101518	76103317	24	243	518.258	0	460.485	32.1285681446026	-1.05281525526015
chr13	76103318	82450357	74623	1582282	1619557.4794	1388610	1430965.7184	0.0117560806960569	0.00630598575179177
chr13	82450358	82450882	7	0	151.385	62	135.552	-33.2172795855566	-33.1793820368534
chr13	82450883	83798428	16924	360304	368031.0265	312162	321943.9132	0.0159030828955009	0.00928618402067525
chr13	83798429	83799423	12	127	259.458	5	228.674	4.48654927082333	-0.990773610597393
chr13	83799424	89932420	71104	1514928	1547327.0666	1319887	1349257.4826	0.00322367990750632	0.00936996150836934
chr13	89932421	89933784	17	2	370.308	163	324.911	-6.53540790756049	-7.49268296835014
chr13	89933785	89935949	24	214	521.652	335	454.29	-0.844023076317265	-1.24557798036147
chr13	89935950	91030159	11473	246671	250323.5729	210213	214925.9225	0.012782929506395	0.0186928709999112
chr13	91032572	91057725	330	9259	7174.86	6457	6273.95	0.328417073037472	0.40780461723738
chr13	91057726	109052183	208462	4455890	4537831.7234	3890010	3948390.8125	-0.00279719786790148	0.0136094198171069
chr13	109052184	109279577	2861	56801	62734.9712	51230	53360.4449	-0.0825703923595241	-0.103454646946922
chr13	109279578	114025099	54699	1179466	1191610.7295	1017760	1032634.276	0.00815416973605732	0.0251197242716271
chr14	322	693411	275	2292	5963.7634	2209	5264.8185	-0.124624237815088	-1.33971706631914
chr14	693412	748812	99	1439	2158.968	2384	1896.023	-0.913681675112411	-0.545376355727607
chr14	748813	1431336	4491	76683	97216.0126	71000	87116.697	-0.0451555880972738	-0.302388270364853
chr14	1431337	16030441	152066	3225841	3309331.1727	2822961	2879688.7098	-0.00615930978703267	0.00303456991273805
chr14	16037865	16101990	59	422	1286.663	701	1123.045	-0.926388580245916	-1.56842041895405
chr14	16101991	17278107	12889	275953	280870.1887	236046	242844.4972	0.0174851869225167	0.0144179756372684
chr14	17278108	17279137	13	0	285.795	126	244.957	-33.2172795855566	-33.1793820368534
chr14	17279138	46639902	323844	6831706	7027721.7073	6053288	6219884.395	0.000358964678628167	-0.000912260193624066
chr14	46639903	46664752	51	91	1100.6937	6	953.8545	3.71826154781161	-3.55650378364157
chr14	46670939	62269526	154549	3215066	3349831.187	2898937	2996995.9032	-0.00924554542485812	-0.019341127359805
chr14	62269527	62270651	15	160	323.884	0	288.564	32.2038770171258	-0.977506382752666
chr14	62270652	62365378	1094	21585	23674.0937	19575	21240.4416	-0.0134772875555215	-0.0933811920128949
chr14	62365379	62386761	94	584	2039.504	7	1821.664	6.22150950923163	-1.76427914989301
chr14	62386762	95519623	354559	7565755	7709310.9694	6602961	6750126.7445	0.00668496558604238	0.0127810478819546
chr14	95519624	95528065	14	147	306.428	11	262.746	3.52036275688401	-1.01983306282909
chr14	95528066	95531139	9	244	195.359	126	170.454	0.758713511880871	0.360652339307448
chr14	95531140	95550871	32	373	694.788	27	609.094	3.60023773428673	-0.857498294050886
chr14	95550872	95572277	126	1200	2729.056	4	2448.897	8.07455006237386	-1.14546868071481
chr14	95572278	101960846	40785	847432	883776.5678	757898	789093.7221	-0.000389747196380325	-0.0206851606837073
chr14	101960847	101993679	34	329	730.8232	32	663.007	3.22344680332943	-1.11153593677981
chr14	101993680	102173977	60	895	1304.0655	969	1156.4751	-0.285889750628791	-0.503157834689517
chr14	102173978	102218126	51	508	1108.687	13	974.0491	5.10346059677287	-1.08605281274646
chr14	102218127	102568289	3135	63103	67939.6252	56207	60536.8916	0.00252148274114316	-0.0666457527347626
chr14	102568290	102571152	37	371	802.995	725	708.858	-1.14445479679235	-1.07407290537891
chr14	102571153	115493372	144576	3041111	3140377.242	2676091	2762457.089	0.0014868425361035	-0.00644048758457182
chr15	0	20651720	219717	4648795	4774799.636	4081494	4187943.6928	0.000562685303878884	0.00131552537342365
chr15	20651721	20651945	3	0	64.8948	40	57.5795	-33.2172795855566	-33.1793820368534
chr15	20651946	29234041	66421	1402934	1445146.1173	1233942	1259874.8713	-0.0107609953812523	-0.00286931738082929
chr15	29234042	29313377	34	275	735.7237	735	650.9306	-1.59297159722165	-1.37983353485785
chr15	29313378	29353834	22	326	473.0415	337	424.2178	-0.203036863598883	-0.497195880278004
chr15	29353835	29423819	101	1641	2188.7	4852	1953.338	-1.72613555846426	-0.375600070164093
chr15	29423820	29895296	187	1818	4046.1179	2880	3574.3331	-0.840579519415736	-1.11428724738698
chr15	29905967	29952152	52	900	1133.67	732	986.952	0.100133795526121	-0.29310492853455
chr15	29952153	30092900	95	900	2058.9927	1883	1814.8027	-1.24516073369771	-1.1540428961099
chr15	30092901	30297609	101	1850	2192.6946	2715	1947.2281	-0.722708557775909	-0.20528070352125
chr15	30297610	30406828	70	391	1515.804	1209	1351.961	-1.79160205234174	-1.91494379364783
chr15	30406829	30571143	356	6319	7717.5363	5777	6861.7155	-0.0381939190456606	-0.248545185673269
chr15	30571144	30721414	219	1854	4748.8483	4440	4220.4842	-1.42808621636934	-1.3170375142812
chr15	30721415	30985145	197	3591	4273.9251	3364	3760.3418	-0.0884885113904611	-0.211277059975584
chr15	30985146	31018343	64	824	1386.8703	1872	1225.7883	-1.35998586242923	-0.711217718460533
chr15	31018344	31166238	86	1030	1869.5736	1112	1635.1494	-0.301797897027882	-0.820166017581969
chr15	31166239	31614880	399	6197	8636.8186	14726	7681.4095	-1.4158512959207	-0.439031108335807
chr15	31614881	31757918	86	1233	1866.8527	1863	1649.3334	-0.77217855249857	-0.558536387323832
chr15	31757919	31766935	15	314	325.693	232	287.862	0.260505758889197	-0.0128492414657624
chr15	31766936	31909659	111	552	2404.9356	1247	2106.5538	-1.36483342939608	-2.0833591768793
chr15	31909660	31950404	96	1959	2082.52	1809	1852.84	-0.051665693603905	-0.0483140411597784
chr15	31953379	32179805	154	1855	3340.9192	4495	2945.2438	-1.45675859511895	-0.808926992445625
chr15	32179806	34892159	28948	632461	631591.2594	527633	542037.099	0.0428434775338219	0.0418842266782307
chr15	34892160	34893847	22	926	475.906	380	422.744	1.11612177334484	1.00023446214328
chr15	34893848	50016151	156553	3346714	3407207.3299	2897083	2966730.2024	0.0104296074707535	0.0140544414652274
chr15	50016152	50266856	659	11672	14245.549	12531	12889.1165	-0.244806243629372	-0.247560521259573
chr15	50266857	72468242	241168	5102285	5234479.6179	4518553	4630710.8722	0.000471567312597194	0.00299627867280278
chr15	72468243	72481667	144	1519	3116.46	1	2803.37	10.4181610872176	-0.996887413611384
chr15	72481668	73733140	13872	289008	300466.9605	262185	271112.2177	-0.00579058781174872	-0.0161980196381087
chr15	73733141	73736408	32	358	692.646	0	634.443	32.2691236967131	-0.912259703178201
chr15	73736409	74097842	3702	79406	80146.9023	72389	72382.176	-0.0115333816092394	0.0265001742975534
chr15	74097843	74107642	54	2388	1168.3	1144	1066.1	0.93164913486945	1.07129096682275
chr15	74107643	75542225	15352	319053	332457.5764	292578	300135.0666	-0.0205821974170067	-0.0194752440698556
chr15	75542226	75543079	9	111	196.236	0	177.708	32.3992522568053	-0.782131143110134
chr15	75543080	111239624	392151	8227503	8503710.7562	7377784	7569586.0425	-0.00860966135682544	-0.00773896654503799
chr16	17697	17156946	183331	3912743	3991429.2926	3394348	3472908.0456	0.00628599178688459	0.0111738109938824
chr16	17156947	17161876	51	6	1098.97	551	995.002	-6.66232530322421	-7.47707484921547
chr16	17161877	57056776	395807	8294346	8587367.6327	7351695	7603530.0536	0.0005060902421672	-0.0101888132010584
chr16	57056777	57058051	17	194	366.868	1	331.448	7.4554356339289	-0.879305506534959
chr16	57058052	57393279	2745	58679	59347.8442	52521	53466.6231	0.0113941981205259	0.0235475719874564
chr16	57393280	57393729	6	146	129.661	0	118.383	33.3925060765528	0.21112267651041
chr16	57393730	59897773	29328	625831	636055.5044	558203	565092.1997	-0.00368178230386896	0.0165193696182068
chr16	59897774	59901598	48	541	1045.32	856	911.047	-0.858328107792589	-0.910345245428455
chr16	59901599	64896286	58189	1238344	1264277.6481	1087707	1108306.5083	-0.000832890879203834	0.00999772047414258
chr16	64920066	64933865	78	9116	1688.24	986	1526.05	3.06502495589419	2.47277982466816
chr16	64934998	64984693	108	8654	2341.9599	1553	2101.0996	2.32373883333906	1.92554965918591
chr16	64984694	66894366	19371	400601	419439.9632	359810	374601.1057	-0.00617706381617099	-0.026399389737583
chr16	66894367	66894891	7	10	151.462	153	138.018	-4.06755783405564	-3.8809850648877
chr16	66894892	78865248	131076	2776769	2849763.1557	2436935	2492724.2994	-0.00277793854099688	0.00246405458181112
chr16	78865249	78866272	13	53	282.616	165	253.327	-1.79424269068536	-2.37487996702957
chr16	78866273	90668716	135086	2865881	2942067.9214	2521052	2560909.7418	-0.013219953649294	0.00204706453716282
chr17	545	36929852	405388	8555148	8831885.9291	7450237	7653178.7925	-0.00515457836661312	-0.00602981363208258
chr17	36929853	36931919	24	251	519.218	1	459.045	7.79584003957664	-1.0087541223674
chr17	36931920	88135728	535399	11224952	11621368.2807	9937373	10252197.9362	-0.00307248532916499	-0.0101717513585933
chr17	88135729	88136253	7	0	151.392	73	134.894	-33.2172795855566	-33.1793820368534
chr17	88136254	89385717	14281	303181	309673.1151	266046	274286.9852	0.0154450254604019	0.00933211854115945
chr17	89385718	89463173	214	3147	4631.5445	740	4037.2876	1.89227435246615	-0.517617284240575
chr17	89464669	89642016	1710	32825	37151.5029	29430	32889.3593	-0.0162908374658664	-0.138726650383362
chr17	89642017	89653336	99	2083	2135.8427	1962	1932.1103	-0.056288781688192	0.00375635184631421
chr17	89653337	89659072	32	505	698.032	3174	604.01	-2.85866621149213	-0.427110875581662
chr17	89659073	90616926	8032	170078	174241.8039	149314	154241.9256	0.0139526308577122	0.00500465389430365
chr17	90616927	90617165	3	0	66.4858	61	56.5614	-33.2172795855566	-33.1793820368534
chr17	90617166	90843705	2871	61237	62473.3104	52755	54449.6359	0.0187795574407045	0.0110625401840888
chr18	0	1512922	11203	237953	242943.5596	214067	215412.9638	-0.0189005158495535	0.00995436828697332
chr18	1512923	1518660	60	616	1298.2	1090	1156.14	-0.988521068695027	-1.03561149293142
chr18	1518661	2727077	12832	268197	278548.2306	235981	244704.0565	-0.000265377092048144	-0.0147351399116944
chr18	2727078	2739349	152	1650	3288.43	2	2930.1	9.52380240332932	-0.955034023526141
chr18	2739350	4454893	20513	430826	447032.184	368234	387180.7251	0.0211122721226019	-0.013374471556262
chr18	4454894	4457523	35	449	756.984	0	674.172	32.4677349501622	-0.713648449765034
chr18	4457524	38376908	365862	7754988	7943349.1723	6848985	7005262.2221	-7.26560283133347e-05	0.00527603859932717
chr18	38376909	38512969	412	6829	8925.3608	7312	8037.197	-0.247808418898428	-0.346337243904126
chr18	38512970	40903037	21850	456172	473585.7447	406926	420966.0785	-0.00310887285841592	-0.014148846973695
chr18	40903038	40905621	34	367	742.138	652	645.76	-1.02777993820562	-0.976008504462952
chr18	40905622	44748420	42073	878907	911815.3549	791235	812218.2731	-0.013268583325635	-0.0131322749065447
chr18	44748421	44754130	76	844	1654.55	1455	1432.37	-0.991737567906005	-0.931225073768383
chr18	44754131	46142279	14692	304479	318261.0803	272055	284162.9123	0.000953278402632766	-0.0239691019505486
chr18	46142280	46146029	50	521	1082.02	958	979.462	-1.02040665937699	-1.01447297617317
chr18	46146030	54524786	96356	2064777	2090391.396	1831930	1848164.11	-0.00305726148140942	0.022111796621316
chr18	54524787	54529551	62	619	1347.53	0	1199.43	32.0989762347525	-1.08240716510391
chr18	54529552	60530586	67828	1470575	1476648.583	1276818	1285801.4395	0.0061701729376918	0.0339527460654844
chr18	60530587	60535612	67	6	1460.6	624	1264.18	-6.90679757749966	-7.88748397248597
chr18	60535613	61053680	4645	95798	101391.9083	82874	87080.4249	-0.00844482580116381	-0.0419761669295423
chr18	61053681	61054880	16	0	348.387	320	302.903	-33.2172795855566	-33.1793820368534
chr18	61054881	61798643	8765	189898	190884.4646	164110	165066.5831	0.0029113143797749	0.0324239315527277
chr18	61798644	61799384	9	112	195.85	2	171.06	5.61410958985923	-0.766351483733297
chr18	61799385	63311209	17097	362086	372065.8661	314072	324228.6629	0.00869202348638568	0.000673267024610187
chr18	63311210	63313840	28	346	613.442	563	506.639	-0.976330329763652	-0.786255995595375
chr18	63313841	67884467	54577	1138175	1183422.3879	1011754	1047086.6977	-0.00471898567472499	-0.0163437849377917
chr18	67884468	67895607	22	10	476.451	98	420.57	-3.47076229078954	-5.53435702561238
chr18	67895608	76699760	94593	2026305	2059884.296	1755488	1788502.5483	0.00516944487472118	0.0161869542206473
chr18	76699761	76700792	13	99	288.717	225	234.12	-1.48483108145847	-1.50425671492722
chr18	76700793	83593448	73444	1551118	1600224.3054	1353322	1388525.5086	-0.0059158017472767	-0.00506678908483228
chr18	83593449	83595697	25	1	539.648	225	485.287	-7.9649602560017	-9.03597587710018
chr18	83595698	83596153	6	90	130.477	95	118.938	-0.209586943576272	-0.495899697509954
chr18	83596154	83599174	39	2	843.872	379	757.018	-7.72074922534506	-8.68098140186937
chr18	83599175	84407142	9876	212867	213746.6949	191549	192100.5705	0.000199871907926305	0.0339491112857754
chr18	84407143	84410543	41	618	888.356	276	805.826	1.0242703505173	-0.483632188054659
chr18	84410544	84894801	5232	109860	113275.4007	99038	102029.5377	0.000765755234020983	-0.00426948510663742
chr18	84894802	84896532	23	232	496.456	0	447.542	32.1237412575839	-1.05764214227789
chr18	84896533	84990541	1185	25217	25669.043	22618	23154.8895	0.0102140133508784	0.0142660544360506
chr18	84990542	84991066	7	72	151.142	0	138.524	32.1514465052352	-1.02993689463246
chr18	84991067	86399722	15882	327787	343854.5899	293831	308469.2395	0.00310141730324789	-0.0291410527550595
chr18	86399723	86403308	42	5	909.99	383	814.747	-6.41676966832645	-7.46787984804296
chr18	86403309	88201446	12510	251844	270937.4359	227862	243546.9602	-0.00738839684636322	-0.0655304745914582
chr19	0	11439003	123785	2635383	2686765.08	2344582	2376600.6594	-0.0062874059679685	0.0120413726438919
chr19	11439004	11441070	26	3	563.664	202	496.711	-6.25367634007242	-7.51383017853781
chr19	11441071	25563407	157250	3346023	3426862.5196	2904815	2964048.6256	-0.00331675844648361	0.00545796008713995
chr19	25563408	25564778	18	2	394.575	204	323.329	-6.95772060035803	-7.58425680008581
chr19	25564779	26338656	8900	194791	194759.4244	158839	163163.1104	0.0409849745146824	0.0401327918307508
chr19	26344080	26360588	9	29	195.155	169	173.622	-2.70956773687577	-2.71059670770632
chr19	26360589	62275498	388679	8274974	8476857.3815	7166741	7306157.1242	-0.00497780988392032	0.00512417640444544
chr20	747	4008	7	252	150.927	15	136.006	3.92221006922888	0.779471726768533
chr20	4009	176155	228	2957	4957.8134	2119	4258.6726	0.263451868013677	-0.705670817204767
chr20	176156	452023	2596	49719	56297.8367	45408	50001.4654	-0.038256961112756	-0.139383294498651
chr20	452024	520029	185	2219	4007.26	19	3584.31	6.70884707544566	-0.812807538273907
chr20	520030	2878790	16156	332467	350884.4052	287568	308779.8229	0.0268920212769634	-0.0378857687326596
chr20	2878791	2883504	12	209	263.73	4	226.672	5.4909049872381	-0.295659836487298
chr20	2883505	4034151	8747	176706	191404.8345	142185	160337.8377	0.0600707699756439	-0.075377330669168
chr20	4034152	4044844	122	2049	2663.2	1041	2284.43	0.757624739055927	-0.338341879033934
chr20	4044845	4046353	20	235	421.904	4	339.599	5.56543574273455	-0.804355096498693
chr20	4046354	4048153	24	439	529.608	245	433.239	0.553678758353774	-0.230805063002097
chr20	4048154	4065740	211	2283	4587.51	11	3993.85	7.4993536831594	-0.966881530919032
chr20	4065741	4071972	82	1246	1797.702	740	1520.958	0.512534681232801	-0.488950908585902
chr20	4071973	4073472	20	248	437.462	25	373.747	3.08524577775939	-0.778918670246581
chr20	4073473	4276617	2225	44822	48674.0049	37918	41739.9351	0.0216023900512171	-0.0790455476558251
chr20	4277402	4281483	28	273	618.025	4	518.757	5.8421521860378	-1.13886533490717
chr20	4281484	5378506	8176	172963	179148.1169	136089	147662.0374	0.0690604463989709	-0.0107905151069879
chr20	5380817	5389027	34	40	732.228	153	625.95	-2.15970390568054	-4.15432212279626
chr20	5390027	5497967	985	20454	21602.348	15453	17666.9573	0.116362884996135	-0.0389062126755947
chr20	5497968	5498492	7	0	155.954	71	127.337	-33.2172795855566	-33.1793820368534
chr20	5498493	18214128	138444	2939458	3027247.3184	2510999	2576511.405	-0.00329749228902178	-0.00255746800989018
chr20	18214129	18216423	29	306	633.727	556	546.288	-1.07375161703739	-1.01043091776573
chr20	18216424	21013488	33693	700235	734515.6536	619592	634902.6561	-0.0317358027688459	-0.0290551507612511
chr20	21013489	21014014	7	74	152.214	1	135.721	6.04599761649434	-1.00060496976156
chr20	21014015	34063609	145840	3085799	3174972.8721	2695254	2763810.7956	-0.00286119300598991	-0.00120126096197965
chr20	34063610	34064673	14	126	303.334	1	269.615	6.80927479550387	-1.22758456925231
chr20	34064674	35572760	16473	344828	357659.9049	302686	315207.7795	0.00777108700716343	-0.0128125574871016
chr20	35572761	35575820	38	463	827.211	836	744.022	-1.00339947460233	-0.797344264536297
chr20	35575821	36681139	12329	258829	266741.0362	232156	239500.2381	0.00349336625976981	-0.00354160771274921
chr20	36681188	36683744	14	149	303.999	3	272.178	5.47669125131607	-0.988855334951695
chr20	36683745	56205872	218661	4545461	4748322.8816	4048200	4189940.3504	-0.0113409195389588	-0.0230925083208493
chrX	598	21257874	185854	3882140	4031642.5652	3460983	3568831.0526	-0.00824447825285553	-0.0146166804979602
chrX	21257875	21260346	29	0	632.63	597	550.966	-33.2172795855566	-33.1793820368534
chrX	21260347	22597280	12121	252320	262660.427	223786	232600.1006	-0.000210992362383119	-0.0180453798114362
chrX	22597281	22608838	76	2	1638.277	1176	1477.491	-9.34670085384323	-9.63806456305581
chrX	22608839	23823061	9939	201206	215408.5327	180143	191352.9757	-0.00930696438246846	-0.0585031592378276
chrX	23823062	23997679	1100	20008	23815.1552	18946	21219.1885	-0.0858254308956937	-0.21140407574877
chrX	23997680	24000875	11	7	240.771	201	207.532	-5.05602322907027	-5.06426398587332
chrX	24000876	38341651	142470	2987659	3086967.4588	2672837	2747722.3249	-0.00530905900837101	-0.00727586891012485
chrX	38341652	38346652	53	2031	1154.2279	907	1018.522	0.984566180370621	0.855161042364479
chrX	38346653	63559735	245074	5116574	5308526.6497	4665836	4764502.2412	-0.0209421190329964	-0.0132344716682429
chrX	63559736	63594005	267	7248	5862.11	7543	4638.59	-0.39328781340815	0.346061827680967
chrX	63594006	113106865	470814	9704614	10202237.2903	8774522	9121904.5911	-0.0141269166948589	-0.0322439130602161
chrX	113106866	113110242	44	467	951.806	816	846.563	-0.972195352402699	-0.987346086746977
chrX	113110243	131862910	184351	3849900	3993204.5927	3464395	3569066.4961	-0.00778130503427246	-0.012827105764444
chrX	131862911	131893402	204	3753	4412.931	4902	3988.006	-0.529394439986159	-0.193793987288458
chrX	131893403	150612114	174379	3610726	3778333.3109	3271033	3375272.5154	-0.0182019937546103	-0.0255621190038313
chrX	150612115	150623451	52	4159	1126.8993	735	1010.5725	2.34523611794059	1.9237769953591
chrX	150623452	159969947	80328	1675747	1741881.1418	1496998	1546270.1794	-0.00712034075603669	-0.0159429209828084
