chrom	start	end	binNum	tumor	tumor_expect	normal	normal_expect	log2.copyRatio	log2.TumorExpectRatio
chr1	987	15791373	160865	3076594	3208491.0434	2955261	3079890.6046	-0.00126057419879062	-0.0230080888891754
chr1	15791374	15834846	558	11991	10988.7	10056	10719.8	0.217859444250635	0.163484052598825
chr1	15834847	38402109	225694	4426095	4511668.1739	4228925	4314512.2268	0.000986696602513039	0.00992624798583785
chr1	38402110	38428746	225	3499	4478.5475	5532	4311.682	-0.715931868994279	-0.318535448291713
chr1	38428747	40253630	7897	138800	157657.4582	135295	151059.9664	-0.0250662532413459	-0.146233057599085
chr1	40253631	51387805	126023	2515882	2546233.7203	2336891	2390824.1307	0.015323724319944	0.0202522020626078
chr1	51387806	51388984	15	177	306.441	36	286.279	2.1991998102527	-0.754307179110553
chr1	51388985	54554995	33984	675581	693412.4871	631483	640778.1674	-0.0167972139874107	-3.22679019429534e-05
chr1	54554996	54556368	7	64	137.265	0	136.829	32.1181676985902	-1.06326720706654
chr1	54556369	54971857	1098	18914	21882.5349	18995	21062.6213	-0.061553335053952	-0.17277257479125
chr1	54971858	54978712	20	73	402.693	0	379.558	30.7552756754963	-2.426159229674
chr1	54992873	61509137	55204	1038144	1098508.8384	1005675	1058434.359	-0.00806550333082006	-0.0439871102320041
chr1	61509138	61511611	30	257	588.676	1	580.317	7.98469859851034	-1.1581526566056
chr1	61511612	62958059	12582	233324	246295.3563	238649	244064.8389	-0.0459737854847378	-0.040501920107608
chr1	62958060	62995084	43	576	846.853	90	827.476	2.64438456156557	-0.518489956254788
chr1	62995085	63000821	19	298	363.389	1	372.857	8.25598289623379	-0.248649623534186
chr1	63000822	63010649	3	40	58.5406	47	59.2332	-0.215985509496925	-0.511884737618252
chr1	63010650	63097769	173	1550	3338.805	78	3388.57	4.333701764716	-1.06951082609993
chr1	63097770	63104322	60	1074	1162.127	901	1172.217	0.26557366049069	-0.07622095041752
chr1	63104323	63132023	146	1221	2866.929	0	2831.219	31.9875447244697	-1.19389018115771
chr1	63132024	63708935	1095	19827	21432.0439	19930	21272.7281	-0.0185329361502766	-0.0747502450655273
chr1	63708936	63711056	20	192	409.813	0	374.585	32.1251282615783	-1.05630664407992
chr1	63711057	63714502	20	328	412.549	226	372.519	0.389828320734246	-0.293316874236369
chr1	63714503	63720583	76	739	1544.161	71	1437.378	3.27600651216342	-1.02562411683932
chr1	63720584	63739021	125	1907	2521.788	1433	2374.399	0.325088377854905	-0.365589358790035
chr1	63739022	63748026	111	2553	2219.135	2988	2124.378	-0.290236800358824	0.239748896616747
chr1	63748027	63757691	22	294	445.692	45	419.056	2.6186219829913	-0.562678115478361
chr1	63757692	63769750	127	2611	2555.81	2364	2414.44	0.0609871963997141	0.0683746626854111
chr1	63769751	63780536	57	615	1161.2413	92	1075.8306	2.63037053559983	-0.879456677561768
chr1	63780537	63788959	69	644	1352.88	15	1335.23	5.40478741764341	-1.03334849006685
chr1	63788960	63830461	27	235	535.464	47	521.963	2.2847928043745	-1.15057603209127
chr1	63830462	63840794	88	934	1741.591	605	1688.065	0.581158758668629	-0.861358607339579
chr1	63840795	63978783	53	640	1081.927	173	1000.52	1.77415346395712	-0.719906555561149
chr1	63978784	64071494	14	129	279.835	0	268.794	32.1017823492171	-1.07965255643609
chr1	64071495	64858737	7498	146338	152303.2599	137629	141650.38	-0.0163856455011657	-0.0200895800530365
chr1	64858738	64962820	102	799	1992.8635	1416	1981.4732	-0.834116547857709	-1.28102269379352
chr1	64962821	65094497	225	3341	4426.2223	3440	4366.2446	-0.0621047872692322	-0.368243132563326
chr1	65094498	65111385	90	732	1773.117	5	1745.481	7.1708153612853	-1.23881938774705
chr1	65111386	65186757	394	6775	7733.7081	7410	7605.5073	-0.153661675603947	-0.153386571333602
chr1	65186758	65197843	30	336	569.3517	7	594.3579	5.64668105997101	-0.72330608179676
chr1	65197844	65238148	3	57	57.2824	63	59.3368	-0.0938479718835609	0.0304227745733927
chr1	65238149	65239642	15	96	288.331	2	294.67	5.61604346305445	-1.54906685100936
chr1	65239643	65253912	78	1436	1506.064	1197	1525.6688	0.280998078583886	-0.0311745345411873
chr1	65253913	65292195	226	2329	4389.77	141	4408.57	4.05181573385598	-0.876881917967347
chr1	65292196	65370926	328	5874	6421.7965	5840	6376.5719	-0.00211427293847594	-0.0910808878707809
chr1	65370927	65420838	19	154	364.897	3	372.45	5.71108824614037	-1.20700614399146
chr1	65420839	65837135	3777	78333	76684.1104	70105	71200.7454	0.052774295118114	0.0682453365496474
chr1	65837136	68577480	15573	275117	305914.2566	285314	301306.5391	-0.074693858342625	-0.115529258718754
chr1	68577481	68581141	48	475	931.841	0	938.195	32.2468314051426	-0.934603500540548
chr1	68581142	71804812	18326	344873	368839.1214	330892	348572.9245	-0.0221196482976149	-0.059373705373675
chr1	71804813	71808502	9	0	176.441	87	172.249	-33.219574197178	-33.1817281542705
chr1	71808503	72126251	2185	40533	42903.41	40444	42277.9449	-0.0183090485224486	-0.044442565540797
chr1	72126252	72147148	109	1867	2139.041	2785	2110.611	-0.596552079124441	-0.158689413246556
chr1	72147149	72803229	7478	155797	154141.7044	135984	139147.448	0.0482944933643768	0.0529629995712999
chr1	72803230	73406293	5116	93122	103150.4424	89296	97007.4576	-0.028349198855539	-0.110003265278172
chr1	73406294	73424261	123	11	2439.207	1008	2362.042	-6.56451911769577	-7.75521203512152
chr1	73424262	73424973	6	86	117.248	183	115.306	-1.11382405909158	-0.409601953932968
chr1	73424974	73457727	141	16	2756.995	1219	2733.119	-6.26432402291429	-7.39132811612341
chr1	73457728	77616842	22231	399571	437635.3109	404587	429366.7291	-0.0458100778216168	-0.0937244736469579
chr1	77616843	79146774	16471	337097	342123.5143	295972	305293.043	0.0230872908236832	0.016199318261946
chr1	79146775	79149249	33	310	676.256	610	621.895	-1.09773274642317	-1.08774847871708
chr1	79149250	82560990	37191	784913	778733.3407	673295	684033.1445	0.0339375913638737	0.0489561536914064
chr1	82560991	83771038	7769	143555	156531.8564	139689	147698.3551	-0.0447106226617492	-0.0872999204125764
chr1	83771039	85363303	16842	351937	349192.0771	311318	312635.384	0.017095199632568	0.048849165179022
chr1	85363304	85386911	308	7504	6529.01	4811	5589.64	0.416920898419648	0.238348371448775
chr1	85386912	89606309	37571	749733	770181.7616	686751	703981.794	-0.00336429008616404	-0.00126926010908463
chr1	89606310	89617026	135	1589	2801.049	1849	2514.767	-0.374461833105824	-0.78029530179741
chr1	89617027	89617946	12	1	246.873	134	224.297	-7.20474115387008	-7.91007242002911
chr1	89617947	97687380	75942	1516901	1552876.4658	1411803	1428245.136	-0.0174045571712885	0.00373666120697436
chr1	97687381	97694760	82	2682	1633.238	1634	1577.28	0.6643117568734	0.753126992166176
chr1	97694761	97697849	40	349	774.936	1	783.132	8.46196819811852	-1.11329733542171
chr1	97697850	100457848	22136	434109	450102.901	409424	417721.9927	-0.0235433504284228	-0.0146447354205537
chr1	100457849	103187499	32890	714823	691079.0238	606242	604088.7558	0.0433088455235102	0.0862881597757947
chr1	103187500	113349392	99062	1883337	1965904.7051	1844489	1903066.4873	-0.0170906825721517	-0.0243494200971685
chr1	113349393	113352059	31	1	597.852	310	603.535	-8.26276855713424	-9.18609169419189
chr1	113352060	113361026	28	544	539.023	273	543.204	1.00555972123884	0.0508126124312758
chr1	113361027	114126530	7263	132079	142414.1911	133614	140828.78	-0.0331140439832875	-0.0711390160318359
chr1	114126531	114132048	18	171	350.825	5	348.882	5.08761876881716	-0.999202438749868
chr1	114132049	114482968	4133	82580	82511.2781	76135	79006.9607	0.054327778357539	0.0387538848496235
chr1	114482969	114484278	17	154	338.774	0	324.889	32.0815948955632	-1.09984001008559
chr1	114484279	123873417	54697	976730	1072084.6972	980142	1060289.1418	-0.0212853604907573	-0.0968343773246035
chr1	123873418	132491007	102300	2023427	2067775.571	1893568	1939989.4914	0.00336955053576666	0.00627398683463686
chr1	132491008	132493933	39	356	768.303	0	754.054	32.1091895547884	-1.07224535086639
chr1	132493934	146919192	162363	3206904	3274005.4437	3002370	3084590.8547	0.00880855858443472	0.00767724091451846
chr1	146919193	148414095	1993	26102	39354.9909	26851	38348.5269	-0.0784841597100089	-0.554833457531709
chr1	148414096	148454463	476	11661	9678.1522	6503	8729.9726	0.693466434591724	0.306440775700291
chr1	148454464	148638505	268	2721	5776.817	1886	4525.4173	0.176290071673272	-1.04858504171417
chr1	148638506	148651923	95	2701	2012.6737	1200	1719.7972	0.943291138995346	0.461933136888154
chr1	148653309	158017849	85574	1634621	1682386.5236	1607256	1655522.7881	0.000840859926354658	-0.00400023000486887
chr1	158017850	158028825	98	1516	1935.383	724	1888.004	1.03015762892597	-0.314796546509456
chr1	158028826	158038622	106	2030	2068.062	1496	2060.263	0.434625380225576	0.0107530842099425
chr1	158038623	158044872	83	1456	1621.69	1571	1607.28	-0.122842856731857	-0.117934912037522
chr1	158044873	158045547	9	0	173.569	90	175.288	-33.219574197178	-33.1817281542705
chr1	158045548	168128432	118674	2391026	2393371.9801	2219952	2253356.4902	0.0198390194190693	0.0361379734297107
chr1	168128433	168133767	62	662	1232.34	0	1192.87	32.3224904752518	-0.858944430445785
chr1	168133768	179150073	116950	2325693	2350906.0726	2180787	2227051.7676	0.0144367475638752	0.0219965639602839
chr1	179150074	179791298	233	1148	4566.8772	772	4537.5709	0.562868828672501	-1.95453256002884
chr1	179791299	181383752	1031	9594	20120.3177	12694	19955.7104	-0.416087098888128	-1.03089594593345
chr1	181383753	182953304	1177	14682	23051.7034	14785	22796.7525	-0.0264240261537941	-0.613272060111114
chr1	182953305	183115484	68	1011	1355.4311	530	1307.0814	0.879022694105407	-0.385415987154632
chr1	183115485	184796099	13981	278562	279495.8403	258625	267055.9359	0.0411586177415378	0.0327244492610005
chr1	184796100	184812857	222	2291	4494.12	4131	4213.27	-0.943905125523359	-0.934508393706873
chr1	184812858	215003458	326056	6623317	6646306.766	6025108	6145981.9415	0.0233642033695343	0.0325538203731374
chr1	215003459	215004133	9	0	176.403	75	174.001	-33.219574197178	-33.1817281542705
chr1	215004134	215451956	3039	56665	62512.261	51668	56755.4964	-0.00648545002143158	-0.10412848169928
chr1	215451957	215453375	18	0	360.756	185	340.585	-33.219574197178	-33.1817281542705
chr1	215453376	215453900	7	155	141.298	126	131.643	0.196440997621432	0.17107996501877
chr1	215453901	215465787	143	14	2886.64	1301	2716.09	-6.62620347042231	-7.65026773498708
chr1	215465788	233200861	177121	3605890	3619628.0804	3239025	3329063.458	0.0337774395973651	0.0320667149603735
chr1	233200862	233203420	34	291	680.936	0	647.887	31.9924876455118	-1.18894726011674
chr1	233203421	238922228	64839	1254991	1283734.7548	1209254	1248268.7787	0.0128479265882887	0.00488266918283244
chr1	238922229	238924256	27	0	550.58	304	513.842	-33.219574197178	-33.1817281542705
chr1	238924257	240532734	19467	382155	386695.4055	360518	373697.4915	0.0344666218012469	0.0205130777889731
chr1	240532735	240608276	713	16016	14042.7171	17598	13776.225	-0.163832342174214	0.227244566903621
chr1	240608277	257677598	185139	3719624	3713528.7588	3493679	3530471.5817	0.0171866385319397	0.0399188368583559
chr1	257677599	259162963	4534	78240	89194.4379	80493	87613.5583	-0.0670498057537973	-0.151494582483827
chr1	259162964	264121274	45979	948570	941587.2905	859719	863587.0412	0.0168425504655523	0.0482121893336884
chr1	264121275	264121874	8	93	168.662	0	147.557	32.3601553547199	-0.821279550984582
chr1	264121875	269490111	58753	1215755	1197912.8997	1114170	1105507.372	0.00977553298691524	0.0588823061439587
chr1	269490112	269492961	38	0	743.269	330	734.113	-33.219574197178	-33.1817281542705
chr1	269492962	273772437	40823	765033	805033.3172	763268	788230.8444	-0.0273912626369437	-0.0359737168814371
chr1	273772438	273773575	15	2	306.249	125	284.326	-6.07323662552285	-7.221008506347
chr1	273773576	282763000	101818	2049045	2073756.2659	1889951	1920689.3507	0.00568744761163892	0.0202581227992686
chr2	0	5687042	37340	722998	733702.0679	717241	721997.0917	-0.0119608776075486	0.0163500997384645
chr2	5687043	5693738	39	680	765.278	21	752.7609	4.99298802719531	-0.132896384931753
chr2	5693739	6092260	4052	79128	79393.4	94213	78438.8	-0.269482715626298	0.0327220069601739
chr2	6092261	6093389	15	321	296.39	0	287.426	33.3340642250159	0.152629319183003
chr2	6093390	6261077	1922	37085	37552.05	42550	37305.93	-0.208103305375724	0.0194968958618054
chr2	6261078	6263704	35	337	681.791	701	681.282	-1.05803656609773	-0.979028168967673
chr2	6263705	19192565	134829	2566722	2636910.2421	2585059	2618899.4844	-0.0204511847077831	-0.00136862232115612
chr2	19192566	19194729	28	0	561.487	297	537.61	-33.219574197178	-33.1817281542705
chr2	19194730	20603729	15053	291313	299587.6212	282336	288635.0486	-0.00886777800394633	-0.0028551349301646
chr2	20603730	20614597	41	2	810.833	302	787.65	-7.28054807527354	-8.62570814276337
chr2	20614598	34936033	161659	3199668	3265130.7166	2979639	3068372.6543	0.0128243778220628	0.00833426254847946
chr2	34936034	34937308	17	210	337.367	0	327.516	32.5350581670602	-0.646376738674138
chr2	34937309	52969565	181149	3508068	3595112.3408	3379888	3480823.6748	0.00679990585777212	0.00219265484851513
chr2	52969566	52975480	52	1377	1008.674	848	1013.69	0.706255689820696	0.486621378526114
chr2	52975481	92248331	405618	7597151	7988191.2997	7513374	7839787.0539	-0.0113500848717407	-0.0348575914792511
chr2	92248332	92250066	17	9	342.048	212	324.541	-4.63408674381021	-5.21057718266394
chr2	92250067	95906110	39971	773361	799519.9752	739212	763836.0897	-0.00101040545445998	-0.0104392714291861
chr2	95906111	95907689	21	424	406.869	0	409.58	33.2784876020019	0.0970526961741892
chr2	95907690	105689710	100134	1879291	1959663.5086	1891766	1943320.0473	-0.0219208491586845	-0.0228646783905355
chr2	105689711	105710212	96	464	1893.842	977	1834.199	-1.12069280784292	-1.9915664685888
chr2	105710213	128828495	246598	4758242	4908360.3382	4601806	4728527.8076	-0.00591484981455172	-0.00725972309712674
chr2	128828496	129029742	71	682	1394.143	1013	1372.224	-0.593946322601542	-0.993982109614749
chr2	129029743	135522923	54663	1001459	1062677.3576	1040871	1066518.6906	-0.0507755638457918	-0.0480474899401891
chr2	135522924	135555209	403	3234	7838.6985	6349	7900.25	-0.962218775882807	-1.23974166227681
chr2	135555210	137345807	15691	288651	304847.2211	301544	306453.0236	-0.0557560099448888	-0.0412073766894216
chr2	137345808	137348566	15	335	293.524	694	295.229	-1.04271184286123	0.228235420131887
chr2	137351258	137354863	36	679	708.055	691	689.211	-0.0644830866013447	-0.0228970604990999
chr2	137354864	137356729	21	0	434.991	204	391.776	-33.219574197178	-33.1817281542705
chr2	137356730	146619625	104400	2049631	2081716.3947	1966141	1999570.8589	0.00162103829887816	0.015143461381156
chr2	146619626	146621200	21	0	410.016	187	408.801	-33.219574197178	-33.1817281542705
chr2	146621201	148566259	19300	372734	382495.2706	364156	371440.5349	-0.00901408549178978	0.000257309810731042
chr2	148566260	148568628	30	1186	596.834	593	580.431	0.959501601072251	1.02825517512361
chr2	148568629	159003826	93158	1756776	1839757.167	1712016	1795659.9065	0.00193959554543784	-0.0290323096966762
chr2	159003827	161514134	720	10840	14323.0211	7589	13775.9452	0.457905290449727	-0.364418275354934
chr2	161516946	161633459	235	3182	4729.1489	3608	4435.5653	-0.274021334269336	-0.534093936115695
chr2	161634735	163060076	357	5920	7099.3111	4807	6823.2592	0.242949110246004	-0.224529065137181
chr2	163060077	187065461	247981	4723901	4901246.2044	4635238	4781008.7531	-0.00879150778162697	-0.0156170946210412
chr2	187065462	187068572	41	4	819.497	387	785.533	-6.6575497741542	-7.64104203355665
chr2	187068573	208438417	206238	4140775	4180608.6595	3800316	3900802.7338	0.023546219781698	0.0237406057363525
chr2	208438418	209091893	4111	67797	81131.833	68994	79207.5611	-0.0601726449346386	-0.221493852713443
chr2	209091894	209234251	1633	32621	32267.235	30176	31436.1301	0.0744598491936511	0.0532838457727255
chr2	209234252	209656965	4207	74790	82684.985	76303	81441.4752	-0.0510493213104035	-0.107227191799731
chr2	209656966	228986775	211770	4089856	4198981.4561	3962017	4072384.2283	0.00135599820594017	-0.000436573963106264
chr2	228986776	228996188	42	862	814.308	412	814.882	1.0657668707539	0.119666088201596
chr2	228996189	234757104	57248	1094688	1137031.5884	1061383	1099462.3717	-0.00419295807817565	-0.0171997982314853
chr2	234757105	234757554	6	0	123.181	97	114.011	-33.219574197178	-33.1817281542705
chr2	234757555	249204195	162058	3150846	3220053.0525	3042649	3111319.4682	0.00056016035484766	0.00620758012028932
chr2	249204196	249205395	16	0	311.334	173	311.392	-33.219574197178	-33.1817281542705
chr2	249205396	252863915	44744	893770	901711.9886	834327	850299.7191	0.0143021967677208	0.024789712335255
chr2	252863916	252864517	8	72	158.206	0	154.739	32.0832521968376	-1.0981827088115
chr2	252864518	266433159	156635	3029161	3115441.4035	2973254	3005082.429	-0.0254497222766811	-0.0029655281504771
chr3	534	8071840	77240	1615145	1604462.966	1422513	1433528.5568	0.0204087580188235	0.0471259938367857
chr3	8071841	8154286	856	16781	18147.508	15551	15673.1185	-0.1019511021947	-0.0753899671613231
chr3	8154287	13001303	52240	1112333	1100284.6722	947021	958283.2091	0.0324743431235396	0.0532647135184051
chr3	13001304	13002834	19	187	383.533	4	357.494	5.44516951167968	-0.998759650625306
chr3	13002835	14421969	15214	310936	310976.4284	279367	286148.1316	0.0341197555773706	0.0373652254060811
chr3	14421970	14424671	36	340	742.678	0	670.1714	32.0917856042635	-1.0896493013875
chr3	14424672	14651739	2741	55738	56818.2465	48650	51036.0199	0.0410896979762692	0.00985972271415035
chr3	14651740	14652980	16	5	343.257	300	292.563	-6.1377256497281	-6.06366443176417
chr3	14652981	16054213	14888	305253	306367.6178	275750	278436.837	0.00843761471352656	0.0322944522200513
chr3	16054214	20902250	30371	502147	593601.2657	507788	589880.0148	-0.0254824220552515	-0.203831608533937
chr3	20902251	21552794	4524	81976	88924.6584	82350	87618.5734	-0.0282071048109148	-0.0798291367727209
chr3	21597776	23690814	25028	505142	503883.3298	465549	476039.784	0.0354551497447601	0.0411520665271807
chr3	23690815	23695375	60	0	1169.22	615	1158.66	-33.219574197178	-33.1817281542705
chr3	23695376	25762852	21757	398146	423906.9444	406172	423698.733	-0.0297952598289022	-0.0528972423498088
chr3	25762853	25763613	9	0	172.958	99	177.495	-33.219574197178	-33.1817281542705
chr3	25763631	28256223	28614	540414	557150.4557	549191	557506.6874	-0.0226140440043125	-0.00644912832380497
chr3	28256224	28257696	19	195	376.8556	3	365.1687	5.97662582790223	-0.912984912141514
chr3	28257697	33443473	58016	1099026	1140081.9888	1078937	1123018.2438	0.00456542720210649	-0.0153592675573312
chr3	33443474	33443998	7	0	134.172	138	138.629	-33.219574197178	-33.1817281542705
chr3	33443999	33624542	2332	46504	46873.833	43718	44436.356	0.0117919036699706	0.0261248357179181
chr3	33624543	33626668	14	198	271.548	4	270.134	5.62153135830831	-0.418154012486199
chr3	33626669	33627665	11	144	219.356	161	210.258	-0.222398599740736	-0.569652562150066
chr3	33627666	45260856	127630	2442820	2522632.2173	2390047	2458896.3399	-0.00570364535799445	-0.00882952966281335
chr3	45260857	45261688	11	2	231.149	201	202.075	-6.84527719656303	-6.81512649967787
chr3	45261689	51356216	71914	1402354	1425551.4634	1345762	1382935.877	0.0153481823119697	0.0138832509585409
chr3	51356217	51361393	68	673	1336.44	0	1315.18	32.2292710418445	-0.952163863835176
chr3	51361394	56515154	61513	1202145	1219988.1247	1166432	1182356.8396	-0.00198612439636863	0.0162966111546107
chr3	56515155	56517668	33	6	675.577	289	617.895	-5.7190149360432	-6.77746109066947
chr3	56517669	59668879	33114	663483	671260.3975	618812	626491.1384	0.000686651834551608	0.0207397656450867
chr3	59668880	59687307	235	4941	4592.88	4005	4589.13	0.301529150333061	0.142956760337716
chr3	59687308	66812094	85531	1714076	1712247.5891	1610366	1632637.6193	0.0210624886156006	0.0390925439973573
chr3	66812095	66815544	46	499	892.555	1	899.698	8.97410237112121	-0.801348461555522
chr3	66815545	73219604	66409	1256358	1309428.3446	1242631	1281526.5963	-0.015517273165112	-0.0221366993187122
chr3	73219605	73220153	7	0	143.037	73	130.143	-33.219574197178	-33.1817281542705
chr3	73220154	84223216	108393	2123583	2165583.7421	2044968	2073965.0066	-0.00823542838924591	0.00929733028941152
chr3	84223217	84225401	21	6	422.422	221	403.696	-5.26864898276076	-6.10002585739973
chr3	84225402	85889373	16901	312375	329534.5621	320214	328823.0724	-0.0391688906412167	-0.0395979942126352
chr3	85889374	85890198	11	0	210.403	194	216.535	-33.219574197178	-33.1817281542705
chr3	85890199	85898440	103	2031	1993.63	1971	2011.67	0.0559651925353234	0.0643453511702902
chr3	85898441	85899206	10	0	198.463	211	191.642	-33.219574197178	-33.1817281542705
chr3	85899207	87324081	15931	297658	309731.1743	307355	310761.1312	-0.041754062227336	-0.0198081327035672
chr3	87324082	87328121	49	447	963.959	1060	949.249	-1.26819598805005	-1.07114415939116
chr3	87328122	87808633	5324	97840	103310.2606	104073	104020.7424	-0.0795050810804019	-0.0409344436120177
chr3	87808634	87813027	58	569	1118.42	1166	1139.64	-1.00824437937975	-0.93740871233168
chr3	87813028	89246768	14922	266601	289667.7624	280115	291547.1904	-0.0623000112847628	-0.0821641470108184
chr3	89246769	89252452	73	509	1471.264	1023	1386.549	-1.09291937388597	-1.49376578704375
chr3	89252453	90046608	8615	154751	167178.2961	160427	168327.4302	-0.0423787534054287	-0.0738860349693712
chr3	90046609	90048633	25	212	489.881	500	484.487	-1.2541304610422	-1.17081427815558
chr3	90048634	90527262	5119	93316	99624.8776	95680	99814.4542	-0.0336434687091478	-0.0568287844640539
chr3	90527263	90530262	40	1	776.017	660	782.951	-9.35378160475204	-9.56239154071485
chr3	90530263	108433134	189827	3703133	3768002.0959	3573766	3647392.0562	0.00407345846656807	0.0124993929226188
chr3	108433135	108433509	5	0	104.625	37	92.8937	-33.219574197178	-33.1817281542705
chr3	108433588	115420056	77937	1577603	1575462.9669	1444107	1476954.712	0.0341130571779979	0.0395111525152621
chr3	115420057	115424943	56	10	1102.51	547	1079.78	-5.8038165097004	-6.74709512065852
chr3	115424944	115739869	3196	60541	62702.635	59679	61837.804	0.000358910611041914	-0.0130607715957554
chr3	115739870	115741565	14	2	275.145	152	272.261	-6.26342252436249	-7.06649548723417
chr3	115741566	117145887	15395	297348	304915.3872	290098	296213.8675	-0.00645099854571372	0.00129621063951629
chr3	117145888	117146262	5	0	100.781	56	94.8716	-33.219574197178	-33.1817281542705
chr3	117146263	119733013	30884	625802	621219.2905	580963	587973.7064	0.0276157465709073	0.048156434127305
chr3	119733014	119734297	16	0	327.688	133	301.768	-33.219574197178	-33.1817281542705
chr3	119734298	121844640	25694	528957	526141.9557	473856	482698.3534	0.034078300843427	0.0452511439226043
chr3	121844641	121845165	7	0	140.548	58	132.615	-33.219574197178	-33.1817281542705
chr3	121845166	143278255	239159	4735793	4776295.7291	4481779	4572655.5026	0.0163813314741626	0.025266652087598
chr3	143278256	143290128	30	224	584.7265	464	580.9929	-1.06016076413156	-1.34671044895645
chr3	143290129	143350179	364	6638	7143.178	7088	7038.209	-0.116280939259313	-0.0682646479482983
chr3	143350180	143406556	218	2170	4291.7156	4311	4208.1116	-1.0190022781808	-0.946306638334916
chr3	143406557	143647848	1555	26463	30294.1491	28189	30279.98	-0.0921238559419772	-0.157509765834593
chr3	143647849	143676551	168	2532	3340.8775	1653	3237.8465	0.569704939219938	-0.362396884764606
chr3	143676552	143719751	377	2660	7344.169	5409	7353.988	-1.02230133521541	-1.42762021691498
chr3	143719752	143721677	13	303	254.516	188	250.138	0.663259772888649	0.289114235087806
chr3	143721678	143812890	221	2128	4311.8345	3861	4288.6202	-0.867557899587449	-0.981250858837464
chr3	143812902	143857642	165	2925	3245.1157	2352	3189.3182	0.289233442986642	-0.11228049692871
chr3	143857643	143930460	529	20003	10385.848	10380	10241.486	0.925922739537813	0.983150166287155
chr3	143930461	143943509	108	1707	2091.3868	2002	2101.2155	-0.22350794382865	-0.255444058535529
chr3	143943510	144071376	771	23370	15018.0557	12100	15029.937	0.950498352592031	0.675512481179793
chr3	144071377	144379213	1606	25536	31397.7374	27051	31138.5468	-0.0954016006407231	-0.260575247172709
chr3	144379214	144384523	69	731	1348.42	1385	1340.62	-0.930605482129139	-0.845773824737685
chr3	144384524	149739201	59491	1206817	1214705.5062	1095801	1119003.4061	0.0205356900045226	0.0281531306901385
chr3	149739202	149754312	88	261	1743.022	0	1687.029	30.4795186335524	-2.70191627145027
chr3	149754313	160762366	121454	2467399	2487367.8467	2242786	2280177.8261	0.0119322770943666	0.0259239480325943
chr3	160762367	160790577	111	1126	2236.31	2090	2107.95	-0.977868906183497	-0.952360567869343
chr3	160790578	167964681	77614	1572884	1623861.1375	1402761	1433698.2884	-0.0148370146283494	-0.00846319664650642
chr3	167964682	167965131	6	48	131.017	0	105.805	31.7703399919326	-1.41109491363973
chr3	167965132	168858270	10958	209621	224146.7563	198390	206003.9201	-0.0426211320122992	-0.0591075726146928
chr3	168858271	168859470	16	147	317.775	0	307.481	32.1067982262079	-1.07463667944635
chr3	168859471	171475985	27568	544569	573455.9004	502013	511871.5285	-0.0468038970815737	-0.0370148921680665
chr3	171475986	171476963	13	1	263.124	133	245.623	-7.15487284857088	-8.00204620245295
chr3	171476964	174800665	34055	673236	704325.6083	617340	635093.8203	-0.0245190026672863	-0.027577419240408
chr3	174800666	174803892	43	512	903.836	870	796.647	-0.947285262644676	-0.782364415952333
chr3	174803893	177699918	32422	673722	676333.7733	586768	599650.961	0.025457565226268	0.0319708074508141
chr4	784	6950292	66015	1295273	1337280.0825	1213251	1250087.6335	-0.0031875197701195	-0.00849266156674257
chr4	6950293	6951567	17	787	362.552	334	310.185	1.01116327413582	1.15572849800058
chr4	6951568	53204021	494170	9477566	9747993.8942	9306700	9535175.0402	-0.00589227778948256	-0.00303595456690527
chr4	53204022	53209664	64	1340	1228.16	1943	1261.31	-0.497921770817047	0.163287273659809
chr4	53209665	54483183	14234	259175	276813.3256	266676	277713.9645	-0.0367683502213536	-0.0574340375355974
chr4	54483184	54483783	8	0	152.124	88	156.574	-33.219574197178	-33.1817281542705
chr4	54483784	54937344	4790	93359	93547	94836	93217.7	-0.0280264250680233	0.0346505148940714
chr4	54937345	54941172	47	0	942.529	455	900.5	-33.219574197178	-33.1817281542705
chr4	54941173	65100373	120585	2419827	2430873.3639	2243592	2291457.8974	0.0235913567957632	0.0309819654773293
chr4	65100374	65101573	16	139	314.851	0	309.188	32.0394033340078	-1.14203157163152
chr4	65101574	71856741	70621	1376666	1409812.0976	1303278	1350714.7059	0.0169605730077905	0.00322848669592603
chr4	71856742	71860217	39	0	771.786	444	753.577	-33.219574197178	-33.1817281542705
chr4	71860218	92551880	221764	4343848	4418967.3148	4141823	4248990.9174	0.0118254709481822	0.0128171558271135
chr4	92551881	93201392	5977	105399	116518.2227	110442	116405.5796	-0.0691163773077763	-0.107141626878484
chr4	93201393	93212969	148	1591	2893.43	2956	2880.71	-0.900361991538397	-0.825294111249754
chr4	93212970	101316434	86937	1698214	1733995.7155	1620813	1664543.5169	0.00803362636242	0.00747073210732249
chr4	101316435	101316734	4	0	81.1259	43	75.6327	-33.219574197178	-33.1817281542705
chr4	101316735	105472087	20359	361376	399155.7455	365824	394426.5255	-0.0351374792317851	-0.105898286874486
chr4	105472088	105473290	16	0	309.19	156	315.049	-33.219574197178	-33.1817281542705
chr4	105473291	117939636	130123	2507620	2589868.978	2455327	2495909.1884	-0.0232033517177078	-0.00900757734868343
chr4	117939637	117941488	24	0	494.05	254	450.321	-33.219574197178	-33.1817281542705
chr4	117941489	119350033	17492	366671	359100.9624	329948	327871.1269	0.020693587497312	0.0676494431237752
chr4	119350034	119350708	9	83	179.061	0	172.939	32.109719793726	-1.0717151119289
chr4	119350709	132936092	157494	3215226	3203700.1881	2950303	2974524.0696	0.0166834820544118	0.0427338013681707
chr4	132936093	132937318	15	411	342.214	587	261.276	-0.903839530053582	0.301792406834939
chr4	132937321	143736153	119196	2267273	2349158.6271	2234788	2300974.5521	-0.00937221875572844	-0.0136332250123926
chr4	143736154	143764497	296	5212	5862.2935	5806	5697.3639	-0.197171379298414	-0.132075320743725
chr4	143764498	155293044	131370	2678298	2680225.0962	2438558	2475591.4531	0.0204140327137128	0.036515116192767
chr4	155293045	156920114	14654	261861	292299.2454	255569	280584.9527	-0.0242133528273985	-0.121092100543629
chr4	156920115	184224823	285877	5645398	5779184.9245	5307538	5422657.9963	-0.00312660040185484	0.00376205464957799
chr5	34651	24932547	254018	4844328	5042458.0233	4708178	4879345.2171	-0.00660517303661326	-0.020277823796604
chr5	24932548	24941452	16	138	308.153	16	312.022	3.12623212325213	-1.1214257744936
chr5	24941453	35214378	111697	2100277	2196319.3993	2090078	2160045.8865	-0.0172963310440681	-0.0269554647898273
chr5	35214379	35215128	10	98	191.524	1	196.557	6.65183912238989	-0.92911873932924
chr5	35215129	35362427	834	15659	16313.1773	15178	16180.2736	0.0329153370340724	-0.0214929232586317
chr5	35362428	35369747	55	735	1092.44	408	1053	0.79583324065173	-0.534185094991307
chr5	35369748	35601374	1559	28791	30746.0191	28144	30143.8691	0.00396224110626482	-0.0572289330608155
chr5	35601375	35602346	9	90	178.061	0	176.084	32.2346130439014	-0.946821861779277
chr5	35602347	68765569	356330	6808651	7086390.7063	6632073	6837025.2312	-0.014066411018341	-0.0201292305468458
chr5	68765570	68769360	49	451	953.484	916	955.965	-1.01876434360182	-1.04252850111484
chr5	68769361	68987107	2408	46604	47528.4341	46154	46437.9196	-0.0197826777357828	0.00921571026329698
chr5	68987108	68989963	38	403	768.903	0	719.354	32.2869659310517	-0.894468974639163
chr5	68989964	68990263	4	64	76.5957	63	78.3753	0.0555624852570915	-0.221638703191283
chr5	68990264	68992157	25	245	482.207	0	489.017	32.2421168556962	-0.939318049986026
chr5	68992158	77656319	90983	1800396	1832454.2179	1691558	1730278.0143	0.00689507987384592	0.0120899048395858
chr5	77656320	77699347	405	7030	8006.7821	10377	7809.5387	-0.598071285308981	-0.150145060548825
chr5	77699348	86869565	101736	1960558	2017385.3554	1903222	1955662.0847	-0.00230235830274005	-0.00366957282897852
chr5	86869566	86870465	5	58	106.709	0	88.7293	32.3394306455255	-0.842004260175231
chr5	86870466	98665953	122402	2237699	2386889.5623	2280253	2381661.3363	-0.0306346994352074	-0.0555630340589332
chr5	98665954	98876006	98	323	1942.939	641	1896.0275	-1.02434415827429	-2.55108174165881
chr5	98876007	108800490	111464	2164365	2220288.2184	2071670	2136070.4683	0.0070686316740063	0.000749644729894888
chr5	108800491	108806374	40	2	775.173	402	782.656	-7.63748489171735	-8.56082166046633
chr5	108806375	126889951	203956	4015014	4070907.3587	3809114	3903042.4327	0.0149050609980282	0.0176074224907152
chr5	126889952	126890701	10	112	204.141	0	186.604	32.3529204682358	-0.828514437467354
chr5	126890702	126891601	12	260	254.928	211	219.882	0.0876150426209613	0.0659745776211166
chr5	126891602	126892595	13	112	266.232	0	247.301	31.9698024451233	-1.21163246049985
chr5	126892596	132237021	60438	1184371	1210760.2296	1113949	1152749.6993	0.0173107365791736	0.00576067341299343
chr5	132237022	132557606	2070	33054	40575.9258	34411	40143.0588	-0.0738116594312602	-0.258246348861457
chr5	132557634	132558009	5	0	96.3744	62	98.8697	-33.219574197178	-33.1817281542705
chr5	132558010	133335399	8091	156523	160659.5952	150406	155514.201	0.010258480065193	-7.96847990267996e-05
chr5	133335400	133338786	42	910	831.908	402	809.28	1.13859274672455	0.166995349279267
chr5	133338787	137799331	45210	917076	929861.2843	823763	846003.6554	0.0181671061425486	0.0175785800823232
chr5	137799332	137803929	36	5	698.108	164	704.184	-5.0234149505339	-7.08782552432893
chr5	137803930	137960192	1327	27034	26551.1	26016	25393.5	-0.00922979569673443	0.0635561537364705
chr5	137960193	137963680	41	731	848.84	2106	765.2222	-1.67646928655492	-0.178068441216128
chr5	137963760	138410377	5354	111914	110791.8722	102704	99907.1202	-0.0255877391378194	0.0520912700578206
chr5	138410378	138411502	15	9	312.299	123	281.444	-3.92296280785966	-5.0793063384936
chr5	138411503	140256151	21252	426985	436513.2973	381739	397877.0361	0.0276025869213325	0.00571258088549279
chr5	140256152	140423925	1404	24043	27916.5371	22755	27021.1998	0.0321118279822199	-0.177950277487653
chr5	140423926	140431139	28	2	546.615	266	541.429	-7.06932855181744	-8.05682840603216
chr5	140431140	147437896	82772	1687399	1712580.2596	1512120	1542188.4521	0.00674273776319831	0.0161823451975787
chr5	147437897	147656772	2511	45164	51697.6056	42710	46962.5752	-0.0582798225666246	-0.157371402525956
chr5	147656773	147657597	9	92	180.568	0	171.144	32.2461512237106	-0.93528368197235
chr5	147657598	148564743	11122	223259	232307.2185	198297	205356.3718	-0.00714203727777327	-0.0197628547309188
chr5	148564744	148565043	4	2	82.3866	90	75.2198	-5.62344357250693	-5.32678499964271
chr5	148565044	160086722	137758	2831966	2889112.705	2479588	2538130.8169	0.00455021298526001	0.00873025468583196
chr5	160086723	160097634	140	3483	2832.356	2179	2563.0048	0.532204598854721	0.33588065788942
chr5	160097635	173707145	147906	3018825	3091570.7578	2697653	2733371.5068	-0.0156693753319588	0.00319989619544557
chr6	0	123769	1366	24561	26601.256	24900	26652.698	-0.0172824732495005	-0.0775722694314056
chr6	123770	126156	29	298	571.786	1	564.06	8.19924852697029	-0.902610170900716
chr6	126157	5101822	57338	1130201	1148635.1268	1067215	1094504.0465	0.0127919745054056	0.0142115784887432
chr6	5101823	5105210	9	521	176.714	161	175.999	1.68808032688357	1.59741982658446
chr6	5105211	7410679	26469	517003	535538.7949	484527	501928.6188	-0.00020653882585098	-0.0132656420487824
chr6	7410680	7432459	234	5522	4932.73	3868	4283.86	0.309834855658133	0.200357361131658
chr6	7432460	7433156	9	0	178.857	68	172.521	-33.219574197178	-33.1817281542705
chr6	7433157	17345136	96093	1887776	1934765.7482	1787290	1827359.3259	-0.0037779554261364	0.00208147947419648
chr6	17345137	17367446	127	1595	2472.704	2528	2460.745	-0.6717276739342	-0.594980330538609
chr6	17367447	21670456	44866	841549	880399.3027	845727	869650.4265	-0.0251604150973883	-0.027557931515155
chr6	21670457	21678402	84	820	1674.41	1	1611.02	9.62350819039481	-0.992404223130596
chr6	21678403	21696008	231	4610	4623.4	4522	4413.5	-0.0395184767865921	0.0333653606238606
chr6	21696009	21699721	49	525	1022.64	0	901.796	32.2570786659981	-0.924356239687044
chr6	21699722	34402296	140101	2803569	2835072.2029	2595707	2654359.7897	0.0158222444788087	0.0214318940325079
chr6	34402297	34403571	17	0	326.057	172	330.401	-33.219574197178	-33.1817281542705
chr6	34403572	51047447	196012	3891907	3936371.5122	3662767	3734628.6084	0.011348451356419	0.021163643284755
chr6	51047448	51060142	167	1676	3277.28	2	3222.18	9.68605110499055	-0.929923993332531
chr6	51060143	52198940	13526	266652	270270.7997	250986	258494.4217	0.0227855050196829	0.0181052933948715
chr6	52198941	52204143	69	0	1386.77	684	1311.91	-33.219574197178	-33.1817281542705
chr6	52204144	59917926	87108	1675974	1718268.9402	1638571	1681320.3273	0.000907085822154334	0.00159670085905005
chr6	59917927	59975336	596	12384	11829.1513	10619	11411.9026	0.169728985169832	0.103683602240068
chr6	59975337	91663834	342296	6504728	6730071.2878	6435535	6621774.2748	-0.00826855931058462	-0.0115802609615499
chr6	91663835	91686134	262	5657	5198.3067	4456	5031.2071	0.296857511274401	0.159548210415175
chr6	91686135	105321354	150525	2989770	3036542.3472	2769288	2857695.2276	0.0226487292709609	0.0151578094088778
chr6	105321355	105323785	22	0	434.891	195	424.942	-33.219574197178	-33.1817281542705
chr6	105323786	124702275	223355	4383988	4473157.2507	4168773	4265020.2507	0.00358690047140926	0.00850316789614677
chr6	124702276	124702981	6	52	130.858	0	108.232	31.8875691027344	-1.29386580286866
chr6	124702982	128737771	44755	908427	920679.2841	822364	838451.1242	0.00832822956079145	0.018224695501965
chr6	128737772	128740272	21	240	440.474	0	389.774	32.3429652431668	-0.838469662534592
chr6	128740273	137484234	95215	1949762	1981935.7931	1753099	1764918.7288	-0.0142111613299672	0.013940599544601
chr6	137484235	137647294	1930	34977	40361.4942	33286	35686.3969	-0.106407544453298	-0.169020236183169
chr6	137647295	147989969	86324	1654985	1722885.8299	1576356	1651288.4109	0.0086965255807264	-0.0204561660316898
chr7	794	996013	1191	13033	23579.9352	13908	22888.6935	-0.136963650079422	-0.817837750021731
chr7	996014	3515311	16258	322686	331669.621	287376	305624.1073	0.0489096275077543	-0.00206309432638521
chr7	3515312	10904028	30953	451248	607239.7737	461808	600033.9266	-0.0508880905491507	-0.390792956606529
chr7	10904029	12398950	18531	422144	399368.2498	329198	329519.6462	0.081131230577735	0.117568362187315
chr7	12398951	12436358	498	13179	10801.4	7188	8602.29	0.545859699916606	0.32457538369361
chr7	12436359	12871296	5292	120458	114246.7228	92310	94046.5292	0.102971938145328	0.113930223721485
chr7	12871297	14289617	13212	262262	268483.5761	246744	249037.4705	-0.0207704746764238	0.00372774351510796
chr7	14289618	14345982	691	14798	14058.609	12431	13008.409	0.139157264583468	0.111501141637151
chr7	14345983	29459488	107868	2077872	2185927.2646	1960286	2042570.9822	-0.0141098002688246	-0.0355858174307147
chr7	29459489	29460614	15	133	297.877	3	287.895	5.42085267286599	-1.12573769231056
chr7	29460615	30355457	10126	196332	202848.3008	187479	193367.2395	-0.00278474241280242	-0.00955308710265212
chr7	30355458	30356434	13	108	261.717	0	248.993	31.9420113743224	-1.23942353129414
chr7	30356435	31926608	18692	365117	373791.4414	350304	357250.7526	-0.00583835325578422	0.00367810110201972
chr7	31926609	31934521	22	115	449.836	1	414.106	6.72579772561229	-1.93021246708007
chr7	31934522	40587918	99662	1955304	1993956.3854	1854565	1903813.2401	0.00927695270691711	0.00931186863698714
chr7	40587919	40639568	617	23368	12043.9331	11799	12000.6354	0.980380617789455	0.993780458445716
chr7	40639569	44454171	43088	817738	847167.3838	814586	833413.197	-0.0183366853986751	-0.0134555680003047
chr7	44454172	44486885	13	217	256.878	26	251.389	3.02965645022865	-0.205835500245474
chr7	44486886	58229928	148879	2833923	2926294.2571	2823960	2881035.5796	-0.017699713849002	-0.0087214943968998
chr7	58229929	58241193	69	6	1383.19	635	1323.19	-6.78992262100712	-7.81126830000818
chr7	58241194	113595846	607919	11812506	12095292.5021	11304412	11660576.6633	0.0103293405462183	0.00342219825216496
chr7	113595847	113597817	26	1	518.764	589	499.392	-9.25732263996461	-8.98138168653558
chr7	113597818	117081234	38348	798905	798642.8397	692609	711118.8916	0.0382298979954936	0.0380262921396693
chr7	117081235	117092214	139	5698	2835.94	2626	2616.96	1.00136032035193	1.0441814065442
chr7	117092215	119135427	18300	394537	382444.6261	336750	337894.9453	0.0495133024503441	0.0824625223556085
chr7	119135428	119135993	5	0	100.787	35	96.1146	-33.219574197178	-33.1817281542705
chr7	119135994	119779235	7783	161321	164413.1463	139604	142788.9372	0.00485927527608772	0.0101613886525332
chr7	119779236	119780365	15	1	325.132	125	264.448	-7.26411900199031	-8.30732890358381
chr7	119780366	126637119	85399	1796982	1785879.5034	1562327	1576524.9284	0.0216995037117958	0.046494010051867
chr7	126637120	126637584	6	19	120.104	100	108.703	-2.54011436738377	-2.62266008085268
chr7	126637585	145280696	217802	4399621	4458681.6464	4012307	4088925.7667	0.00775868188324401	0.0183148509461082
chr7	145280697	145371604	100	2859	2026.5085	965	1893.2754	1.46850458119086	0.534067188027774
chr7	145371605	145481306	51	293	1000.1136	251	985.2849	0.201369023287021	-1.73363851599268
chr7	145481307	145729228	646	11082	12905.9591	9645	12358.3193	0.137517075546661	-0.182266291662637
chr8	510	4283987	38852	710456	757379.5948	735715	756119.5708	-0.0530971072607326	-0.0547184549635576
chr8	4283988	4290397	22	489	433.48	142	426.748	1.76106924709007	0.211421828321693
chr8	4290398	4322945	196	3799	3809.188	109	3818.755	5.12654528949072	0.0336890138154495
chr8	4322946	4324841	8	222	153.328	77	156.869	1.56027517746081	0.571491292399433
chr8	4324842	4328222	22	381	416.479	7	434.64	5.82757620746731	-0.0908999603511225
chr8	4328223	4329114	5	144	98.586	70	96.5277	1.00990895285301	0.584166914335421
chr8	4329115	4339180	63	1369	1223.08	93	1237.66	3.89655094166505	0.200156469654984
chr8	4339181	4348720	4	110	78.0666	58	77.7616	0.917437935711945	0.532278975357654
chr8	4348721	4420836	18	170	355.024	11	345.9646	3.91237393413038	-1.02482901436579
chr8	4420837	23498412	189241	3696040	3772366.3144	3561755	3624811.7865	-0.00446484841486598	0.0080633897560808
chr8	23498413	23882269	2572	46894	52098.5273	46046	48650.9212	-0.0727412082661081	-0.114286452395665
chr8	23882270	37996372	161231	3223829	3233904.4362	3030660	3075001.7651	0.0161601551674584	0.0330509695242204
chr8	37996373	37998354	26	0	501.61	245	509.638	-33.219574197178	-33.1817281542705
chr8	37998355	40443650	20299	388487	407285.14	371112	387054.6226	-0.00778357627780125	-0.0306200607887524
chr8	40443651	41407281	3842	65517	75305.2186	66320	74365.511	-0.0359841153640327	-0.16332775336815
chr8	41407282	41416849	38	9	748.26	227	735.72	-4.68129957495653	-6.33991803625198
chr8	41416850	43135512	1165	17962	22963.5241	17744	22509.8215	-0.0114659672787333	-0.316843269987534
chr8	43135513	43168276	331	6183	6394.53	3351	6482.45	0.903122919515356	-0.0109785241061372
chr8	43168277	43178120	116	3572	2228.15	2824	2286.24	0.375829244401026	0.718438516364879
chr8	43178121	60663278	204903	4135218	4168871.8063	3797594	3868945.6515	0.0148679166528462	0.0258591723524772
chr8	60663279	60664255	4	47	78.6216	2	76.0329	4.50599369257089	-0.704712172195695
chr8	60664256	116278034	616050	12203885	12412788.2366	11382429	11710435.6689	0.0162063128589175	0.0130660661213795
chr8	116278035	116469444	2471	55905	52956.6529	42007	44577.7883	0.163567414186688	0.115718174353293
chr8	116469445	122339384	68362	1372885	1394759.595	1255161	1286120.3654	0.012054295180315	0.0147471014596148
chr8	122339385	122340144	7	0	139.982	66	132.543	-33.219574197178	-33.1817281542705
chr8	122340145	122447549	885	18395	18407.614	16235	16444.667	0.0172302013911761	0.0365638347807461
chr8	122447550	122448349	9	0	182.25	94	170.358	-33.219574197178	-33.1817281542705
chr8	122448350	126319081	44137	859356	903131.8155	811977	830032.9709	-0.0402441241976432	-0.0341278637267323
chr8	126319082	126540157	2582	53090	51952.253	49019	49177.167	0.0356081510211503	0.0688066207348257
chr8	126540158	127146310	4008	71530	81995.2221	69783	75334.337	-0.0868526856494427	-0.159438609370097
chr8	127146311	127888459	9389	191948	196116.762	171055	173698.075	-0.00916907707993935	0.00655547565719823
chr8	127888460	127911084	218	2289	4488.71	3905	4092.081	-0.904364522848737	-0.93403063395688
chr8	127911085	130339225	30767	636895	642252.1858	568586	569464.3385	-0.0101506750894716	0.0254684456432156
chr8	130339226	130366132	352	7692	7178.0438	5887	6575.4602	0.259034028814296	0.137320830994624
chr8	130366133	131972473	16017	317497	328410.3185	284886	300271.186	0.0268315699207974	-0.0112037018288165
chr8	131972474	131978476	30	340	600.886	12	569.852	4.74763114738742	-0.784003767793576
chr8	131978477	132314032	4096	85257	83342.0401	78705	77286.304	0.00623811139970059	0.0703266700918001
chr8	132314033	132314857	11	125	216.895	0	212.557	32.4239189999768	-0.757515905738971
chr8	132314858	133306290	10888	221156	217943.1062	201723	207782.3322	0.0635169652343302	0.0586656078239572
chr9	501	17815624	147104	2846820	2991169.7181	2654962	2775356.0758	-0.00767007485344037	-0.0338056995213157
chr9	17815625	17841070	316	7644	6716.84	4895	5687.36	0.402702134112964	0.224097909766417
chr9	17841071	101201615	930933	18307432	18618567.1785	17436290	17790134.4063	0.00437844309051974	0.013240179669037
chr9	101201616	101204025	8	1	157.144	76	154.845	-6.26948314115391	-7.25839056136965
chr9	101204026	101229663	131	2340	2575.25	2389	2529.81	-0.0558750291051619	-0.100651168406047
chr9	101230431	101246227	191	2234	3780.78	3521	3682.67	-0.694581067597016	-0.721501922043802
chr9	101246228	104609967	33219	621180	650456.0328	623727	644482.6352	-0.0195066345266377	-0.0288873670178578
chr9	104609968	104610793	11	0	216.646	121	210.62	-33.219574197178	-33.1817281542705
chr9	104610794	110936502	64931	1244899	1280070.6482	1231423	1254309.0518	-0.0139215440883081	-0.00264194161642322
chr9	110936503	110937748	16	205	319.86	41	214.764	1.74694643854286	-0.604263883362616
chr9	110937749	120073448	102252	2027730	2066818.5222	1902351	1938705.731	-0.000529023077498925	0.010006641592455
chr9	120073449	120073973	7	90	135.641	2	135.889	5.49419518952899	-0.554243624267726
chr9	120073974	120358573	2901	52939	57127.3282	51914	55933.9159	-0.00254367936391804	-0.0722973199697656
chr9	120358574	120360898	31	275	600.22	664	600.31	-1.27182856230125	-1.08850697839007
chr9	120360899	121315350	8641	158755	168437.9079	159989	168127.5291	-0.0141248260080217	-0.0478620364525677
chr9	121315351	121319284	52	452	1020.85	0	1014.67	32.0436114809158	-1.13782342472449
chr9	121319285	122086633	7025	129646	138197.5373	127837	135813.2281	-0.00512891390820783	-0.0546014171130403
chr10	1186	491742	910	10649	18546.1535	9492	17175.3348	0.0548589268097226	-0.762849246137434
chr10	494889	7164335	66502	1345578	1358185.3378	1234257	1252369.1617	0.0072694736467224	0.0240984547983574
chr10	7164336	7166262	25	256	532.367	483	459.795	-1.12760299451236	-1.01872454010358
chr10	7166263	8661645	17742	343606	356677.7138	331650	337870.1252	-0.0273518287649946	-0.0163130514965615
chr10	8661646	8663445	24	318	478.742	0	459.919	32.6287660869405	-0.552668818808433
chr10	8663446	18803294	119241	2468021	2464314.0121	2194442	2223017.4445	0.0205404504246145	0.0397213636111119
chr10	18803295	18806447	41	386	827.367	747	781.097	-1.03582634009927	-1.06237377360851
chr10	18806448	39222149	235156	4623070	4719567.6316	4364522	4482945.1848	0.00852646086652199	0.0077493043343917
chr10	39222150	39222827	9	106	174.857	2	175.651	5.73416343140496	-0.684558492557861
chr10	39222828	41295276	24890	502772	508196.0838	454266	468397.385	0.0284214923149526	0.0220718433478371
chr10	41295277	41295954	9	86	175.858	3	173.303	4.81989465969926	-0.994449606629364
chr10	41295955	41304312	109	2195	2200.98	1877	2062.86	0.131998918787273	0.03362769878911
chr10	41304313	41304762	6	67	120.426	0	113.715	32.3730737973477	-0.808361108359094
chr10	41304763	49504758	89473	1818745	1830030.2145	1641687	1681950.6771	0.0257388721705015	0.0286286084379678
chr10	49504759	49505745	13	48	256.622	274	248.551	-2.55946577893766	-2.38098575050726
chr10	49505746	56008541	78905	1598669	1603491.8571	1462449	1490716.0553	0.0229801594002054	0.0332070310009223
chr10	56008542	56027492	186	3342	4029.196	1704	3294.763	0.6811758548747	-0.232227458831914
chr10	56027493	56264167	3003	62784	62650.022	55642	55615.116	0.00209146092861569	0.0406347252570216
chr10	56264168	56288880	310	7585	6416.78	5188	5743.46	0.387748044789944	0.278852454081786
chr10	56288881	56672144	4873	106191	102012	88884	89368	0.0654639743367663	0.0954754223694156
chr10	56672145	56804206	1620	30910	33245.943	29017	30394.9587	-0.0384642052485341	-0.0675518504297097
chr10	56804207	57042140	2866	60371	59168.398	52951	53525.8659	0.0443139152008635	0.0665816589788172
chr10	57042141	57042590	6	1	123.471	72	111.823	-6.31317351465143	-6.91047560889214
chr10	57042591	69406509	138476	2809226	2829502.522	2526549	2603447.3836	0.0325861109984095	0.0271770642233446
chr10	69406510	69406809	4	0	79.5268	69	76.5171	-33.219574197178	-33.1817281542705
chr10	69406810	86688654	201760	4067562	4107238.2643	3710941	3804557.7305	0.0216461366093571	0.0235484894782972
chr10	86688655	86710855	292	6817	6108.95	4250	5348.88	0.489693298743819	0.195765345353348
chr10	86710856	105785711	223836	4540344	4603671.8553	4115148	4188548.0643	0.00522926712604015	0.0175693990536164
chr10	105785712	105819334	443	10312	9211.7717	7830	8143.511	0.219118984657246	0.200326401899051
chr10	105819335	112626397	65030	1344205	1368979.5011	1151264	1193102.5121	0.0248583881209422	0.0112051259653361
chr11	797	13662096	146423	2742670	2857234.2941	2778071	2848848.0509	-0.0230363408762731	-0.0214855012755877
chr11	13662097	13729430	531	8022	10463.5334	8961	10229.1898	-0.192669252484678	-0.345783447274271
chr11	13729431	16481992	30763	602017	604188.0128	582309	595470.863	0.0267594180840301	0.0323594606973321
chr11	16481993	16503648	147	1425	2882.143	2662	2845.201	-0.920453242283462	-0.978627203669586
chr11	16503649	16638783	1342	26191	26385.151	25894	26005.649	-0.00474114560115888	0.0268976991295881
chr11	16638784	16644033	62	503	1218.9241	1103	1196.4417	-1.15995392970433	-1.23942519488353
chr11	16644034	21701697	51879	956039	1011800.9575	972813	1009745.7839	-0.0283196719897744	-0.0442313379394851
chr11	21701698	21708032	8	3	159.308	105	150.954	-5.20728599080923	-5.69315960356176
chr11	21708033	38465814	183766	3650097	3703671.4384	3442416	3494125.2885	0.00019532480218703	0.0165314790192601
chr11	38465815	39195894	2142	38378	42571.9943	37933	41078.7835	-0.0349784092461191	-0.112072350442873
chr11	39195895	39258959	82	1786	1632.18	3306	1563.09	-0.951047212979372	0.167484705882502
chr11	39258960	39273709	6	2	119.671	128	116.996	-6.03290761775386	-5.86537697135929
chr11	39273710	40874959	13525	250062	263933.2578	255677	263066.7452	-0.0370740626860132	-0.0403345201169999
chr11	40874960	40878262	44	428	849.058	829	861.564	-0.932959693471611	-0.95069951756801
chr11	40878263	42841533	21993	416290	428252.1335	421346	428830.5339	-0.0157625750070708	-0.00331873602238411
chr11	42841534	42841908	5	2	95.225	90	98.1821	-5.44802669669415	-5.53571567620384
chr11	42841909	52148872	97408	1859944	1913884.1336	1824795	1885115.6113	0.00538105035577213	-0.00369151236824659
chr11	52148873	52149247	5	126	101.641	2	95.1343	5.88154168723345	0.347494053844506
chr11	52149248	54871755	28797	562852	569648.3381	539461	554535.4285	0.022151769656511	0.0202368423338358
chr11	54871756	55778544	8216	147318	162569.532	150636	158156.0833	-0.0721339792692961	-0.104570388667508
chr11	55778545	55779594	14	0	269.483	288	275.114	-33.219574197178	-33.1817281542705
chr11	55779595	56520848	8193	146503	159627.9232	151334	159617.7679	-0.0471909780983625	-0.086230037297777
chr11	56520849	56530332	42	258	860.235	528	794.02	-1.14901559607078	-1.69980697003746
chr11	56530333	60119741	42249	822446	831975.8637	796459	815952.7605	0.0179715673635206	0.020932077304384
chr11	60119742	60123790	48	455	954.205	849	919.413	-0.953777437438037	-1.03087990579534
chr11	60123791	74309336	158299	3179502	3196175.8569	2958903	3005265.3577	0.0145907597876891	0.030006822055124
chr11	74309337	74317290	102	1906	2135.155	1107	1755.158	0.500859752008679	-0.126239891015611
chr11	74317291	89891472	168003	3353543	3388188.9179	3120862	3190135.1298	0.0165515051936871	0.0227245771421406
chr11	89891473	90463331	6109	105642	120363.7671	106597	117787.7937	-0.0444876892742825	-0.150664850868026
chr12	322	1245970	10141	196269	206457.6652	182219	191177.0975	-0.00407060319603932	-0.0354608658383905
chr12	1245971	1504094	3199	66458	64743.4524	60898	60631.5801	0.0310899026446551	0.0752613733636984
chr12	1504095	1506828	30	24	597.1595	180	575.8762	-2.95954146781891	-4.59945721452067
chr12	1506829	2752607	12466	248825	257535.7031	226428	232357.7914	-0.0126386072848313	-0.0120882138829859
chr12	2752608	2773229	198	16	3958.95	1916	3779.5	-6.97109753388731	-7.9133493011671
chr12	2773230	3722637	2217	35836	44269.9503	34615	42366.1649	-0.0136961989862538	-0.267365345664582
chr12	3722638	3751774	175	2435	3450.5109	3757	3390.9149	-0.651088004009036	-0.465335423276039
chr12	3751775	10007312	51119	986560	1046603.3232	922151	961021.929	-0.0259629500254203	-0.0476832505259558
chr12	10007313	10018610	135	3595	2769.96	2381	2540.39	0.469315754880246	0.413679422396177
chr12	10018611	17333656	82935	1660521	1722388.8096	1496601	1540632.8337	-0.011234698529633	-0.0152220884813952
chr12	17333657	17389668	732	17038	15758.7	12496	13153.3	0.18627266168737	0.150160264105124
chr12	17389669	20291099	22354	440051	456593.338	403166	420161.9075	0.00603907057848517	-0.0156862795546359
chr12	20291100	21169528	1283	4903	25701.9244	7938	24491.4509	-0.765002189454074	-2.35258692138569
chr12	21170232	21424495	546	6913	10795.3885	7202	10509.8756	-0.0980484926930308	-0.60547853782413
chr12	21424496	21781829	259	1806	5215.1363	2371	4920.1626	-0.476989983055924	-1.49235427090166
chr12	21781861	22300780	3825	81754	80290.992	68940	70246.3095	0.0528390674231641	0.0636039761067968
chr12	22300781	22597119	3436	58798	72266.1913	52752	63147.6186	-0.0383444896821375	-0.260000983100408
chr12	22597120	22597729	8	110	161.006	2	154.462	5.72120395858053	-0.512058133806462
chr12	22597730	37297920	151389	3015091	3120829.8271	2790250	2829565.1386	-0.0298354351420757	-0.0121753517419396
chr12	37297921	37298220	4	0	86.0692	47	73.7078	-33.219574197178	-33.1817281542705
chr12	37298221	48303486	131640	2683075	2754349.5892	2390611	2431211.906	-0.013821296045953	-0.000271504123844399
chr12	48303487	48304806	17	1	358.201	177	313.115	-7.66197551089358	-8.44707270843674
chr12	48304807	49092886	9305	190615	197019.2509	168843	170227.9082	-0.0361829862743744	-0.0101221554254394
chr12	49092887	49223502	107	1079	2161.625	613	2029.484	0.72443933811706	-0.964868605461333
chr12	49223503	52716696	41276	844286	864394.3183	754105	761328.0637	-0.0204982024017239	0.00359499687120822
chr13	0	28273732	245153	4498956	4796118.4456	4611276	4758252.4746	-0.0473044737810762	-0.0547242360691021
chr13	28273733	28278308	59	611	1169.25	0	1139.48	32.282648556969	-0.898786348721026
chr13	28278309	30937628	24652	452496	479382.9271	470407	481031.1709	-0.0513458833456649	-0.0457206954999102
chr13	30937629	30938078	6	81	114.386	0	119.073	32.7210710259557	-0.460363879806662
chr13	30938079	33517306	23377	438208	454252.3373	462220	456364.4266	-0.0705647105053183	-0.0143253202818906
chr13	33539748	33594375	31	161	595.518	409	602.9197	-1.32751264907682	-1.84953163186427
chr13	33594844	33889900	576	10117	11311.784	10773	11130.38	-0.114255385698617	-0.123492132074016
chr13	33889901	33898282	61	541	1179.009	0	1189.998	32.0951134685191	-1.08632143713265
chr13	33898283	33906500	98	1135	1923.621	1181	1894.7137	-0.0794546298142836	-0.723579488822343
chr13	33906501	33909395	27	809	531.608	510	524.837	0.646855822542755	0.643329681916111
chr13	33909396	33955505	335	2783	6578.3799	51	6487.8795	5.74972128329577	-1.20353862228846
chr13	33955506	33962089	2	30	42.6049	17	37.4081	0.631465832750991	-0.468504069174769
chr13	33962090	34029634	360	3024	7164.585	15	6920.304	7.60501078820376	-1.20687220602237
chr13	34029635	66849841	373365	7191087	7469630.9085	6920639	7135569.8123	-0.0109969529267859	-0.017274299184561
chr13	66849842	66851093	14	124	264.548	0	277.772	32.1257983102628	-1.05563659539556
chr13	66851094	68984162	22272	438131	442550.2691	418803	427703.4929	0.0155669208646776	0.0230737514140899
chr13	68984163	68988007	49	531	988.383	3	929.889	7.37930057357197	-0.858805540898153
chr13	68988008	72608170	42828	854769	869126.0164	787353	810675.2067	0.0177893924468221	0.0135220097397871
chr13	72608171	72609820	22	140	453.652	1	414.38	6.99835806294314	-1.65860639688049
chr13	72609821	84216038	138771	2752168	2779701.3646	2572993	2649369.5512	0.027546956315421	0.0231914373253542
chr13	84216039	84217088	14	180	295.091	32	210.536	2.00446687041231	-0.675610219194501
chr13	84217089	87424133	36892	726767	744022.7293	687543	700824.5223	-0.00654371834677987	0.00369901278253971
chr13	87424134	87428935	19	0	387.674	131	361.28	-33.219574197178	-33.1817281542705
chr13	87428936	89192561	20405	405458	410822.7259	379544	388532.8325	0.0145126112166963	0.0185892822155735
chr13	89192562	89193272	8	7	156.026	102	157.546	-3.85137699894056	-4.44073492812413
chr13	89193273	89673971	5504	114644	112696.8147	101295	103492.367	0.0553822679593267	0.0622669075800507
chr13	89673972	89674764	10	0	197.02	90	192.464	-33.219574197178	-33.1817281542705
chr13	89674768	89932420	2880	59278	59014.8884	52800	53948.7865	0.0371771372154207	0.043970601119202
chr13	89932421	89933784	17	2	343.373	163	324.911	-6.42875340509663	-7.38607997265016
chr13	89933785	89935949	24	188	484.276	335	454.29	-0.925937640173287	-1.32754405000792
chr13	89935950	114025099	277836	5564852	5636134.5475	5176121	5255795.6865	0.00338186857848137	0.0191900611274388
chr14	322	1443642	4937	72794	96735.2122	75678	95705.3643	-0.0717890129716203	-0.372668798108993
chr14	1443643	33212128	336902	6527526	6723995.0149	6269674	6448255.9792	-0.00255701813743974	-0.00522956122880362
chr14	33212129	33212522	5	49	97.0882	3	99.4569	4.06422959176339	-0.948961418510486
chr14	33212523	39839597	76708	1527722	1545718.7026	1439043	1457571.4649	0.0012679156519572	0.0206570398891555
chr14	39839598	39847025	18	170	352.453	0	350.301	32.1670915615847	-1.01434334408236
chr14	39847026	40887482	10195	187354	197998.2406	194246	199006.4163	-0.0450840233921831	-0.0421680364341187
chr14	40887483	40891098	45	118	885.528	6	869.623	4.2712394519804	-2.8701982697986
chr14	40891099	61682024	212734	4041573	4204832.4832	3978842	4101960.6228	-0.013459636091643	-0.0195786249309688
chr14	61682025	61683390	18	152	361.501	0	343.037	31.9690593862096	-1.21237551941345
chr14	61683391	62269526	6773	128979	131969.974	129287	131826.9476	-0.00529868814140404	0.00447926109863882
chr14	62269527	62270651	15	177	294.588	0	288.564	32.4840383972827	-0.697396508443274
chr14	62270652	62365169	1093	18939	21361.7777	19572	21221.6472	-0.0572193495904181	-0.136118759569167
chr14	62365170	62386761	95	554	1864.251	10	1840.454	5.77298637260335	-1.7130854389225
chr14	62386762	62739018	3449	65686	67612.1362	64551	66862.7511	0.00877370733161597	-0.0041435207643704
chr14	62739019	62746444	39	374	765.399	0	755.703	32.1858139545673	-0.995620951103607
chr14	62746445	94595596	350727	6934250	7050009.8454	6534085	6675932.6534	0.00680550871396584	0.0136673733562779
chr14	94616692	97156311	744	6280	14766.1482	5067	14249.4791	0.257955119881388	-1.19590428409583
chr14	97156312	102568475	43759	821792	860450.3481	811918	846568.6409	-0.00631888741523668	-0.0287658636528161
chr14	102568476	102571152	35	298	695.027	678	670.721	-1.23762244172303	-1.18420389826594
chr14	102571153	115493372	144577	2816071	2891884.6586	2676118	2762476.5078	0.00720091237350959	-0.000773509216661167
chr15	0	6108368	55682	1107157	1126621.2345	1020540	1055143.1694	0.0226700379920996	0.0124100434376922
chr15	6108369	6108968	8	2	157.339	89	154.287	-5.50428648475099	-6.26017970322618
chr15	6108969	6597521	5339	97831	105024.9182	98964	103285.1365	-0.041004380599853	-0.0648152736011844
chr15	6597522	6598196	9	0	179.787	99	169.687	-33.219574197178	-33.1817281542705
chr15	6598197	6681005	963	18852	18864.7	18664	18649.2	-0.00240928772007952	0.0365812236549939
chr15	6681006	6681680	9	2	173.678	78	176.102	-5.26569918563033	-6.40271840035871
chr15	6681681	7646684	11428	220161	223507.6545	220028	221817.3571	-0.010373428373711	0.0157874823792569
chr15	7646685	7654167	96	4	1927.68	941	1834.02	-7.95020033425908	-8.87509700076775
chr15	7654168	7654917	10	181	195.289	185	193.779	-0.0430272777925255	-0.0720681970838111
chr15	7654918	7656636	20	0	388.417	243	392.519	-33.219574197178	-33.1817281542705
chr15	7656637	20651720	146153	2878415	2933175.2977	2721930	2786132.4348	0.00615193751918416	0.010364110037627
chr15	20651721	20651945	3	0	59.1174	40	57.5795	-33.219574197178	-33.1817281542705
chr15	20651946	21027727	4425	81812	89817.9575	78675	83781.8517	-0.0442521966503961	-0.0971386502580285
chr15	21027728	23329987	569	6680	11330.1799	5238	10871.3734	0.290902236266184	-0.724697965716434
chr15	23329988	29345768	61475	1218672	1241843.5639	1150551	1166148.0732	-0.00804075879173879	0.0103792307037388
chr15	29345769	30404282	472	5793	9386.5778	8080	9046.1406	-0.533634726543219	-0.658735809760791
chr15	30404283	30556092	324	4972	6382.197	5073	6253.9175	-0.0585990658039881	-0.322674049957595
chr15	30556093	30562250	22	34	436.897	228	426.106	-2.78180125363992	-3.6461337514637
chr15	30562251	30571518	48	823	961.1167	729	914.3259	0.102677239764651	-0.186266390064896
chr15	30579166	30721414	205	2820	4054.028	3981	3950.2743	-0.535132175222907	-0.486108095682437
chr15	30721415	30919046	186	3420	3724.971	3304	3548.138	-0.0206776813795668	-0.0856800739398881
chr15	30919047	32138539	765	11292	15214.1843	14567	14647.999	-0.422409395478971	-0.3925631579388
chr15	32159991	33037598	8446	166346	170511.5578	148072	160543.1288	0.0806864566162118	0.00187043707217713
chr15	33037599	33053052	197	3401	4097.94	3763	3678.18	-0.302124309908173	-0.23138706045762
chr15	33053053	35519064	22745	472843	468902.4199	417737	424270.6509	0.0341702171266922	0.049626309366947
chr15	35519065	35533756	130	2294	2515.26	1308	2544.13	0.826674455642893	-0.0952893516187863
chr15	35533757	38644715	27050	539196	544936.731	502902	514159.4302	0.0163662956145272	0.022273850911146
chr15	38644716	38650660	45	587	906.692	30	839.982	4.17977870215667	-0.589699257514129
chr15	38650661	38716547	275	10390	5565.5213	4100	5210.8613	1.24621162000562	0.938159718470539
chr15	38716548	38724597	59	334	1178.511	1	1127.132	8.3191021384962	-1.78149242157095
chr15	38724598	39678896	10477	201811	209807.9041	190680	199892.1869	0.0117110874786369	-0.0185114221190225
chr15	39678897	39693820	85	2755	1732.214	934	1601.5118	1.44708186971242	0.706987939968855
chr15	39693821	86827848	519958	10050535	10329520.1053	9741190	9988412.3771	-0.00363681912899303	-0.00194813592068969
chr15	86827849	86828523	9	0	182.297	86	169.426	-33.219574197178	-33.1817281542705
chr15	86828524	95309337	94152	1790015	1851938.0964	1790108	1821302.7936	-0.0244332848166364	-0.0115114035064824
chr15	95309338	95310312	13	0	257.085	130	252.041	-33.219574197178	-33.1817281542705
chr15	95310313	96729426	16045	296482	312015.7668	306542	313094.5513	-0.043454015431755	-0.0361216199269463
chr15	96729427	96731694	29	0	563.703	288	564.477	-33.219574197178	-33.1817281542705
chr15	96731695	97045738	3769	70340	73367.8922	72180	73431.4084	-0.0362986240267959	-0.0232507085806769
chr15	97045739	97046402	7	0	133.368	74	138.548	-33.219574197178	-33.1817281542705
chr15	97046403	100160060	33815	629953	659887.118	641352	658033.6262	-0.0302233824947768	-0.0294222647039212
chr15	100160061	100203612	574	11836	11367.368	10215	10985.926	0.162957377072361	0.0958361450506388
chr15	100203613	105433303	60274	1166547	1202625.3223	1123939	1153792.9199	-0.00641547706934032	-0.00639001193153542
chr15	105433304	105437135	51	533	1033.3	1	966.796	8.96172256875239	-0.917498942498135
chr15	105437136	106498168	13291	269040	270764.6988	249120	250549.2543	-0.00125882838329232	0.028333820262971
chr15	106498169	106521936	311	3160	6459.08	0	5782.26	32.1875835698974	-0.993851335773824
chr15	106521937	109985442	28834	574430	584287.2159	530168	545454.0994	0.016168327699463	0.013006167896265
chr15	109985443	109998201	52	610	1028.058	367	1003.096	0.6972739553834	-0.71548771679227
chr15	109998202	111239624	12025	224864	234635.4312	227860	233875.8585	-0.0240661616484319	-0.0238153809123378
chr16	17697	8078941	90278	1839608	1843466.7155	1665320	1699533.4774	0.0260231151844517	0.034529803262064
chr16	8079053	8136516	697	12295	14527.2584	11901	12949.3669	-0.119185212701797	-0.203137931974537
chr16	8136517	20257482	126060	2472280	2541819.5056	2331129	2393134.3596	-0.00244013560646297	-0.00246664752111297
chr16	20257483	20704791	5570	127295	119318.3454	96075	99773.6264	0.147564068482805	0.130912670780951
chr16	20704792	30785684	93688	1792072	1863749.3977	1731390	1795835.3191	-0.0041482062093952	-0.0190264898691912
chr16	30785685	31102155	122	1906	2434.3003	1324	2338.8544	0.467646648788021	-0.315406238649515
chr16	31102156	57056851	262806	4972932	5181078.138	4910764	5074505.9899	-0.0121289969216507	-0.0216028430577209
chr16	57056852	57058051	16	180	309.5	0	312.584	32.4370451976846	-0.744389708033425
chr16	57058052	64896286	90310	1772525	1803380.3119	1699049	1727787.6248	-0.000992513027283049	0.0126550939453191
chr16	64920066	64978895	131	2045	2526.1992	1374	2567.8676	0.597028003769396	-0.267314767416702
chr16	64978896	72206325	76155	1479810	1523708.7927	1418055	1454412.847	-0.00594514135121238	-0.00462245714883151
chr16	72206326	72208630	20	293	403.717	107	380.848	1.36886760064348	-0.424890878667782
chr16	72208631	78865440	74308	1458968	1496052.768	1379300	1413232.4747	-0.0014435429652844	0.00133997315693066
chr16	78865441	78866272	11	39	218.46	137	213.583	-1.84549543750395	-2.44827032211747
chr16	78866273	90668716	135087	2663827	2733071.7364	2521079	2560929.7039	-0.0146898596085327	0.000529858040044226
chr17	545	8916508	95061	1891787	1939200.7257	1759841	1791630.1642	-0.0101779577762772	0.00184031289641606
chr17	8916509	8919723	41	738	841.428	1	772.529	9.40393291060356	-0.15166621607296
chr17	8919724	8920674	12	191	254.099	241	222.285	-0.528733856900346	-0.374265264657606
chr17	8920675	8923218	33	0	680.228	644	618.989	-33.219574197178	-33.1817281542705
chr17	8923219	9589161	6920	143410	144930.4557	126371	127878.9747	0.00160523840595995	0.0223376268008918
chr17	9589162	9589550	5	121	101.025	1	94.2289	6.81809913118724	0.297847490702052
chr17	9589551	9824942	2972	65632	63018.6	53579	53955.5	0.0684308189654733	0.0961744873878611
chr17	9824943	9825599	7	104	145.958	5	130.286	4.21434714979386	-0.451416964365896
chr17	9825600	25721273	183020	3630692	3739174.311	3340710	3444139.0297	0.00122020269643624	-0.00492238469237184
chr17	25721274	25723598	31	324	617.193	0	596.258	32.2892598142503	-0.892175091440989
chr17	25723599	36929852	117206	2325941	2355684.2616	2166576	2231604.5823	0.0240396434019922	0.0192211124984777
chr17	36929853	36931919	24	233	478.722	1	459.045	7.80334030989305	-1.00130535784867
chr17	36931920	43910824	73331	1401317	1452571.1231	1363305	1410865.8543	-0.0026462371970952	-0.0142726570846477
chr17	43910825	43949653	486	10334	9663.26	8392	9301.31	0.244942898582444	0.134369699335171
chr17	43949654	48010065	35238	678239	698895.0959	650454	677122.5076	0.0143944145785323	-0.00572938429663832
chr17	48010066	48493083	402	6691	7867.0922	8087	7789.1731	-0.288036327497666	-0.196055852656696
chr17	48495966	59757770	112732	2170185	2241324.2098	2097806	2162927.4649	-0.00272255007955495	-0.00898052431328556
chr17	59757771	59778290	133	20	2654.25	2476	2550	-7.0099677495893	-7.01460763850956
chr17	59778291	59788784	133	2492	2670.06	2497	2523.93	-0.0843852644498899	-0.0620152985422482
chr17	59788785	59789771	13	5	274.695	261	242.179	-5.88802802184436	-5.74220594306741
chr17	59789772	59836334	560	11241	11123.3066	10520	10743.4428	0.0452130996769897	0.0527374597619979
chr17	59836335	59840396	51	720	1032.698	0	966.0793	32.6986380950163	-0.48279681074294
chr17	59840397	60272129	5327	104985	106601.9029	98134	101582.5389	0.0274842402864414	0.0155028174349075
chr17	60272130	60274454	31	662	613.77	0	597.176	33.3281207864747	0.146685880642302
chr17	60274455	61247009	9467	181471	188307.0565	175351	181589.2971	-0.00320778098133244	-0.0157952523111838
chr17	61247010	61247399	4	68	77.0627	4	77.3382	4.09231804338747	-0.142945192601749
chr17	61247400	84831862	261026	5055511	5216113.047	4847343	4991100.144	-0.00324778199390688	-0.0075654182231886
chr17	84831863	84848011	195	4100	3864.94	2997	3682.3	0.381972728856571	0.122730686794303
chr17	84848012	86225989	15031	295880	304016.2861	276308	284648.3076	0.00347351062871782	-0.00158363501390091
chr17	86225990	86230639	59	600	1174.61	1189	1127.52	-1.04603635842922	-0.931594624613288
chr17	86230640	88135653	21123	413822	425235.6236	390817	401651.1001	-9.57610375868272e-05	-0.00169932204535418
chr17	88135654	88136253	8	3	158.041	85	154.68	-4.85573389034322	-5.68163976691986
chr17	88136254	89385717	14282	277605	283466.2978	266084	274306.2801	0.0134689763068937	0.00740912876292601
chr17	89385718	89412154	112	483	2253.969	163	2087.51	1.45617340967292	-2.18481978406639
chr17	89412155	89420092	22	562	441.0135	559	421.8666	-0.0566073490226692	0.387300105921781
chr17	89420093	89463173	90	1228	1801.7117	343	1721.84	1.77431974090685	-0.515504821968294
chr17	89464669	89653336	1806	31048	35802.1622	31315	34763.0609	-0.0551383902625803	-0.167993585797499
chr17	89653337	89659072	32	449	648.055	3174	604.01	-2.92335184918112	-0.491848019103811
chr17	89659073	90616851	8031	157601	159442.1838	149300	154222.5976	0.0297500727232826	0.0207961083719233
chr17	90616852	90617165	4	1	84.3182	75	75.8578	-6.38165846426776	-6.36021935719646
chr17	90617166	90843705	2871	57996	58071.6863	52755	54449.6392	0.043439877851452	0.0356712673624458
chr18	0	393595	2254	43413	44974.7859	44852	43080.9131	-0.109406030081396	-0.0134364972334391
chr18	393596	416625	305	6735	6296.997	5295	5606.855	0.179281793575352	0.134566760399443
chr18	416626	60530586	651638	12719328	12999299.5039	12211685	12474299.703	-0.00100813482783217	0.00614136298360437
chr18	60530587	60535612	67	2	1367.47	624	1264.18	-8.39900270585614	-9.37974057447056
chr18	60535613	61053680	4645	90773	95429.3417	82874	87080.4476	-0.0010336642348681	-0.0346168872385772
chr18	61053681	61054880	16	0	325.036	320	302.903	-33.219574197178	-33.1817281542705
chr18	61054881	61798643	8765	177890	178698.2034	164110	165066.6111	0.0015522107234133	0.0310130773785024
chr18	61798644	61799384	9	98	181.476	2	171.06	5.52914026256936	-0.851372316804122
chr18	61799385	67884467	71702	1387857	1430454.9799	1326389	1371822.1026	0.00468104190766588	-0.00606237304636723
chr18	67884468	67895607	22	10	437.926	98	420.57	-3.35141615915772	-5.41506240020252
chr18	67895608	70859220	34676	690850	698604.9472	649107	659239.0885	0.00594786649908644	0.0214484366129357
chr18	70859221	70859595	5	63	97.3213	0	97.0226	32.5915839375221	-0.589850968221163
chr18	70859596	71314435	5328	110100	109311.8175	100780	99935.8309	-0.00206357895356502	0.0479178870940463
chr18	71314436	71320997	84	2678	1735.32	1637	1573.31	0.568409627196297	0.663507029244459
chr18	71320998	80937545	101752	2024411	2080009.0656	1865188	1913904.7184	-0.0021828903114606	-0.00153480290953262
chr18	80937546	80943035	73	1607	1520.11	946	1283.53	0.520105882961281	0.117746998299197
chr18	80943036	83357232	23159	448386	461584.2223	435118	443605.4281	-0.014275606786249	-0.00429988297194724
chr18	83357233	83360171	28	0	554.929	76	535.973	-33.219574197178	-33.1817281542705
chr18	83360172	83376484	214	4236	4167.66	4070	4177.37	0.0607378921947385	0.0610177975149305
chr18	83376485	83380547	45	4	886.066	454	864.32	-6.86269033828385	-7.75371752737351
chr18	83380548	83593448	2674	51559	52404.678	51407	51810.438	-0.0124866100994297	0.0140814749427319
chr18	83593449	83595697	25	1	487.969	225	485.287	-7.82202569214545	-8.89309282303851
chr18	83595698	83596153	6	79	116.022	95	118.938	-0.230556781040485	-0.51692104076928
chr18	83596154	83599174	39	0	763.255	379	757.018	-33.219574197178	-33.1817281542705
chr18	83599175	83924794	4094	79216	80119.213	79534	79426.6938	-0.0185974226585598	0.0211963993362885
chr18	83924795	83925694	12	0	236.563	99	231.121	-33.219574197178	-33.1817281542705
chr18	83925695	85677784	20147	370241	392170.6181	380633	392710.8706	-0.03824314487975	-0.045463990153697
chr18	85677785	85686389	26	23	528.1679	138	492.8062	-2.68523196465511	-4.48373805855224
chr18	85686390	88201446	20522	373459	400971.352	375278	398703.9697	-0.0154842946496525	-0.0649965039005734
chr19	0	11438928	123783	2400627	2458962.3216	2344577	2376558.986	-0.0153850672691599	0.00291442658825704
chr19	11438929	11441070	27	1	538.928	211	515.204	-7.78634115494812	-9.03639586130513
chr19	11441071	26354484	166172	3328022	3391882.8409	3064003	3127612.7771	0.00192958054592162	0.0101314266436659
chr19	26354485	26360588	5	0	95.3216	138	98.875	-33.219574197178	-33.1817281542705
chr19	26360589	26394444	99	864	2010.6767	686	1871.2001	0.228812204326542	-1.18102511455203
chr19	26394445	27105279	325	953	6466.5897	1628	6222.5308	-0.828349438176519	-2.72490416060091
chr19	27105280	27138054	14	15	275.072	172	270.48	-3.54395477758952	-4.15922208990844
chr19	27138055	27786597	2155	39239	43169.7147	37263	41068.576	0.00226656445888321	-0.100178488426413
chr19	27787666	28178027	369	1271	7437.682	1740	6980.9641	-0.544843298533001	-2.51133624068208
chr19	28178028	28561082	1369	23270	27134.0373	23112	26348.4911	-0.0328475248346322	-0.184079718085421
chr19	28569676	28596974	8	40	161.64	171	150.821	-2.19616460397603	-1.97715955633528
chr19	28596975	29193076	565	5706	11291.1994	6010	10773.0279	-0.142953440839448	-0.947094296632501
chr19	29193077	53074392	277686	5533640	5639074.0786	5160640	5248183.5188	-0.00325457784778713	0.0103232895952801
chr19	53074393	53498801	5125	98765	108915.5568	89734	93645.7614	-0.0798725280543693	-0.103585459124591
chr19	53498802	59483905	70140	1473863	1479327.3462	1277028	1285907.9643	0.00436508278797075	0.0322138946181933
chr19	59483906	59514603	403	9079	8360.4131	6727	7370.0235	0.250371884932539	0.156511966685013
chr19	59514604	62275498	30437	598314	614594.9383	562881	577659.4234	-0.00163710450729382	-0.00118026930470021
chr20	747	4008	7	389	135.171	15	136.006	4.70532713354404	1.56253728525576
chr20	4009	168423	167	1924	3402.2537	1831	3119.2256	-0.054119064306983	-0.784829130246506
chr20	168424	173356	36	69	747.776	321	670.887	-2.37473465821398	-3.40038510522233
chr20	173357	198546	184	2218	3764.1311	2134	3442.6651	-0.0733850918703576	-0.725504715866102
chr20	198547	200024	19	5	376.023	391	362.489	-6.34227363219047	-6.19519619860103
chr20	200025	266446	744	12201	14824.4669	12444	14222.671	-0.0885319501297667	-0.243428033793794
chr20	266447	266821	5	1	98.2	85	97.1502	-6.42519023090786	-6.58009831065696
chr20	266822	360345	938	17683	18534.853	17731	18110.105	-0.0376498596811682	-0.0303248232703756
chr20	360346	360733	3	1	57.4075	72	58.3837	-6.14589182680602	-5.80561452203849
chr20	360734	452023	746	13248	14596.6651	13300	14466.991	-0.0188188244380032	-0.102311421512372
chr20	452024	521314	186	4010	3642.277	19	3603.374	7.70567348605593	0.176314386054589
chr20	521315	661034	1057	20733	20603.927	20028	20551.838	0.045965365795826	0.0465623460464126
chr20	661035	662961	22	556	423.3778	175	435.6736	1.70873878389753	0.430692054678047
chr20	662962	782771	943	18297	18657.9655	17850	18155.5369	-0.00399228688016133	0.00936823592958468
chr20	782772	794211	115	3767	2240.2156	2130	2238.2989	0.821034474566648	0.787331242975818
chr20	794212	814764	165	2455	3244.6235	2272	3199.7189	0.0913610288075769	-0.364775260987387
chr20	814765	815332	6	119	117.812	0	114.505	33.2334627785778	0.0520278727545148
chr20	815333	1162879	1120	20114	21851.6366	22284	21775.7552	-0.153120037939164	-0.0819885272566817
chr20	1162880	1172808	77	3046	1484.12	8	1513.36	8.6005544221833	1.07486098927999
chr20	1172809	1284340	717	12798	14046.025	12782	13906.742	-0.0128659050916014	-0.0966907418117909
chr20	1284341	1286238	16	0	324.1655	202	305.0302	-33.219574197178	-33.1817281542705
chr20	1286239	1603096	1578	27801	31066.1041	27365	30531.7819	-0.00251786564770545	-0.122651756782745
chr20	1603097	1606134	38	1224	734.632	750	740.6	0.71802061834473	0.774062707492565
chr20	1606135	2878790	10436	202603	210722.2994	186907	197920.1508	0.0256171979635391	-0.0191346620249731
chr20	2878791	2883504	12	136	246.961	4	226.672	4.96349254591273	-0.823123783529809
chr20	2883505	3243149	1084	22714	22557.5361	16932	19906.9296	0.243197374599855	0.047525091285163
chr20	3243150	3246934	22	3	450.21	216	410.279	-6.30421102847198	-7.1919389748834
chr20	3247285	3250994	13	102	277.2168	222	236.2506	-1.35298047004037	-1.40489274369677
chr20	3250995	3265883	54	20	1120.99	467	1008.74	-4.69786292644321	-5.77107679545642
chr20	3265884	3638905	4443	95659	93216.323	77820	81692.1803	0.107081863515606	0.0748708988800504
chr20	3638906	3794775	1647	25679	34601.2446	23411	30338.5805	-0.056561133904693	-0.392682115803327
chr20	3794776	3797231	20	71	428.165	164	333.223	-1.56977701883356	-2.55472314340642
chr20	3797232	4090200	2154	34985	45268.5542	27673	39330.4121	0.135100262493538	-0.334219943673261
chr20	4090201	4277401	2009	38776	41416.9556	35180	37679.4303	0.00367089802501053	-0.0575047281566785
chr20	4277402	4280748	25	282	525.995	2	463.043	6.95535515913336	-0.861801128124944
chr20	4280749	8159586	40468	844578	860052.1906	709076	734680.1382	0.024689215751491	0.0113592526967838
chr20	8159587	8176982	222	4889	4627.23	3460	4043.37	0.303883535721588	0.11694338914173
chr20	8176983	19756560	125318	2476117	2570966.927	2285470	2350250.5391	-0.0142011381188525	-0.0166787711370757
chr20	19756561	19760711	50	512	1047.68	1027	927.06	-1.18097722720171	-0.995429621801116
chr20	19760712	20821917	13225	263308	270551.124	246125	248759.4565	-0.0240829642136781	-0.00159708525644415
chr20	20821918	21013488	2065	37725	41838.8569	37199	39067.1281	-0.0789244176587675	-0.111769740027021
chr20	21013489	21014014	7	94	137.5	1	135.721	6.5355079302164	-0.511146161920251
chr20	21014015	34063609	145837	2873901	2950526.3825	2695121	2763751.9991	-0.00197712398018983	-0.000409198918310386
chr20	34063610	34064673	14	114	278.252	1	269.615	6.78710543258665	-1.24980543796039
chr20	34064674	38919382	53428	1008033	1053968.3311	992298	1030898.6431	-0.00952475320405528	-0.0267358546329694
chr20	38919383	38985252	859	17802	16846.3	15830	16600	0.147836307372847	0.117160364340858
chr20	38985253	55076204	180847	3456376	3613337.9201	3351180	3459124.5872	-0.0186274647954257	-0.0265192186197156
chr20	55076205	55083664	28	446	542.2646	839	549.4321	-0.892976139536978	-0.244400486798334
chr20	55083665	56205872	12376	229151	243374.9397	224527	238936.9992	0.00256603947641651	-0.0493292451858079
chrX	598	2207884	12524	233570	248659.2393	229810	240442.6159	-0.0253572571949368	-0.0527622581341798
chrX	2208626	2220239	31	249	672.858	417	524.156	-1.10450070757488	-1.39660353320842
chrX	2221435	13022945	98688	1879322	1956669.6283	1852014	1897035.21	-0.0238297058804255	-0.0206351145611272
chrX	13022946	13023772	11	0	213.212	217	214.423	-33.219574197178	-33.1817281542705
chrX	13023773	14951859	17479	339669	346085.0835	329050	336350.7118	0.00436903557564183	0.0105555892343392
chrX	14951860	14955635	25	293	567.6632	440	426.5436	-0.999238109046985	-0.91658175927423
chrX	14955636	18218748	31509	604683	631021.9436	585489	600901.547	-0.0243178339012322	-0.0239583608472507
chrX	18218749	18255705	286	3762	6089.775	4146	5320.1297	-0.335441023730845	-0.657336281908283
chrX	18255706	20995771	23349	423190	461493.7626	421755	449870.133	-0.0321954433191233	-0.0874528173424899
chrX	20995772	21257874	1924	37406	37795.298	37008	37206.7917	-0.007501489824986	0.0226157304666377
chrX	21257875	21260346	29	2	588.029	597	550.966	-8.31580433724969	-8.16219065938821
chrX	21260347	22597280	12121	232292	240408.326	223786	232600.097	0.00589127369868268	-0.0119945972171734
chrX	22597281	22608838	76	2	1475.297	1176	1477.492	-9.19782061021945	-9.48923680407559
chrX	22608839	23823061	9934	181821	196349.4995	180028	191256.6779	-0.0239095176455657	-0.0733522879328801
chrX	23823062	23997679	1100	18160	21634.0696	18946	21219.1867	-0.0893580515337328	-0.214988079800244
chrX	23997680	24000875	11	12	224.192	201	207.532	-4.17778342745032	-4.18607569012038
chrX	24000876	25523695	11526	220254	226237.3339	220563	222838.3453	-0.024155339398478	-0.00111600917719971
chrX	25523696	25523995	4	0	79.1739	66	77.6196	-33.219574197178	-33.1817281542705
chrX	25523996	38341651	130945	2491160	2584660.0353	2452358	2524901.4567	-0.0113926157288645	-0.0156040534672322
chrX	38341652	38345999	45	1289	891.1219	781	869.524	0.687167613133308	0.570110356226807
chrX	38346000	39069031	7530	142871	148393.4327	140040	145254.4935	-0.00226355857390707	-0.0171613432424632
chrX	39069032	39070083	14	114	281.044	0	266.659	31.9172255097712	-1.26420939583928
chrX	39070084	39101982	341	6410	6627.233	6298	6648.9454	0.0298562390951117	-0.0105294909258571
chrX	39101983	39103001	10	126	195.444	0	197.706	32.5856561387596	-0.595778766982709
chrX	39103002	39642854	4725	88114	92175.5539	89686	91921.5998	-0.0297850599612477	-0.0274601259375737
chrX	39642855	39644939	27	301	521.58	0	528.246	32.4258626371072	-0.755572268608962
chrX	39644940	100983105	582628	10758810	11409466.835	10946708	11308204.0183	-0.0381333665445624	-0.0471600667207922
chrX	100983106	100987907	61	1856	1189.48	1278	1172.82	0.517666222403304	0.679418490769492
chrX	100987908	106141502	51863	977565	1016094.8464	987594	1006013.554	-0.0294040196946796	-0.018217742600316
chrX	106167519	106186533	148	2510	3074.0204	3251	2731.715	-0.543809204214442	-0.254886580204656
chrX	106186534	112386400	61049	1138930	1203570.5151	1127205	1177927.1303	-0.0164344608058135	-0.0420887945144112
chrX	112386401	112394603	67	1484	1436.08	1949	1113.03	-0.76117988786984	0.0849077667964032
chrX	112394604	131862835	192134	3616319	3772254.7951	3610917	3719719.0638	-0.0183700233514592	-0.0233523853879085
chrX	131862836	131893402	205	3286	3976.916	4902	4007.737	-0.566193504574325	-0.237764814946864
chrX	131893403	150591957	174360	3239953	3425286.459	3270676	3374906.9287	-0.035286143241701	-0.0426989669407431
chrX	150591958	150623451	102	1395	2000.9994	2029	1972.8235	-0.561255835784277	-0.482902817786868
chrX	150623452	155747126	48534	893491	949646.7243	906766	942303.582	-0.0327693399769192	-0.050384927829174
chrX	155747127	155860960	413	9889	8747.9054	5883	7363.6569	0.500464143472025	0.214439815079094
chrX	155860961	155866679	74	3194	1509.19	1280	1335.89	1.14295402639185	1.11914266152777
chrX	155866680	159969947	31302	619443	629254.744	582850	595179.202	0.00723356683643882	0.0148801410754624
