chrom	start	end	binNum	tumor	tumor_expect	normal	normal_expect	log2.copyRatio	log2.TumorExpectRatio
chr1	987	26263493	267483	6224629	6475943.0075	4953047	5123932.6142	-0.00634443859453552	-0.0173883857395543
chr1	26263571	27167704	224	3127	5434.8911	3551	4292.2526	-0.522139481107848	-0.757757857616632
chr1	27167705	30478251	35048	824916	848159.8472	665976	677107.3948	-0.0143516722090822	-0.0003749155301212
chr1	30478252	30479458	14	3	339.468	254	274.532	-6.70820062725143	-6.78245520690909
chr1	30479459	31272479	7570	177180	183292.1955	140778	146246.9115	0.00787747319608006	-0.00921554457599488
chr1	31272480	31385444	126	2668	3050.871	10	2424.836	7.73010362418222	-0.153748462191368
chr1	31385445	31518544	1297	31512	31421.948	24773	24983.726	0.018171568751661	0.0438427499358696
chr1	31518545	31522345	49	10	1186.7	1010	952.481	-6.97358170409562	-6.85109738685444
chr1	31522346	35816514	52510	1275895	1273802.1123	985422	991377.9146	0.0128846828354198	0.0420824886882835
chr1	35816515	35819214	36	453	871.685	0	674.856	32.2768079217535	-0.904581782417777
chr1	35819215	36025388	2435	59058	59044.218	46712	46159.9217	-0.0149929209422816	0.0400507630908205
chr1	36025389	36026796	18	250	436.841	1	341.478	7.61229140880857	-0.765466121724222
chr1	36026797	62958059	257056	6017897	6229911.2925	4735079	4891811.9562	-0.00114894904212033	-0.0102381556449903
chr1	62958060	62995084	43	705	1038.017	90	827.476	2.64440845852636	-0.518420857776515
chr1	62995085	63000821	19	444	458.395	1	372.857	8.49826973803823	-0.00631758023944132
chr1	63000822	63010649	3	55	73.3944	47	59.2332	-0.0806702932124729	-0.376524319820436
chr1	63010650	63097769	173	1876	4189.327	78	3388.571	4.28382319518144	-1.11934461985942
chr1	63097770	63104322	60	1371	1450.333	901	1172.217	0.300307846924896	-0.0414415624669104
chr1	63104323	63132023	146	1481	3535.865	0	2831.219	31.9656122025094	-1.21577750159508
chr1	63132024	63708716	1099	25837	26642.1038	20104	21349.9946	0.0443064901151122	-0.00455539391569477
chr1	63708717	63711056	21	248	510.019	1	392.364	7.57766074479639	-1.00049682179367
chr1	63711057	63714502	20	406	485.494	226	372.519	0.464840305741252	-0.218259687715669
chr1	63714503	63720208	71	921	1719.496	65	1343.302	3.47031026342033	-0.860998647239078
chr1	63720209	63722383	29	470	700.22	154	549.754	1.26253113871191	-0.535433461414497
chr1	63722384	63734371	65	1525	1576.097	1072	1248.7606	0.174467740145402	-0.00783303371100657
chr1	63734372	63738766	33	550	797.017	189	615.274	1.16948672265199	-0.495464826865547
chr1	63738767	63748162	115	3198	2791.511	3017	2198.742	-0.258489863734754	0.235837748691412
chr1	63748163	63757691	21	322	510.71	40	399.389	2.65610187861009	-0.625729568726692
chr1	63757692	63769750	127	3194	3072.13	2364	2414.44	0.0884064296125483	0.0958390974154045
chr1	63769751	63780536	57	726	1379.4093	92	1075.8306	2.62348691749721	-0.886295094145622
chr1	63780537	63830461	96	1112	2329.105	62	1857.193	3.83991563261506	-1.02690484094554
chr1	63830462	63831591	15	277	359.062	232	285.246	-0.0744423457013268	-0.334632951478288
chr1	63831592	63978783	126	1617	3060.467	546	2403.338	1.21945737636419	-0.880718082199094
chr1	63978784	64071494	14	140	339.189	0	268.794	31.9444411988308	-1.23694850526859
chr1	64071495	65094497	7840	182724	190249.0444	143070	148283.1911	-0.00476638344662603	-0.0185090181470091
chr1	65094498	65111385	90	927	2185.27	5	1745.484	7.21213578002184	-1.19745624709494
chr1	65111386	65187901	407	8876	9832.6251	7758	7861.6891	-0.126689626756481	-0.107952918084673
chr1	65187902	65197843	27	506	653.477	7	535.061	5.88902836504118	-0.329285023377501
chr1	65197844	65253912	96	2037	2322.236	1262	1879.6759	0.387526210086707	-0.149354563945157
chr1	65253913	65263199	68	996	1648.9	76	1326.83	3.40037685285039	-0.687572208548099
chr1	65263200	65274386	103	1276	2482.82	8	2010.09	7.01451580967688	-0.920637292274995
chr1	65274387	65292422	56	629	1356.78	62	1091.82	3.03109092145335	-1.06934083534432
chr1	65292423	65370926	327	7260	7931.3884	5835	6356.4041	-0.00230288997694117	-0.0878898344843043
chr1	65370927	65420838	19	189	458.391	3	372.45	5.67957075559332	-1.23847843301331
chr1	65420839	68577480	19377	439925	469354.8243	356255	373026.9527	-0.0252289805528053	-0.0537073483709334
chr1	68577481	68581141	48	544	1162.78	0	938.195	32.1252041496627	-1.0561855544778
chr1	68581142	71496255	16284	376384	394812.6143	298448	309624.3903	-0.0141004408935314	-0.029248733053118
chr1	71497011	71498153	12	317	289.084	20	226.986	3.63934829618643	0.172708129495472
chr1	71498154	71502095	35	1461	844.9328	471	661.9586	1.28288440659237	0.82976171979326
chr1	71502096	73406072	16782	389737	408374.0269	297265	316653.3332	0.0255872514679412	-0.0276761594873646
chr1	73406073	73438718	257	5249	6215.042	2154	4961.082	0.961737816306326	-0.204007492190452
chr1	73438719	78810488	35098	802596	852799.3983	632980	668053.988	-0.00790486682024943	-0.0478184032027665
chr1	78810489	78811163	9	65	103.718	10	120.023	2.91290712673112	-0.634440617676123
chr1	78811164	79146774	3626	89778	88572.2332	68197	67085.6043	-0.00237479077964418	0.0592215139740267
chr1	79146775	79149249	33	9	801.368	610	621.895	-6.44671149573589	-6.4366820262729
chr1	79149250	79156053	26	696	627.811	534	499.292	0.053623854699001	0.188471050161893
chr1	79156054	79158036	20	4	483.913	410	377.739	-7.03501522724722	-6.87888981825386
chr1	79158037	79192937	238	5723	5752.26	4767	4536.71	-0.0769696573376568	0.0323567713475737
chr1	79193020	79193708	7	7	171.243	151	135.02	-4.77209889837888	-4.57283222873679
chr1	79193746	79196862	9	166	216.121	181	174.128	-0.434674702951063	-0.340941969894869
chr1	79196863	79199827	8	0	194.107	134	154.486	-33.2174581424556	-33.1795668980308
chr1	79199828	79415695	2002	46902	48411.8158	36890	38414.3351	0.0145280368496588	-0.00599571231644752
chr1	79415696	79416070	5	0	121.099	126	98.2533	-33.2174581424556	-33.1795668980308
chr1	79416071	79477332	362	7991	8757.8341	6229	6957.8457	0.0292648529164653	-0.0924840155806791
chr1	79477333	79477557	3	0	72.8821	68	58.2056	-33.2174581424556	-33.1795668980308
chr1	79477558	81444235	23481	574190	576272.8918	427400	431792.6835	0.0113507451603327	0.0344900998714114
chr1	81444236	81446562	30	0	730.366	335	562.37	-33.2174581424556	-33.1795668980308
chr1	81446563	82600079	11490	277165	282695.295	204718	209250.4511	0.00491279667982699	0.0112112664256737
chr1	82600080	82600920	11	3	267.557	113	202.987	-5.63185258741558	-6.43902589950168
chr1	82600921	82694667	1066	22110	25908.8928	17393	20008.4067	-0.0248260395632267	-0.18903428801743
chr1	82694668	82702723	20	65	480.9891	228	382.6439	-2.13870119404813	-2.84777852537152
chr1	82702724	97687380	136934	3239588	3332647.8848	2528272	2570193.2666	-0.0153105760308724	-0.00114449707726576
chr1	97687381	97692228	53	2541	1291.29	1091	1017.34	0.877556955785726	1.01629738648492
chr1	97692229	97694760	29	622	701.916	543	559.94	-0.128240956851253	-0.134669758663421
chr1	97694761	97697849	40	505	971.568	1	783.132	8.67090279754604	-0.904317534519708
chr1	97697850	113349392	154001	3633408	3741499.3947	2856908	2923236.3141	-0.00735847564987542	-0.00257911381675162
chr1	113349393	113352134	32	1	770.474	311	623.236	-8.58491561144279	-9.54988830092889
chr1	113352135	148451913	333205	7779681	8077896.5141	6115864	6351393.2066	0.00207090515189035	-0.014554613013111
chr1	148451914	148665443	435	4639	11042.134	4071	7512.4459	-0.365410981314853	-1.21141921145041
chr1	148665444	158840013	94013	2218952	2275521.8609	1768123	1819591.9968	0.00690017437988625	0.00339506440488833
chr1	158840014	158845864	42	1536	1011.81	832	802.37	0.551746756880483	0.641953864111742
chr1	158845865	158851095	68	212	1642.1996	407	1296.8117	-1.27980220032025	-2.91377926726975
chr1	158851096	168128432	110278	2683323	2678242.2355	2058072	2090224.0922	0.0269212478469202	0.0424483256324075
chr1	168128433	168133767	62	717	1499.61	0	1192.87	32.1565614280925	-1.02482827605465
chr1	168133768	169032247	8566	204658	207340.8397	165395	166847.9989	-0.00434767979288426	0.0209248027365641
chr1	169032248	169039717	77	5	1861.84	749	1509.22	-7.5279969550478	-8.50087118328203
chr1	169039718	179060851	108213	2602182	2625141.4391	2014683	2056880.4462	0.0190546059679667	0.0270407651972528
chr1	179060852	182071568	1792	17810	43329.8523	19457	34586.6368	-0.450925546664507	-1.24295975121926
chr1	182071569	182953304	893	15666	21639.0619	13013	17387.349	-0.046093898375002	-0.426287042052471
chr1	182953305	183052575	61	19	1482.83	520	1173.98	-5.10956286626618	-6.24649591768757
chr1	183052576	215003458	340275	8205556	8260479.5224	6288047	6417568.0004	0.0216130427795635	0.0300896107691748
chr1	215003459	215004133	9	0	217.107	75	174.001	-33.2174581424556	-33.1795668980308
chr1	215004134	215451956	3031	68788	73704.3326	51380	56614.6704	0.0421993407832646	-0.0598784673822272
chr1	215451957	215453375	18	0	432.861	185	340.585	-33.2174581424556	-33.1795668980308
chr1	215453376	215453975	8	150	191.068	134	150.267	-0.182005654956076	-0.309409624751631
chr1	215453976	215465787	142	3	3442.96	1293	2697.47	-9.10176367868828	-10.1247569874306
chr1	215465788	233200861	177103	4286320	4314202.9839	3238381	3328716.5765	0.0321616161176267	0.0303595539161865
chr1	233200862	233203420	34	439	821.73	0	647.887	32.3166602569222	-0.864729447256651
chr1	233203421	238922228	64839	1531370	1569052.1625	1209254	1248268.5348	0.0125634099456339	0.00464363594648927
chr1	238922229	238924256	27	0	659.752	304	513.842	-33.2174581424556	-33.1795668980308
chr1	238924257	264121274	255829	6157485	6200129.0633	4811918	4869089.2065	0.00890564208685204	0.0297570119446146
chr1	264121275	264121874	8	96	195.151	0	147.557	32.1976192107308	-0.983770493424821
chr1	264121875	269490186	58756	1441702	1428989.7985	1114224	1105556.0777	0.00333308841386314	0.0524914239887818
chr1	269490187	269492961	37	2	891.728	317	715.025	-7.62512622875029	-8.76074579272035
chr1	269492962	271140489	20080	473012	485728.02	382646	388449.6079	-0.0147319853746385	0.00144212229412299
chr1	271140490	271141014	7	82	168.81	0	137.069	32.1793992009058	-1.00199050324613
chr1	271141015	277250075	63319	1498981	1536412.9759	1174187	1201350.6329	-0.000766053746994589	0.00413009440178511
chr1	277250076	277250375	4	0	96.6863	45	74.814	-33.2174581424556	-33.1795668980308
chr1	277250376	282763000	59256	1401973	1438450.938	1096727	1119383.8784	-0.00573421958480464	0.00265660119795632
chr2	0	20923451	195031	4637002	4721905.0896	3735983	3780137.0388	-0.00740324211784826	0.013537356300862
chr2	20923452	20923814	4	85	97.5804	0	72.1335	33.0219751993938	-0.159414504889542
chr2	20923815	28081488	79261	1863493	1922730.7542	1455277	1500196.0274	0.000532696805769929	-0.0054333011253186
chr2	28081489	28460740	4538	96918	110108.0969	78820	85623.8295	-0.0628106059399716	-0.144369972948982
chr2	28460741	34936033	75376	1787900	1826848.2078	1399080	1435104.4321	0.00740935353348772	0.00862333171085613
chr2	34936034	34937308	17	215	411.315	0	327.516	32.2851967295287	-0.896192974644179
chr2	34937309	52404124	177652	4187597	4300102.924	3314455	3414449.6993	0.00645563886036315	0.00146546842640182
chr2	52404125	52409079	59	701	1428.85	1123	1126.76	-1.02072298872566	-0.987654070451683
chr2	52409080	56166938	38316	904088	927056.0548	707150	736264.0427	0.0238364119351182	0.00352068153902239
chr2	56166939	56172563	75	909	1810.15	1430	1422.25	-0.999774312592634	-0.954043002055014
chr2	56172564	59184344	30322	735821	733957.38	570721	579411.1763	0.027283231549373	0.0433726117731853
chr2	59184345	59185293	12	4	287.173	225	226.323	-6.15549528256253	-6.12606224195116
chr2	59185294	60853753	17706	420019	428638.2433	333836	341735.8577	0.0062589193759205	0.0104080685129292
chr2	60853754	60860180	78	963	1885.72	0	1487.67	32.251595984263	-0.929793719903367
chr2	60860181	61117292	2966	71563	71746.8008	54503	56518.3192	0.050505091037128	0.0360134157679885
chr2	61117293	61121276	53	696	1280.75	0	1015.16	32.3412740746859	-0.840115629497583
chr2	61121277	75654665	159736	3694351	3868474.3694	3024521	3107224.1297	-0.0257013339973295	-0.0267297211260578
chr2	75654666	75657771	41	482	991.34	792	797.841	-1.02792315732627	-1.00063274598057
chr2	75657772	75702387	527	12132	12766.3	10158	10284.4	-0.0538589969466598	-0.0338090016591235
chr2	75702388	75706382	53	688	1285.8	0	1033.77	32.3189179694835	-0.862471734695845
chr2	75706383	75800379	1078	25470	26096.14	20322	20962.092	0.0115256503073428	0.00467658368076115
chr2	75800380	75803264	38	465	921.466	681	730.05	-0.884536934820713	-0.946986167322362
chr2	75803265	105689785	298169	6842077	7219477.1387	5483010	5753248.7986	-0.00622845311867284	-0.0377459644450601
chr2	105689786	105710212	95	567	2282.399	975	1815.532	-1.11038933831553	-1.96941632823286
chr2	105710213	107221435	13636	313771	329906.3702	249577	263569.4723	0.00817648348534796	-0.0326305656543126
chr2	107221436	107221810	5	134	48.0959	5	65.0619	5.18188293932521	1.51796123171661
chr2	107221811	113242099	65587	1527137	1587802.8233	1224279	1270172.4743	-0.00128742671095327	-0.0164882230788874
chr2	113242100	113243149	14	157	339.32	1	266.929	6.9502531026516	-1.07216785676667
chr2	113243150	127843971	156599	3691889	3791710.8019	2926924	2989450.1369	-0.0061720863963917	0.00122429624950706
chr2	127843972	127844496	7	80	63.2897	0	91.0292	33.559133026065	0.377743321730174
chr2	127844497	137345807	81572	1896640	1975458.358	1550612	1587033.3394	-0.0234240601582995	-0.019027516384412
chr2	137345808	137348566	15	409	365.918	694	295.229	-1.07069795590551	0.200294508601218
chr2	137351033	137354863	39	885	938.161	825	748.338	-0.223039350092771	-0.0444440220609383
chr2	137354864	137356729	21	0	511.186	204	391.776	-33.2174581424556	-33.1795668980308
chr2	137356730	159010419	216919	5100018	5251412.9472	4043268	4167845.0643	0.00339931308911263	-0.00248925716373188
chr2	159010420	160032082	456	6902	11051.4062	8374	8731.2085	-0.617056331691397	-0.639429522343946
chr2	160032083	160177165	31	7	752.949	162	580.044	-4.90706207784667	-6.70933935053106
chr2	160177166	160651565	102	1330	2465.8728	1680	1940.2204	-0.681090017071451	-0.850958084598174
chr2	160651566	160653544	2	1	48.3321	196	38.9368	-7.92473436115213	-5.55519571741086
chr2	160654753	160700582	18	149	437.5848	195	352.037	-0.700174544446755	-1.51453624341267
chr2	160700583	160738444	105	8	2540.924	820	2007.756	-7.0174265481352	-8.27142341247814
chr2	160738445	160882536	50	919	1210.42	1068	969.9395	-0.534493137610795	-0.357656913129192
chr2	160887131	160915702	34	33	819.6647	1216	662.0354	-5.50983608662392	-4.59478188355676
chr2	160915703	161168608	251	4450	6078.2938	5804	4817.2046	-0.716889586871903	-0.410147023437115
chr2	161168609	163374347	710	9763	17313.0336	10238	13512.7873	-0.424247913728566	-0.786748049529024
chr2	163374348	187744094	256304	6018116	6209399.2886	4787402	4934384.5144	0.000308203847059121	-0.00542773952626751
chr2	187744098	187748374	47	572	1133.57	4	888.477	6.81022696310232	-0.947072379615525
chr2	187748375	196856542	74638	1776644	1813257.2317	1367998	1414626.6886	0.0207490937588785	0.0102850745415173
chr2	196856543	197082538	57	475	1381.064	756	1089.81	-1.01033945756622	-1.50006670737576
chr2	197181264	202656060	54116	1275571	1312086.5254	993011	1025237.895	0.00718025402905192	-0.00100560694137376
chr2	202656061	202659208	32	381	776.552	2	620.258	7.25125585251669	-0.987577485712463
chr2	202659209	203662923	12258	294398	297614.6652	224439	231492.0198	0.0307841292473914	0.0240363032865394
chr2	203662924	203663374	6	0	143.862	58	107.561	-33.2174581424556	-33.1795668980308
chr2	203663375	229739798	287419	6792066	6964338.0076	5367644	5511703.2477	0.00389628430085741	0.00357830439877795
chr2	229739799	229744280	59	0	1431.77	637	1144.56	-33.2174581424556	-33.1795668980308
chr2	229744281	232635036	33192	779689	803485.8191	616246	635246.8629	0.00225999418149579	-0.00365972982771434
chr2	232635037	232635411	5	0	118.96	56	94.3631	-33.2174581424556	-33.1795668980308
chr2	232635412	248425822	168635	3960129	4082333.6633	3161444	3237485.6272	-0.00773374751595815	-0.00413262624818895
chr2	248425823	248430341	23	6	553.453	244	444.977	-5.65868206203349	-6.48764043143842
chr2	248430342	248432473	18	63	434.425	190	334.722	-1.96689662990365	-2.74596934321993
chr2	248432474	260610920	144163	3390783	3491183.661	2712820	2752374.1281	-0.0193917271597076	-0.00238374474084344
chr2	260610921	260611670	10	0	242.439	115	194.827	-33.2174581424556	-33.1795668980308
chr2	260611671	261360658	8739	208101	211484.7919	167719	165838.1427	-0.0377174863741499	0.0164440274314591
chr2	261360659	261373528	8	5	194.864	76	142.647	-4.37419478902796	-5.24468162404752
chr2	261373529	263023363	18999	443319	459367.9767	365100	367247.4003	-0.041021676151001	-0.0115910409612235
chr2	263023364	263024038	9	0	216.912	114	172.205	-33.2174581424556	-33.1795668980308
chr2	263024039	266433159	38060	898265	920927.373	721392	734876.8299	-0.00740441647890035	0.00376778708625049
chr3	534	8494760	82058	2024493	2004591.7092	1509701	1521999.3451	0.0277799289532949	0.0539662839957059
chr3	8494761	8495713	12	647	289.478	273	228.36	0.904543825700685	1.20002605393285
chr3	8495714	14015660	59786	1461430	1462570.9539	1087926	1101614.6066	0.0187360835509151	0.0385881631075643
chr3	14015661	14016635	13	1	314.105	246	246.55	-8.29005830935625	-8.25538900196037
chr3	14016636	14421969	3753	90190	91009.3393	67439	70920.2609	0.0613903857275245	0.0266669305539995
chr3	14421970	14424671	36	680	873.396	0	670.1714	32.8600025778108	-0.321387126452812
chr3	14424672	14651739	2741	64638	66803.1552	48650	51036.0089	0.0233648286704982	-0.00781963412437817
chr3	14651740	14652980	16	0	393.907	300	292.563	-33.2174581424556	-33.1795668980308
chr3	14652981	15251501	6490	157449	158604.342	119046	119312.6454	-0.00549705669268517	0.0291663783206269
chr3	15251502	15252176	9	15	220.423	146	166.871	-3.68265266976119	-3.8375263107327
chr3	15252177	15645058	4910	121189	119499.589	91815	91642.029	0.0193554374388276	0.0599671498925464
chr3	15645059	15657578	62	889	1501.453	360	1198.032	0.980316447314957	-0.716389939648814
chr3	15657579	16054213	3417	81248	82696.4448	64383	66117.3011	0.0146778314160187	0.0142210432105844
chr3	16054214	20902250	30657	635884	742108.2516	517694	595381.5278	-0.0193283699856696	-0.183151989182072
chr3	20902251	23690889	29553	713843	717675.973	547907	563676.3218	0.0350329232127155	0.0319882374173492
chr3	23690890	23695375	59	0	1417.98	598	1139.51	-33.2174581424556	-33.1795668980308
chr3	23695376	25295896	16177	371646	391688.0806	301161	314557.3672	-0.0111651427190628	-0.0360620950562809
chr3	25295897	25297056	15	176	364.525	0	297.605	32.1706614227181	-1.01072828143201
chr3	25297057	26098913	9754	230910	236285.3713	187633	190514.6368	-0.00938859721236202	0.0065143909666856
chr3	26098914	26099588	9	0	218.863	94	176.925	-33.2174581424556	-33.1795668980308
chr3	26099589	26646644	6190	143993	149919.7141	117874	120682.9141	-0.0223927147335203	-0.0184773769160279
chr3	26646645	26647620	13	0	315.983	105	251.262	-33.2174581424556	-33.1795668980308
chr3	26647621	27126250	5575	131089	134915.2885	106886	108727.3243	-0.0150427558733469	-0.00179316113220441
chr3	27126251	27132145	77	0	1865.84	755	1482.74	-33.2174581424556	-33.1795668980308
chr3	27132146	28349864	13561	319563	328315.3951	258751	263941.0345	-0.00850799315273963	0.000732028012409146
chr3	28349865	28351372	17	28	412.165	175	330.376	-2.96114649590026	-3.84000921484789
chr3	28351373	32720588	48833	1133943	1181852.4203	911254	945154.3482	-0.00518226150519435	-0.0199877222163705
chr3	32720589	32720888	4	3	97.1875	91	76.5902	-5.26462029197758	-4.9780223087803
chr3	32720889	33558129	9679	224818	234112.6753	177478	186994.1388	0.0187301587749119	-0.0187314465705605
chr3	33558130	33558665	7	101	169.312	3	135.952	4.75848492905861	-0.705614883908837
chr3	33558666	33624542	844	20125	20424.5	16021	16037.3	-0.0180220985232761	0.018402073169834
chr3	33624543	33626990	16	175	383.337	14	307.613	3.32818221224416	-1.09154428174515
chr3	33626991	33627665	9	245	217.077	151	172.779	0.370777009454033	0.214288924285679
chr3	33627666	33631916	39	518	949.705	0	745.87	32.3465764041073	-0.834813300077137
chr3	33631917	36339792	31158	726770	753784.6509	578551	599674.3185	0.000904306071097365	-0.0129394986597492
chr3	36339793	36340017	3	0	72.4506	62	55.4767	-33.2174581424556	-33.1795668980308
chr3	36340018	36472724	1558	37203	37642.1	30386	29887.4	-0.0389747205643569	0.0227858977592955
chr3	36472725	36473942	7	0	170.173	62	130.073	-33.2174581424556	-33.1795668980308
chr3	36473943	44133207	83063	1934375	2010396.9613	1562897	1602847.1245	-0.0173759566834399	-0.015898840390454
chr3	44133208	44136057	38	0	916.822	350	729.609	-33.2174581424556	-33.1795668980308
chr3	44136058	45260856	11765	277050	284755.8188	217772	224845.9326	0.00836216528290227	0.000135095262888886
chr3	45260857	45261688	11	1	269.363	201	202.075	-8.06388969281229	-8.03369379429189
chr3	45261689	49254051	46839	1112653	1133906.2276	874162	897607.1436	0.01270869594762	0.012416448093479
chr3	49254052	49256020	26	370	630.901	0	508.793	32.4512153885189	-0.730174315684054
chr3	49256021	56515154	86630	2051284	2096545.9143	1638070	1668489.5283	-0.00311874983862997	0.00822687206151729
chr3	56515155	56517668	33	4	795.618	289	617.895	-6.53781707971657	-7.59621802619782
chr3	56517669	59412086	30177	714027	731768.9553	562156	570632.4565	-0.0119955077186235	0.00430446809136729
chr3	59412087	59412461	5	77	120.499	0	94.1109	32.5750129323793	-0.606376771843884
chr3	59412462	65814773	76427	1838736	1851885.7878	1443295	1456916.0483	0.00509357822675051	0.0294332825865581
chr3	65814774	65815749	13	110	175.06	23	176.895	2.27466435754136	-0.630631900759271
chr3	65815750	66812094	12263	292370	296490.3047	227880	235997.0501	0.032127676767324	0.0195244062699629
chr3	66812095	66815544	46	1181	1114.51	1	899.698	9.89871908568188	0.123313454400592
chr3	66815545	90527562	241791	5672379	5861561.5494	4556037	4662190.276	-0.0122798987485386	-0.00761707658956354
chr3	90527563	90530112	34	415	825.128	558	666.351	-0.733666601140849	-0.951792550728291
chr3	90530113	96190845	62893	1490367	1524444.1705	1157054	1197012.0135	0.0181885606498262	0.00709837059633297
chr3	96190846	96961524	321	2133	7776.0313	2238	6096.7448	-0.4184981321461	-1.82643600902919
chr3	96961525	108433059	126642	3011924	3064225.7722	2415192	2444837.2882	-0.00541385653664411	0.0148768189054815
chr3	108433060	108433509	6	0	146.876	43	111.377	-33.2174581424556	-33.1795668980308
chr3	108433588	115420056	77904	1882565	1890288.3154	1442963	1476299.8495	0.0288676550135024	0.0338074315357276
chr3	115420057	115424943	56	3	1352.21	547	1079.78	-7.83319350433323	-8.77642688953675
chr3	115424944	115739869	3196	73752	77267.7483	59679	61837.7975	-0.0140958034315402	-0.027470132474054
chr3	115739870	115741565	14	0	339.551	152	272.261	-33.2174581424556	-33.1795668980308
chr3	115741566	117145887	15395	361198	372417.6642	290098	296213.8442	-0.0122100719522771	-0.0044175477683136
chr3	117145888	117146262	5	0	120.174	56	94.8716	-33.2174581424556	-33.1795668980308
chr3	117146263	121844640	56593	1365039	1373613.2601	1054917	1070955.4162	0.0145580340344428	0.0306803499054687
chr3	121844641	121845165	7	0	167.971	58	132.615	-33.2174581424556	-33.1795668980308
chr3	121845166	124943402	36573	888003	888381.0914	682052	688647.2322	0.0150920696055093	0.039099915115633
chr3	124943403	124943852	6	0	145.635	58	117.001	-33.2174581424556	-33.1795668980308
chr3	124943853	133284960	95269	2266242	2303449.2123	1793162	1832657.265	0.00976011783563519	0.0162201891803034
chr3	133284961	133751707	128	1805	3097.632	1957	2449.587	-0.45344934237608	-0.739452873319746
chr3	133751708	140719287	77246	1839568	1869478.6115	1448909	1478009.4746	0.00724237736965002	0.0164450922228719
chr3	140719288	140719887	8	114	195.397	0	153.275	32.4437292624181	-0.737660441783507
chr3	140719888	143350179	30354	719913	734582.6699	564062	578828.8804	0.0100036742582985	0.0106117606090805
chr3	143350180	143406556	214	2682	5177.4883	4235	4129.5116	-0.983511150762597	-0.909229099908089
chr3	143406557	143629152	1532	32877	37102.6512	27888	29833.9352	-0.0753110006506427	-0.134729568211877
chr3	143629153	143647848	23	178	553.635	301	446.04	-1.06782549619399	-1.59734385845807
chr3	143647849	143689752	210	3351	5099.2103	1660	4049.2748	0.682620966163822	-0.565968100756107
chr3	143689753	143719751	335	3414	8125.455	5402	6542.554	-0.972802449809848	-1.21127149213689
chr3	143719752	143721752	14	348	337.5255	188	269.6678	0.566364213972496	0.0838048553856311
chr3	143721753	143812890	213	2445	5142.12	3664	4131.565	-0.897437144811881	-1.03281476195072
chr3	143812902	143825296	46	1199	1117.314	610	889.55	0.647886236432623	0.141511024729564
chr3	143825297	143857741	121	2347	2924.0763	1793	2338.0171	0.0675696845956148	-0.277449064164426
chr3	143857760	143931018	535	24974	12958.171	10361	10359.601	0.948192802469783	0.986278860921326
chr3	143931019	143943509	101	2333	2436.0653	2002	1962.9915	-0.0889317406099029	-0.0226524476395179
chr3	143943510	144069991	766	29622	18555.9419	12092	14933.7422	0.981133470261304	0.714501867721308
chr3	144069992	144379745	1621	32938	39207.1074	27387	31434.31	-0.0506905888297779	-0.211648199342266
chr3	144379746	144384523	62	696	1498.08	1244	1201.77	-1.15395832270637	-1.06624140586361
chr3	144384524	145254833	10540	247935	254893.3259	200439	203392.158	-0.0170080363163169	-0.000217602154198325
chr3	145254834	145263830	48	548	1158.78	818	903.219	-0.935561093249257	-1.04064484024894
chr3	145263831	145668589	2290	53528	55488.3132	42929	43949.0722	-0.0161872485198024	-0.012176146550197
chr3	145668590	145682530	161	1558	3924.453	2284	3070.312	-0.904150925092049	-1.29308229699546
chr3	145682531	146268538	4190	96601	101393.1877	77117	80302.4507	-0.0096328019863723	-0.0301366454821307
chr3	146268539	146288852	31	389	751.067	595	587.638	-0.965310626054896	-0.909457404810537
chr3	146288881	149028418	33637	815312	819928.7384	615946	627055.5874	0.0194659936193519	0.0315677724182567
chr3	149028419	149029028	8	110	95.2779	8	106.405	3.94253494256958	0.247004054188203
chr3	149029029	149739201	8623	210963	209989.2302	156640	160359.0878	0.0423509068222437	0.0463887055742697
chr3	149739202	149754312	88	415	2120.833	0	1687.028	30.8676559731464	-2.31373373056519
chr3	149754313	149771990	26	546	629.8922	671	499.7815	-0.629396455725293	-0.166489944184023
chr3	149771991	152955475	34241	828512	831896.2728	631974	642010.7301	0.0186739503046452	0.0338329909776222
chr3	152955476	153029046	673	13277	16350.2441	13019	12588.1064	-0.347117528317167	-0.260668923650919
chr3	153029047	153048792	195	4429	4725.09	8744	3698.06	-1.3330627737834	-0.0536467607576242
chr3	153048793	153058859	53	861	1281.8737	621	1019.9995	0.143557096870942	-0.534454929818117
chr3	153058860	153070173	109	2261	2649.218	4723	2059.2019	-1.42440101253519	-0.188891522606428
chr3	153070174	160754644	86532	2072015	2103110.493	1600862	1625368.951	0.0022508978409765	0.0182238499741061
chr3	160754676	160797075	137	1863	3308.62	2513	2604.94	-0.77493965282499	-0.788887880083782
chr3	160797076	167964681	77604	1837400	1896071.2267	1402745	1433510.2779	-0.0122251425269291	-0.00563337590185361
chr3	167964682	167965131	6	99	147.019	0	105.805	32.6506015717971	-0.530788132437538
chr3	167965132	168858270	10958	248663	265859.1348	198390	206003.8935	-0.0403150772081685	-0.0567561300071371
chr3	168858271	168859470	16	184	385.42	0	307.481	32.1543780844703	-1.02701161967646
chr3	168859471	168951417	1152	25800	27855.883	21203	21877.8071	-0.063588443465752	-0.0708969318740881
chr3	168951418	168952842	19	209	458.44	0	363.832	32.0878737693757	-1.09351593475681
chr3	168952843	172420085	37914	886756	925116.4301	692184	703899.237	-0.0350616249817581	-0.0213837089707345
chr3	172420086	172421068	13	249	217.5899	46	177.7724	2.14668254656949	0.234248201554868
chr3	172421069	174800665	22548	515132	549037.3664	406319	421080.9578	-0.0386545633338836	-0.052248125492274
chr3	174800666	174803892	43	517	1054.96	870	796.647	-1.15420410997333	-0.989238061767428
chr3	174803893	176958584	25476	629378	623548.3667	464135	468714.0036	0.0294114909761548	0.0531393311420744
chr3	176958585	176959109	7	72	57.1885	5	91.4213	4.52662497886318	0.37198589199457
chr3	176959110	177699918	6927	162891	168270.8711	122194	130630.0807	0.051257946627113	-0.00716451163170923
chr4	784	53204856	560226	13185059	13566776.8904	10520770	10786042.916	-0.0034257997260683	-0.00145993711719528
chr4	53204857	53209747	54	1419	1311.18	1672	1065.99	-0.533549300837734	0.153722886712941
chr4	53209748	54483183	14233	327704	344732.2165	266655	277694.6979	-0.012734789392008	-0.0333687964739385
chr4	54483184	54483783	8	0	192.489	88	156.574	-33.2174581424556	-33.1795668980308
chr4	54483784	54937344	4790	116390	116034	94836	93217.7	-0.0185885827293088	0.044133558750009
chr4	54937345	54941172	47	2	1139.8	455	900.5	-8.16788240395818	-9.11485084939227
chr4	54941173	60157517	64555	1570539	1566255.7628	1205468	1221397.2685	0.0247019272665509	0.0436540020355763
chr4	60157518	60158561	9	103	216.92	1	167.945	6.31914907870588	-1.03480468691066
chr4	60158562	71856741	126667	3005859	3067594.701	2341783	2421089.8983	0.0205415141492487	0.0103835047147202
chr4	71856742	71863632	40	4	973.337	465	772.822	-7.19206731266556	-7.88708150189759
chr4	71863633	99900046	297467	7067050	7205187.7178	5561258	5707090.8711	0.0112391707557197	0.0117861495901455
chr4	99900047	99906034	79	912	1932.41	1380	1445.73	-1.01434281038071	-1.04358144303211
chr4	99906035	107168456	54338	1237760	1317269.7875	990717	1044553.1354	-0.0116554703231702	-0.050105195425825
chr4	107168457	107169431	13	0	315.694	125	237.988	-33.2174581424556	-33.1795668980308
chr4	107169432	107195131	263	5075	6363.8062	4126	5117.1896	-0.0140514053248001	-0.286768027942031
chr4	107195132	107201966	91	0	2202.33	810	1786.07	-33.2174581424556	-33.1795668980308
chr4	107201967	107844121	6875	158941	166446.4032	131991	133787.1533	-0.0452435327288165	-0.0268523176150297
chr4	107844122	107845625	13	0	316.303	165	256.39	-33.2174581424556	-33.1795668980308
chr4	107845626	111577454	39366	920922	952150.5885	755140	763717.8028	-0.0299924726940634	-0.00839674322274386
chr4	111577455	111579050	21	0	508.931	337	415.441	-33.2174581424556	-33.1795668980308
chr4	111579051	119350033	84297	2031636	2048239.4381	1580928	1593065.6578	0.0011144380527444	0.027971618940728
chr4	119350034	119350708	9	119	217.113	0	172.939	32.3536192165336	-0.827770487652061
chr4	119350709	133285606	161361	3919617	3917587.1188	3021823	3047324.6916	0.0146942074415474	0.0404613837250024
chr4	133285607	133285831	3	66	32.0629	3	39.2072	4.75146811884477	1.08127515624191
chr4	133285832	168430186	365038	8664958	8855526.3596	6762093	6951061.8183	0.010201019131461	0.00832874627226195
chr4	168430187	168432051	23	275	559.655	419	438.483	-0.957712658398311	-0.985392080306108
chr4	168432052	184224823	182464	4294603	4422844.537	3408227	3461210.9644	-0.0183715029185791	-0.00273570892048023
chr5	34651	1178749	8175	189953	198010.3531	154356	158723.7514	-0.0178540951855267	-0.0202193163170893
chr5	1178750	1179614	9	1	216.64	92	173.538	-6.84178716984426	-7.71944175170295
chr5	1179615	1944544	7065	167070	171191.8411	134469	136173.6017	-0.0151650049721444	0.0045528040582245
chr5	1944545	1946907	28	0	674.704	274	528.242	-33.2174581424556	-33.1795668980308
chr5	1946908	3325530	14727	340133	356532.5069	266859	280829.1895	0.00750339992594178	-0.0282205852232859
chr5	3325531	3325905	5	0	122.755	48	100.394	-33.2174581424556	-33.1795668980308
chr5	3325906	15302345	125190	2904382	3030698.8861	2322562	2407913.2206	-0.007530207569473	-0.0217052529952772
chr5	15302346	15307332	66	793	1590.32	2	1290.45	8.33155692262369	-0.964210267840497
chr5	15307333	26009000	110172	2573647	2666815.1534	2037137	2111256.8301	0.00207824801531691	-0.0115895910792893
chr5	26009001	26022019	154	1666	3717.012	2679	2948.082	-1.01785006661549	-1.11804089393515
chr5	26022020	33245596	78717	1821004	1905161.7446	1480911	1525219.4399	-0.0208247028049537	-0.0254653426545735
chr5	33245597	33253622	37	0	895.414	186	695.402	-33.2174581424556	-33.1795668980308
chr5	33253623	33374774	1208	27584	29233.3162	21576	23400.153	0.0351315256389509	-0.04406776586568
chr5	33374775	33379509	35	4	848.827	358	680.249	-6.80140057146014	-7.68961265541154
chr5	33379510	33381717	6	28	145.7104	48	116.5079	-1.09846084254695	-2.33989106876938
chr5	33382019	33382618	8	0	194.169	109	157.713	-33.2174581424556	-33.1795668980308
chr5	33382619	69188891	383451	8940441	9294608.2331	7137972	7361590.2121	-0.00972205319329183	-0.0163340098137589
chr5	69188892	69489629	98	1338	2366.0566	716	1901.785	0.588739000069145	-0.782692418672551
chr5	69489630	76376557	78743	1872391	1907107.496	1469616	1497956.6189	0.00287498226718083	0.0132096217081835
chr5	76376558	76376782	3	48	31.4478	0	39.3395	33.8311790673947	0.649789363040353
chr5	76376783	86864888	111975	2648389	2712147.6454	2087859	2149396.2817	0.00940934089668541	0.00539337541995141
chr5	86864889	86865488	8	3	194.458	155	157.438	-5.99401387877153	-5.97863821731063
chr5	86865489	86869565	54	1262	1314.8	1008	1026.66	-0.0308458016105404	-0.0194174002173199
chr5	86869566	86870465	5	167	128.604	0	88.7293	33.5980163421493	0.416626637811464
chr5	86870466	87224271	3740	86493	90544.3579	70036	72764.0492	-0.00908942056634326	-0.0263273160387662
chr5	87224272	87232026	32	0	772.935	58	608.957	-33.2174581424556	-33.1795668980308
chr5	87232027	88540540	12561	289828	304041.2595	237197	244302.6907	-0.0246633404551194	-0.0293560859150451
chr5	88540541	88541215	9	4	218.772	90	177.36	-4.79277771442463	-5.73357023459198
chr5	88541216	88883677	3847	87372	93104.9363	70631	74326.0929	-0.0162965887270366	-0.0519725935452686
chr5	88883678	88890298	77	2	1855.532	330	1495.791	-7.67542365236678	-9.81790298154709
chr5	88890299	89549243	6812	158031	164842.4792	127325	132782.1339	0.00148765573423059	-0.0211664247072084
chr5	89549244	89553539	56	2	1354.96	509	1107.36	-8.28082494224496	-9.36432039824664
chr5	89553540	89861027	2968	64253	71860.6572	52382	57746.3378	-0.0189571960336552	-0.121724262604395
chr5	89861028	89862002	13	0	315.265	116	256.221	-33.2174581424556	-33.1795668980308
chr5	89862003	91210676	12855	291783	311235.5358	235755	249317.9131	-0.0105899811805451	-0.0533969099563321
chr5	91210677	91211351	9	2	217.943	104	176.157	-6.00570596518759	-6.72809299046092
chr5	91211352	91334235	1036	21513	25075.9352	17687	20006.7159	-0.0414769729255441	-0.18138073231031
chr5	91334236	91336120	17	1	409.647	192	332.8	-7.88286547643956	-8.6385233292937
chr5	91336121	92116653	8313	187615	201371.5766	153352	161638.0372	-0.0243423233583319	-0.0623708344080212
chr5	92116654	92117178	7	0	169.243	75	136.59	-33.2174581424556	-33.1795668980308
chr5	92117179	92527707	4523	104573	109526.8874	86349	88020.5786	-0.0372904781385126	-0.0270606187002228
chr5	92527708	92535702	31	12	757.511	358	603.859	-5.22408558127668	-5.94044646756412
chr5	92535703	92815607	2997	68930	72545.593	56464	58083.5406	-0.0311350911904408	-0.0340419097986812
chr5	92815608	92826707	48	8	1155.429	398	936.761	-5.9374774971775	-7.13449882329017
chr5	92826708	108800490	174109	4070567	4214511.633	3246213	3356669.4357	-4.00909557582232e-05	-0.0104216487091121
chr5	108800491	108806374	40	4	968.674	402	782.656	-6.9568617456405	-7.8801533230759
chr5	108806375	118809342	112263	2672423	2717672.2936	2115310	2162111.0932	0.00917123204863317	0.0154909300493848
chr5	118809343	118811518	29	6	699.793	343	541.508	-6.20522503030489	-6.82610785481634
chr5	118811519	121070318	24562	578480	594429.1905	449361	466804.723	0.0175291633929981	0.000476168648631335
chr5	121070319	121441499	138	1509	3390.6645	1849	2582.2039	-0.684294726367685	-1.12826118237985
chr5	121441500	131952178	125162	2990756	3033793.3746	2317135	2380085.3059	0.0198813723242753	0.019101434420324
chr5	131952179	131963486	74	1126	1792.082	1365	1436.3741	-0.595076424933399	-0.630715773573947
chr5	131963487	132286483	2740	59939	66331.5574	48666	53330.0241	-0.012343798480484	-0.106486333672678
chr5	132286484	132367307	147	949	3558.232	1334	2866.104	-0.801525486060224	-1.866966534973
chr5	132367308	132407446	73	783	1765.946	599	1410.9243	0.0644784679478873	-1.13364296439691
chr5	132407447	133057251	6023	71396	145828.1738	112833	117105.66	-0.974909777442773	-0.990640268276127
chr5	133057252	147454035	160962	3844146	3920557.3313	2928508	3007166.2011	0.011665949919326	0.0113184245716865
chr5	147454036	147656772	2333	49613	56847.9416	40002	43680.3706	-0.0676541447974029	-0.156675863906652
chr5	147656773	147657597	9	101	216.679	0	171.144	32.1198997105453	-1.06148999359413
chr5	147657598	156377570	103504	2474493	2529451.8213	1857787	1912094.8396	0.0116999871633676	0.00802225175270889
chr5	156377571	156377945	5	75	122.117	0	92.7792	32.5178022030382	-0.663587501175846
chr5	156377946	169803971	146969	3538692	3592058.3656	2690106	2714156.3159	-0.00693099662492512	0.0181194572848038
chr5	169803972	171172278	16631	364776	406542.2435	289621	306571.8553	-0.0725126076801168	-0.116680406213893
chr5	171172279	173707145	29797	736187	730355.5957	539384	546126.0924	0.0312173852928556	0.0511872702825776
chr6	0	4939096	56847	1343568	1377161.1782	1057219	1084973.7911	0.00358066417948218	0.0040859737465018
chr6	4939097	4941203	28	3	675.695	294	543.379	-6.92730038918625	-7.77555178523802
chr6	4941204	8131838	37039	874632	899249.2878	686151	703183.1707	-0.00284773210519582	-0.000330927761596565
chr6	8131839	8136120	17	0	415.38	300	319.159	-33.2174581424556	-33.1795668980308
chr6	8136121	16006584	85704	2021003	2080077.2114	1594781	1629373.4525	-0.00878382669425577	-0.00185156719726922
chr6	16006585	16010398	26	677	630.675	220	498.373	1.28380428100283	0.141973138964724
chr6	16010399	20950165	38000	868300	920167.571	709318	739228.2098	-0.0222929687940791	-0.0439889783306799
chr6	20950166	20951065	12	0	289.961	113	237.351	-33.2174581424556	-33.1795668980308
chr6	20951066	21671581	8797	209296	213079.6876	165870	168014.9297	-0.00548906677426118	0.0138657196563748
chr6	21671582	21678402	83	918	2005.45	0	1591.38	32.0937438168021	-1.08764588733163
chr6	21678403	21696008	231	5321	5585.45	4522	4413.5	-0.10319110265284	-0.0302620637253429
chr6	21696009	21699721	49	677	1190.39	0	901.796	32.4068971821109	-0.774492522084335
chr6	21699722	40704181	211674	5053889	5131482.412	3942728	4030268.6401	0.0115229448187043	0.0177323692567925
chr6	40704182	40705150	12	3	292.529	104	236.819	-5.41844922608543	-6.56775927818034
chr6	40705151	51507905	130189	3115542	3155161.0113	2420965	2468543.167	0.0116699938338228	0.0214835873233
chr6	51507906	51508430	7	92	172.214	0	128.362	32.3166070913272	-0.864782612851665
chr6	51508431	52198865	7943	187396	192093.013	145942	151905.7988	0.0238897343862847	0.00399916493674263
chr6	52198866	52204143	70	2	1693.03	696	1331.39	-8.7877949260578	-9.68567764929028
chr6	52204144	65377276	146750	3459954	3551887.4595	2757569	2835127.0241	0.00400618197156486	0.00188103733870006
chr6	65377277	65382034	28	1223	678.898	601	546.68	0.71431207523162	0.888871714451683
chr6	65382035	84802700	211377	4959452	5118167.1142	3977542	4083752.3785	-0.00560550468714129	-0.00573248557792115
chr6	84802701	84802925	3	0	72.3907	58	58.9884	-33.2174581424556	-33.1795668980308
chr6	84802926	86540785	17954	413144	434946.6668	338080	349975.9337	-0.0224799407086429	-0.0344797414432053
chr6	86540786	86541685	12	0	291.383	252	234.122	-33.2174581424556	-33.1795668980308
chr6	86541686	131118149	500561	11827168	12141379.2944	9283924	9530109.5688	0.0017532334431976	0.00188638950297164
chr6	131118150	131119124	13	0	313.897	261	244.008	-33.2174581424556	-33.1795668980308
chr6	131119125	147989969	155638	3687778	3786006.5144	2851862	2931995.8613	0.00387661753900547	0.00178896736768831
chr7	794	2428719	4777	87751	115761.7783	71522	92188.3677	-0.0316510681025378	-0.359957466991077
chr7	2428720	4674396	16114	347173	391991.9222	262063	303009.0205	0.0361006990657058	-0.135455121668483
chr7	4674397	7481504	10365	150407	250965.2464	125191	201448.4988	-0.0505128713974997	-0.698901830738344
chr7	7481505	7517780	80	3857	1951.5826	1438	1559.563	1.10173558382308	1.022548671288
chr7	7517781	10197075	14150	299382	342665.468	246859	274617.4065	-0.0392546929846741	-0.15509927743927
chr7	10197076	10274584	216	3760	5232.3045	3955	4150.6255	-0.405239961677253	-0.436999789635898
chr7	10274585	12006505	16311	413346	403670.4639	292447	294014.4219	0.0437064355859048	0.0738859463508188
chr7	12006506	12007180	9	331	157.754	39	124.197	2.74206173280468	1.10886868139229
chr7	12007181	14416652	25640	640587	630845.5861	467253	470744.2938	0.034670091418612	0.061821655726225
chr7	14416653	29459410	106962	2457080	2596359.2845	1943991	2026003.3465	-0.0181073825493889	-0.0398311553310554
chr7	29459411	29460689	17	218	411.654	10	325.38	4.10877236313211	-0.877390058559168
chr7	29460690	30355457	10125	237347	245107.525	187475	193348.5038	-8.87788328257455e-05	-0.00670291118293142
chr7	30355458	30356434	13	179	314.857	0	248.993	32.4063666006229	-0.775023103572281
chr7	30356435	31562000	14088	326945	340804.1855	263047	270058.4549	-0.0201211672611095	-0.0201810425868339
chr7	31562001	31562401	5	65	120.763	0	95.3375	32.3274368766395	-0.853952827541363
chr7	31562402	59701939	314395	7397714	7611353.1774	5922915	6053055.5486	-0.00789442367843502	-0.00135938765022709
chr7	59701940	59704414	33	345	803.839	540	621.97	-1.01460181811297	-1.18059616151736
chr7	59704415	76918674	195086	4619418	4730595.9028	3618442	3708338.3919	0.00291622775844018	0.00540322093603825
chr7	76918675	76926247	84	1060	2040.98	1598	1577.67	-0.961846912568898	-0.905483729253276
chr7	76926248	87181300	112710	2644371	2728509.1941	2120341	2180711.0266	-0.00286319639868069	-0.00547425579847621
chr7	87181301	87183441	28	367	679.901	0	553.558	32.3315591267134	-0.849830577468254
chr7	87183442	87741381	5112	120009	123827.6465	97424	100009.5834	-0.00557891546361808	-0.00547680033120242
chr7	87741387	87743708	29	340	700.423	0	560.662	32.1784120428959	-1.00297766125585
chr7	87743709	88068911	2059	48427	49896.2152	39439	40258.9626	-0.0116089222271619	-0.00340470300864736
chr7	88068912	88070793	25	274	607.776	0	495.014	32.0717399419697	-1.10964976215919
chr7	88070794	88798737	8213	190148	199011.8034	155306	160243.178	-0.0187590570376384	-0.0260171840228518
chr7	88798738	88799112	5	82	120.379	0	92.994	32.6672158328407	-0.514173871396443
chr7	88799113	100834614	133111	3160164	3222539.5928	2475045	2558052.2924	0.0212151536786628	0.0115153975449549
chr7	100834615	100835023	5	1	120.295	48	97.802	-5.88178049200537	-6.8707188004575
chr7	100835024	113595621	133945	3157444	3239342.5179	2465314	2574676.4882	0.0274986876930511	0.00277017554698815
chr7	113595622	113603573	50	586	1213.787	818	953.196	-0.828047843640887	-1.0108286532415
chr7	113603574	125149592	130993	3208203	3202300.3709	2390121	2421187.413	0.0231107007449177	0.0423708458263352
chr7	125149593	125153717	53	460	1284.372	1	997.878	8.4831849427844	-1.44164330146387
chr7	125153718	128587549	42594	1027976	1038607.2826	775607	789614.0143	0.0128009136588884	0.0248703869381482
chr7	128587550	128588462	11	177	120.025	26	146.355	3.05512573567881	0.600128475252369
chr7	128588463	130498108	24127	585816	588291.8494	444636	448900.1614	0.00950820915452271	0.0336295998062305
chr7	130498109	130498483	5	33	21.8863	0	62.0601	33.813541700202	0.632151995848782
chr7	130498484	145202346	169122	4015416	4111145.152	3119944	3182321.5333	-0.00360856904114243	0.0057232007608924
chr7	145202347	145204476	21	225	509.246	0	403.969	32.0426660135072	-1.13872369061523
chr7	145204477	145280771	852	20538	20571.031	16040	16353.68	0.0274455765266993	0.0373956470263155
chr7	145280772	145326198	49	1873	1184.8463	617	931.3953	1.2565968957825	0.700365027770808
chr7	145326199	145499120	110	1014	2668.3868	605	2104.169	0.404156183017991	-1.35619610613517
chr7	145499121	145677524	57	852	1384.8152	243	1104.3155	1.48517886236994	-0.66105407856343
chr7	145677525	145729228	580	11905	14072.445	9396	11078.3571	-0.00185725289939288	-0.201591338042173
chr8	510	4283987	38852	893845	940876.8822	735763	756119.2166	-0.0327858752278401	-0.0342672234062984
chr8	4283988	4290397	22	688	534.267	142	426.748	1.95416392398744	0.404561706725696
chr8	4290398	4322821	195	4978	4717.066	105	3799.985	5.25703173537718	0.117390494463872
chr8	4322822	4324198	5	248	120.498	66	97.0958	1.60009659270365	1.08104497041441
chr8	4324199	4328222	26	633	628.473	22	513.183	4.55607548754807	0.0500687846777307
chr8	4328223	4329114	5	195	120.696	70	96.5277	1.15750714754681	0.731810310543827
chr8	4329115	4339180	63	1658	1531.89	93	1237.66	3.85019462251874	0.153845352029955
chr8	4339181	4404800	10	173	241.1486	68	194.6381	1.03985990026652	-0.439436345581576
chr8	4404801	4411374	7	147	168.516	1	135.945	6.89163264554628	-0.157355370647656
chr8	4411375	8266195	41096	968888	994546.7661	762224	789519.8556	0.0148740135574307	0.00200474404664516
chr8	8266196	8266712	6	0	141.779	60	112.26	-33.2174581424556	-33.1795668980308
chr8	8266713	9571002	14833	349514	359099.1568	283259	288291.335	-0.0118035345177931	0.000682030376317096
chr8	9571003	9573491	27	335	653.273	481	512.542	-0.870068775388865	-0.923810867189559
chr8	9573492	10109531	5355	123908	129619.8812	103485	104314.1961	-0.0516810327957013	-0.0253036292148511
chr8	10109532	10111631	28	319	678.363	570	552.27	-1.13226641119304	-1.04878700789195
chr8	10111632	15531097	53513	1278126	1297207.9083	1006546	1018736.3701	-0.00218919976021857	0.0183343936209843
chr8	15531098	15592020	16	35	386.304	111	311.843	-1.97222678408855	-3.42459573648452
chr8	15592021	38251476	239712	5733693	5809562.321	4510165	4576006.6208	0.00376691364949438	0.0207492327810788
chr8	38251477	38738045	121	1716	2925.2747	2074	2343.995	-0.591146150866114	-0.729808504434605
chr8	38738046	54881951	159502	3796462	3874916.3587	2941079	3006768.4991	0.00418146214821764	0.0102044491444592
chr8	54881952	54882258	4	56	95.5841	2	74.8765	4.45692007065552	-0.73162977384913
chr8	54882259	73393044	220686	5322991	5363810.1309	4062031	4161818.2771	0.0258144863806123	0.0286930086035795
chr8	73393045	73396761	48	613	1164.62	888	911.256	-0.886780781850847	-0.886186269330624
chr8	73396762	88824020	158482	3753490	3838306.448	2941373	3025626.9691	0.0103299276152923	0.00747679037607314
chr8	88824021	88824810	9	99	216.618	0	176.312	32.0914510560771	-1.08993864805619
chr8	88824811	89842892	12044	276815	291544.8536	223544	233823.5893	-0.00811126869699797	-0.0350816837048708
chr8	89842893	89852458	127	1497	3076.43	2582	2474.84	-1.09851388195588	-0.999468893804153
chr8	89852459	91615904	20848	493396	504829.3459	386337	399920.9285	0.0186279776257308	0.00666429352719732
chr8	91615905	91619826	4	474	97.4262	83	77.5123	2.18564208954922	2.32221940868262
chr8	91619827	103463570	130674	3067203	3163963.7925	2432697	2512130.1428	0.00336793627753592	-0.00509538591794644
chr8	103463571	103465745	29	4	706.3854	53	531.5295	-4.13640340799461	-7.42459763825673
chr8	103465746	122339384	213518	5087352	5185086.3052	3918240	4028133.6916	0.0142755212897616	0.0122609677068795
chr8	122339385	122340447	8	4	191.691	74	151.458	-4.54749537619489	-5.54292473527267
chr8	122340448	122447549	884	21478	21610.574	16227	16425.766	0.0105094196095813	0.0308363166776009
chr8	122447550	122448439	10	2	241.576	100	189.504	-5.99228220716108	-6.87661925497329
chr8	122448440	133306290	122488	2889327	2978828.6973	2245393	2294366.3347	-0.0110610787393714	-0.00429761994396489
chr9	501	8394312	66062	1507474	1598572.5999	1212135	1273680.656	-0.0113751235817864	-0.0449370956522133
chr9	8394313	8596608	425	1390	10372.8357	1400	8000.0493	-0.38324869119564	-2.85993950846888
chr9	8598172	17802463	80521	1895897	1967167.3989	1439969	1491867.3657	-0.000334811417313106	-0.0135250921772884
chr9	17802464	17841668	464	12340	11458.7	7412	8430.18	0.294422376902551	0.146613067157902
chr9	17841669	59889086	456298	10727506	11052197.8777	8553273	8756686.3553	-0.00728733267040904	-0.00330453840371497
chr9	59889087	59890736	22	574	531.81	938	418.567	-1.05216671126594	0.149853882410351
chr9	59890737	86682660	310103	7403907	7511323.9047	5821765	5931283.4532	0.00793008247668044	0.018933613055662
chr9	86682661	86683035	5	131	122.126	2	99.2742	5.73636616035419	0.140910487329268
chr9	86683036	89159436	28192	674990	682096.2821	535883	541155.8143	0.0008395337625467	0.0246047808010582
chr9	89159437	89161928	25	0	604.01	219	482.567	-33.2174581424556	-33.1795668980308
chr9	89161929	103934154	162874	3915916	3956709.8274	3024015	3075855.4718	0.0113937778761006	0.0247626026334426
chr9	103934155	103936511	31	4	752.065	313	601.246	-6.61109799333921	-7.51499946935494
chr9	103936512	103939337	37	769	897.454	704	727.825	-0.173015411098372	-0.183140344698302
chr9	103939338	103947327	62	2	1490.883	333	1182.991	-7.71128347666829	-9.50223716998413
chr9	103947328	104609967	6836	158311	165489.262	128757	132527.3816	-0.0205137009257186	-0.0242620553725036
chr9	104609968	104610793	11	0	263.997	121	210.62	-33.2174581424556	-33.1795668980308
chr9	104610794	110936577	64942	1519594	1572294.382	1231721	1254516.3995	-0.0209068072235323	-0.00947138814462908
chr9	110936578	110937823	16	294	224.261	40	214.016	2.81210696220116	0.430351454955809
chr9	110937824	113688902	32757	781580	793485.3893	615564	621729.5975	-0.00560890261886121	0.017903942868453
chr9	113688903	114396611	3378	73497	82173.083	54079	63374.0288	0.0696655331009709	-0.12126648110446
chr9	114396612	116210428	22326	526339	542107.816	415097	419817.5297	-0.024450800281523	-0.00287345878570677
chr9	116210429	116211053	7	181	75.4833	108	95.338	1.0836750556936	1.30147434663678
chr9	116211054	120358573	46667	1098036	1129702.1409	868871	889293.2256	-0.00567708050712601	-0.00130303342623803
chr9	120358574	120360898	31	2	745.38	664	600.31	-8.68548497418419	-8.50211819442689
chr9	120360899	121315350	8641	198070	209121.2629	159989	168127.4789	-0.00492374579622001	-0.038615323959503
chr9	121315351	121319284	52	1359	1266.92	0	1014.67	33.3223237834038	0.140934079089381
chr9	121319285	121416511	1055	25016	25574.9329	19614	20579.8301	0.039290764900543	0.00783472053559497
chr9	121416512	121417575	7	203	168.265	0	133.533	33.4918483629422	0.310458658612903
chr9	121417576	122094282	5967	137307	144483.9006	108284	115191.8101	0.017537297847312	-0.0337895186927542
chr10	1186	491742	911	12325	22159.5914	9382	17194.523	0.0294608611788019	-0.806629582119099
chr10	494964	5729917	49135	1184257	1193551.3453	909752	924941.3819	0.0144329951338449	0.0284356195792056
chr10	5729918	5733943	53	0	1284.99	502	988.699	-33.2174581424556	-33.1795668980308
chr10	5733944	8661645	35074	827873	849841.5548	655821	664640.6821	-0.0166891117877202	0.00192962980748317
chr10	8661646	8663445	24	311	579.244	0	459.919	32.3238471403901	-0.857542563790066
chr10	8663446	18803369	119240	2904082	2907562.3363	2194402	2222996.7147	0.0187728479938916	0.0379861185019101
chr10	18803370	18806447	40	434	968.967	730	761.837	-1.09534379080893	-1.11903843893984
chr10	18806448	43445685	286112	6762957	6936217.1626	5293469	5444847.4739	0.00600607276965675	0.0032191639929846
chr10	43445686	43445910	3	46	27.2423	1	39.2416	6.05192011099408	0.795499400432298
chr10	43445911	57042140	155304	3756198	3775012.9476	2864430	2919661.1713	0.0221671983578233	0.0325055719641084
chr10	57042141	57042590	6	3	144.506	72	111.823	-4.95305213044379	-5.55030902703618
chr10	57042591	72224713	169521	4089603	4122249.6101	3109292	3186911.9657	0.0259247982519708	0.0282429852335669
chr10	72224714	72232627	105	2924	2555.99	4306	1982.31	-0.923281800068163	0.233775170332165
chr10	72232628	72324686	1177	28576	28634.504	21255	22105.355	0.0554658227163424	0.0367634228966208
chr10	72324687	72325280	7	136	170.088	7	132.715	3.9239808022055	-0.282960657484349
chr10	72325281	73555326	13357	328297	324174.1669	249091	253355.6516	0.0445463597851489	0.0579464889338603
chr10	73555327	73555920	5	100	122.304	0	99.5392	32.930632166751	-0.250757537521424
chr10	73555921	73948327	4958	119572	120241.8592	92102	95389.8968	0.0443671667100738	0.0316544245548084
chr10	73948328	73949469	15	177	364.012	7	285.608	4.31212380797622	-1.00052259956724
chr10	73949470	85085750	131622	3109052	3197745.4784	2406520	2487712.6899	0.0091139020600156	-0.0008663159482711
chr10	85085751	85086125	5	140	60.8676	14	67.5892	3.47486915727912	1.24139449126696
chr10	85086126	90262634	62442	1524321	1525476.0172	1145559	1160210.8412	0.0190652945061512	0.0386212978256465
chr10	90262635	90264285	22	723	383.71	271	306.042	1.09123889420759	0.953693334086968
chr10	90264286	112626397	246821	5911210	6017998.9276	4496496	4598711.3175	0.00842088168481727	0.0138836756862643
chr11	797	8860931	89986	2082760	2179141.5574	1701487	1752293.4038	-0.0209922748169021	-0.025549261478311
chr11	8860932	8862446	19	0	457.707	134	368.062	-33.2174581424556	-33.1795668980308
chr11	8862447	14740999	68639	1615090	1661467.5419	1306049	1332625.6516	-0.00995819738710577	-0.00112949756504554
chr11	14741000	14741299	4	108	43.4481	2	53.0889	6.04582746505822	1.35338036929632
chr11	14741300	38015362	250725	5937555	6079033.5584	4703927	4799470.3313	-0.00314067658320545	0.00574104018170053
chr11	38015363	38028567	27	12	657.243	276	511.496	-4.88344305921702	-5.73560650173735
chr11	38028568	38030545	19	223	459.485	279	364.681	-0.654781333857139	-1.00326000386561
chr11	38030546	38032184	21	15	511.663	174	393.27	-3.91390386646897	-5.05244544959565
chr11	38032185	38035587	41	745	1003.3	667	763.758	-0.232189093148193	-0.38972667367532
chr11	38035588	38036249	7	8	170.581	88	125.012	-3.90599918570553	-4.37459909826631
chr11	38036250	38039662	45	999	1091.99	726	837.344	0.0792706331529441	-0.0886890105734213
chr11	38039663	38041444	23	170	556.387	296	441.374	-1.13232668728665	-1.67083991398038
chr11	38041445	38048711	92	2903	2228.753	1933	1747.085	0.237238801681754	0.421021883135272
chr11	38048712	38049836	15	22	361.167	155	290.864	-3.12719131203911	-3.99737659703706
chr11	38049837	39258849	7477	178530	181841.583	138778	140897.0536	-0.00283025630257897	0.0131984260945513
chr11	39258850	39300204	8	6	195.614	154	155.085	-5.01495170201241	-4.98718926048343
chr11	39300205	40565220	10233	236991	247616.8634	191717	198750.1256	-0.00947698860373377	-0.0235632462705617
chr11	40565221	40572702	43	0	1042.985	337	825.153	-33.2174581424556	-33.1795668980308
chr11	40572703	40688625	1277	29984	30951.2943	24716	24974.3282	-0.0289834837693071	-0.00609283123143532
chr11	40688626	40691989	4	0	95.3937	89	77.0532	-33.2174581424556	-33.1795668980308
chr11	40691990	40874959	1961	46275	47494.246	38590	38300.194	-0.0465722869178288	0.00219430175048758
chr11	40874960	40878262	44	4	1064.14	829	861.564	-7.99806354094557	-8.01575816208492
chr11	40878263	50344266	98924	2328033	2394749.3132	1861824	1916831.7831	0.0030667100618304	-0.00104908020631784
chr11	50344267	50345619	18	3	441.922	165	342.186	-6.148547915621	-7.16297137086628
chr11	50345620	60119441	107942	2545884	2611262.4984	2021691	2085573.6028	0.0101237186748571	0.00313324460055214
chr11	60119442	60123790	52	592	1252.84	937	997.529	-0.989400556693615	-1.04181904795135
chr11	60123791	90463331	332553	7950969	8068651.2494	6188464	6315727.1908	0.00999345136831249	0.0185172124680396
chr12	322	1505031	13366	310733	324328.617	243511	252307.7475	-0.00876049079761908	-0.0220668094798064
chr12	1505032	1506828	20	44	481.8077	170	384.5182	-2.27354207548549	-3.41316796887708
chr12	1506829	2752931	12469	292716	304193.6613	226452	232413.5261	-0.0161769255913866	-0.0157744335988493
chr12	2752932	2779858	203	11	4912.332	1892	3867.047	-7.76961768660735	-8.76304661931455
chr12	2779859	3750649	2381	47398	57601.5417	38572	45555.7245	-0.0393800345125961	-0.241567190136401
chr12	3750650	4123769	1629	35423	39421.9068	28804	31431.1382	-0.0265630086646954	-0.114597108676477
chr12	4126095	4129541	38	892	920.392	1149	737.707	-0.682640894699394	-0.00549068264807505
chr12	4135806	5421312	7096	152747	171855.2814	123383	136598.7925	-0.021426236737799	-0.130336092486419
chr12	5421313	5422327	7	12	173.298	74	123.458	-3.11190273696828	-3.81243464084623
chr12	5425514	9975205	41993	966939	1022150.2494	761894	785465.2583	-0.0343305163031923	-0.0403964433070057
chr12	9975206	9976358	13	5	314.502	277	246.097	-6.14383337526848	-5.93528322657663
chr12	9976359	10010203	397	9933	9662.52	7188	7443.32	0.0920086748117252	0.0795440672313529
chr12	10010204	10017251	89	3101	2164.39	1582	1674.69	0.602740316261343	0.558487096042104
chr12	10017252	20616963	106516	2499324	2597710.5406	1913607	1983348.6084	-0.00223623153356202	-0.0159886937796351
chr12	20616964	20861702	219	2430	5309.144	3271	4137.105	-0.786810337604672	-1.0878089072446
chr12	20861703	22597119	8591	175539	210126.6335	132876	158937.7992	0.000737088888992525	-0.219753390021965
chr12	22597120	22597729	8	112	195.034	2	154.462	5.47270402533176	-0.760512865498473
chr12	22597730	34662209	137427	3214515	3341703.8085	2542225	2573212.8028	-0.0366809268138268	-0.016268732130173
chr12	34662210	35851981	311	1709	7514.356	2055	5931.2127	-0.605485547972681	-2.09678301820294
chr12	35851982	36537502	4412	99723	107627.1436	78254	82219.489	-0.0369050685247788	-0.0703297312682151
chr12	36537503	36537919	5	103	122.377	4	90.6992	4.25615262326355	-0.208974049477825
chr12	36537920	37668191	13767	336597	336919.5371	251225	252085.4738	0.00537398488810601	0.0383322802818997
chr12	37668192	37669016	11	135	202.134	7	150.91	3.84965987603211	-0.542638552674136
chr12	37669017	38101494	5321	132999	130160.8875	97110	97640.8982	0.0408079119014254	0.0708334561880579
chr12	38101495	38868391	9347	217214	227912.9656	168955	174316.2158	-0.0224753646639149	-0.0296518569926821
chr12	38868392	38886056	225	4854	5579.631	2774	3980.7935	0.321915447173681	-0.161281555375282
chr12	38886057	46614821	91977	2170948	2246535.9184	1673264	1701174.6537	-0.0236879720805463	-0.00966290739593209
chr12	46614822	46615576	10	58	100.802	4	130.662	4.23411916126155	-0.757685407009105
chr12	46615577	47114187	5915	145047	144822.5639	109123	108536.2077	-0.00372194032675471	0.0419481103948741
chr12	47114188	47114894	9	1	217.926	91	167.87	-6.88246571700993	-7.72798043718744
chr12	47114895	49153734	23635	571800	579243.8168	425125	432079.2363	0.00657148992264035	0.0210539319879693
chr12	49153735	49196687	86	12	2078.272	483	1630.126	-5.67949506700549	-7.39649219169548
chr12	49196688	49258718	29	51	704.7985	122	559.595	-1.58931697118858	-3.74892764878681
chr12	49258719	52716696	41262	993112	1008627.0057	754111	761051.4165	-0.00732458643112752	0.0173496268978093
chr13	0	33443159	293167	6728089	7097325.0005	5543138	5695344.6149	-0.0361755608958544	-0.037364530838538
chr13	33443160	33815026	190	1508	4567.7167	1752	3683.009	-0.525131791624436	-1.55912269441784
chr13	33815027	35035362	11629	256005	282688.6637	199211	218338.674	-0.00894885253338859	-0.103327991195175
chr13	35035363	52600591	203271	4805296	4934374.3169	3767296	3849518.5474	-0.00527042287800146	0.00147219161963282
chr13	52600592	52601171	7	0	173.248	63	133.665	-33.2174581424556	-33.1795668980308
chr13	52601172	69883462	193305	4488152	4682891.7613	3594287	3733760.2518	-0.00453166697823236	-0.0215641050386542
chr13	69883463	69884287	11	134	263.213	6	211.554	4.16774471002885	-0.934283693238004
chr13	69884288	72608170	31676	742547	768678.2814	577494	599666.9049	0.00628064158704918	-0.0101835103254531
chr13	72608171	72609595	19	140	463.511	0	359.3452	31.4939270053001	-1.68746269867113
chr13	72609596	78742681	72773	1733216	1763247.3713	1345030	1388231.1941	0.0226488782435062	0.0149306219576129
chr13	78742682	78744123	15	1	365.467	144	293.255	-7.48568760629188	-8.4738832294955
chr13	78744124	83798428	60602	1445554	1466925.0313	1129444	1159141.2452	0.0180938002499378	0.0185414115180824
chr13	83798429	83799423	12	132	288.078	5	228.674	4.39112167774815	-1.08620750793135
chr13	83799424	84625598	10439	251427	253757.7254	192131	197088.7896	0.0252660510560391	0.0264018914353959
chr13	84625599	84636075	137	5002	3306.62	2621	2606.06	0.590723550924397	0.636861849325204
chr13	84636076	97180577	141954	3364853	3439861.8504	2638151	2700076.2133	0.00348864758123359	0.00790690486044807
chr13	97180578	97184150	38	406	918.634	0	697.147	32.0430933018826	-1.13829640223986
chr13	97184151	100413913	33288	799076	809017.8875	615412	627029.682	0.0109650923381941	0.0218751739799291
chr13	100413914	100414738	11	172	162.377	20	149.92	2.99100502779972	0.122775320426802
chr13	100414739	114025099	163117	3901319	3958802.1204	3048196	3078249.4753	-0.00512469432837019	0.0186120628660257
chr14	322	693411	280	2723	6780.7514	2416	5359.7655	-0.164875937190487	-1.27653411897968
chr14	693412	748737	98	1456	2379.193	2377	1876.636	-1.04763220272172	-0.668747901234117
chr14	748738	12347488	118442	2770184	2874731.9627	2178763	2237687.6762	-0.0131234201870204	-0.0137315902666037
chr14	12347489	12355422	56	6	1346.63	544	1065.74	-6.83817550994725	-7.77046121113907
chr14	12355423	16030441	38147	904961	923444.8977	717254	729771.1707	-0.00238740142396608	0.0105437928305659
chr14	16037007	16101518	67	865	1626.288	1097	1270.736	-0.696887112520018	-0.871096678510365
chr14	16101519	39839597	261610	6122738	6337003.7457	4887042	5027447.5478	-0.00693649092660923	-0.00990986769641294
chr14	39839598	39847025	18	461	436.536	0	350.301	33.2997698718399	0.118380167527608
chr14	39847026	39922548	718	15570	17376.0281	12932	13953.5639	-0.0468183531356314	-0.118615345919928
chr14	39922549	39924236	21	4	506.771	367	412.521	-6.81467983507745	-6.94547608918712
chr14	39924237	39961188	335	7789	8100.7899	6278	6530.8452	0.00216301752367839	-0.0169104215654803
chr14	39961189	39962088	12	0	289.881	249	232.053	-33.2174581424556	-33.1795668980308
chr14	39962089	40510489	4905	115719	118746.5572	95473	95821.6248	-0.0301786349605144	0.00245412597520892
chr14	40510490	40512381	18	1	439.076	264	347.377	-8.38053970787927	-8.73861275414755
chr14	40512382	40544651	352	8072	8541.7712	6720	6901.5411	-0.0413289578763852	-0.0418950290088311
chr14	40544652	40545331	9	225	217.928	1	175.404	7.50243405055952	0.0857874825613049
chr14	40545332	40887862	3824	85341	92589.3096	71738	74618.5043	-0.0589878892855499	-0.0778925622336607
chr14	40887863	40891098	40	331	967.748	0	772.999	31.6733035513546	-1.50808615267253
chr14	40891099	46523299	64837	1549032	1570688.1292	1208236	1234545.7999	0.0128710832316808	0.0196842465441751
chr14	46523300	46607613	35	206	870.117	408	635.583	-1.43723087643062	-2.03885101666483
chr14	46611500	61656736	147833	3411221	3581126.8992	2769598	2866207.2172	-0.0188362837619394	-0.0304113665725976
chr14	61656737	61683390	19	363	458.452	1	362.393	8.16643288930242	-0.297087092072589
chr14	61683391	61953389	3087	72093	74696.5291	58312	60201.5915	-0.00335039442076737	-0.0114679711388322
chr14	61953390	61957549	35	3	848.551	619	674.033	-8.01919240056563	-8.10418096929457
chr14	61957550	62269526	3651	87084	88475.04	70356	70951.4005	-0.00888232745046426	0.0168512179619706
chr14	62269527	62270651	15	217	361.285	0	288.564	32.4856614404367	-0.695728263772004
chr14	62270652	62365169	1093	24001	26453.5516	19572	21221.6576	-0.021797945289382	-0.100652860766296
chr14	62365170	62379043	84	704	2035.236	10	1631.028	5.81991176089481	-1.49183470964397
chr14	62379044	71383693	92721	2169310	2242738.4501	1740243	1793756.8229	-0.00250679547871503	-0.00831109843728508
chr14	71383694	71383996	4	62	81.5309	1	56.8879	5.43679399328742	-0.355364674136631
chr14	71383997	72378734	11761	282123	284254.9164	216431	224448.826	0.0434411856582636	0.0288530352066038
chr14	72378735	72378959	3	67	33.172	0	39.3511	34.2352988534152	1.05390914903768
chr14	72378960	93419465	239966	5771839	5830946.7882	4456445	4535573.7085	0.0125154563161706	0.0250149516250687
chr14	93419466	93424927	47	515	1140.972	838	907.15	-1.03140536311857	-1.10790499906201
chr14	93424928	94662540	9791	223701	237026.5816	185362	190259.1558	-0.0440339824799529	-0.0437631041593298
chr14	94662541	95686789	511	3602	12353.4676	4336	9810.467	-0.598266111471133	-1.73833192331673
chr14	95686790	95687721	3	14	72.6509	129	57.6891	-3.53473143914541	-2.33583979132623
chr14	95687722	97058593	241	2703	5825.1017	2960	4592.0804	-0.472348193952166	-1.06800767486163
chr14	97058635	97100092	19	12	457.957	152	370.248	-3.96786240441734	-5.214391775134
chr14	97100093	98555351	14152	334356	342693.2803	274687	276119.9111	-0.0262037992835192	0.00418115457105921
chr14	98555352	98556176	11	99	268.312	0	219.214	31.7826926063863	-1.39869709767157
chr14	98556177	101132019	26011	597707	629583.0941	478448	501093.6673	-0.00641738489572983	-0.035244311480919
chr14	101132020	102295892	486	3230	11765.9775	3500	9295.9882	-0.453938990866106	-1.82530106111028
chr14	102295893	102568475	3128	70350	75667.2042	56122	60400.4106	0.0026970236547639	-0.0654036660409646
chr14	102568476	102571152	35	411	846.024	678	670.721	-1.05530989021162	-1.00184614523689
chr14	102571153	114798297	137045	3217924	3321413.4549	2539118	2617076.9978	-0.000215334995980893	-0.00595301872276142
chr14	114798298	114802065	44	459	1065.645	0	838.4145	32.0059429031863	-1.17544680092765
chr14	114802066	115493372	7489	176585	181271.0643	137034	144580.6395	0.0413774411334294	0.00192819873009125
chr15	0	7646684	73431	1745244	1779790.2949	1358085	1399258.4269	0.0166329516811509	0.0114355379989342
chr15	7646685	7654167	96	6	2325.81	941	1834.02	-7.6339894505848	-8.55884092219955
chr15	7654168	7654917	10	204	241.331	185	193.779	-0.173734326827324	-0.202730044600719
chr15	7654918	7656636	20	0	486.734	243	392.519	-33.2174581424556	-33.1795668980308
chr15	7656637	21026253	150534	3558723	3644435.1416	2799588	2869079.4199	0.00286059814176332	0.00537846763876322
chr15	21026254	23324406	607	5959	14707.5998	6974	11590.3761	-0.568727754518259	-1.26370562208373
chr15	23324433	30919046	62581	1477689	1517752.0454	1166260	1187382.9389	-0.0108748072540744	0.00112059994390347
chr15	30919047	31018343	56	1063	1353.2818	1290	1072.0363	-0.613515194360211	-0.308606641626352
chr15	31018344	31950404	443	6296	10701.8853	5000	8476.3657	-0.0020169823667829	-0.725643474661644
chr15	31953379	86827848	589649	13923998	14289865.2669	11015752	11305757.9521	0.0018937345864299	0.00229524900476029
chr15	86827849	86828523	9	0	216.92	86	169.426	-33.2174581424556	-33.1795668980308
chr15	86828524	95309262	94151	2201087	2279357.7807	1790095	1821283.6548	-0.0236689407296048	-0.010697174626623
chr15	95309263	95310312	14	3	338.628	143	271.288	-5.8929620573767	-6.77888089164832
chr15	95310313	96729426	16045	370843	388605.8439	306542	313094.6661	-0.0351620764622926	-0.0277850084222179
chr15	96729427	96731694	29	0	701.01	288	564.477	-33.2174581424556	-33.1795668980308
chr15	96731695	97045738	3769	87717	91362.5545	72180	73431.4122	-0.0321255089852272	-0.0190324666798866
chr15	97045739	97046402	7	0	170.305	74	138.548	-33.2174581424556	-33.1795668980308
chr15	97046403	105433303	94663	2193612	2292482.8281	1775506	1822812.3471	-0.023843940156807	-0.0238885079109376
chr15	105433304	105437135	51	688	1235.38	1	966.796	9.07441595119863	-0.804760358555294
chr15	105437136	107408005	18176	423766	441114.3284	332327	341626.7461	-0.0162445575196714	-0.0181707315637462
chr15	107408006	107788196	76	1366	1831.3441	1790	1447.3189	-0.727699350714408	-0.38323135681088
chr15	107788197	111239624	36303	861866	879799.1536	674717	694387.2589	0.013570138890601	0.0100034190905139
chr16	17697	14006786	148436	3562925	3605089.8027	2741598	2797985.847	0.0142213443297985	0.0227409684630082
chr16	14006787	14008519	22	249	534.14	1	424.698	7.63104406494128	-1.06135813354948
chr16	14008520	14495667	5826	139232	141136.0842	107459	110920.3869	0.027964981282778	0.0201179897965295
chr16	14495668	14498120	32	344	766.993	560	611.987	-1.02690785953838	-1.11709079486799
chr16	14498121	14667973	2109	51801	50907.61	39833	40459.701	0.0494429382272557	0.0648126640415111
chr16	14667974	14668426	6	170	145.153	0	115.517	33.4490641119815	0.267674407655808
chr16	14668427	17157096	26991	624952	653097.5016	508246	524140.1878	-0.0173044220625363	-0.0238389517478308
chr16	17157097	17161876	49	2	1185.27	536	956.866	-8.37309326518639	-9.17128588532657
chr16	17161877	17175074	162	3648	3912.92	3264	3146.99	-0.151985541599387	-0.0614258340106758
chr16	17175075	17181789	7	6	170.401	71	130.278	-3.95030213538565	-4.78811343617262
chr16	17181790	29937337	132471	3119308	3218674.6341	2434730	2518869.9066	0.00559689027780713	-0.00552668436334035
chr16	29963967	31091088	492	6199	11935.6403	6547	9397.1075	-0.421962974024704	-0.905454503174698
chr16	31091089	57056851	262795	6105397	6362630.7326	4910287	5074300.5207	-0.0103138658436602	-0.0198242347750497
chr16	57056852	57058051	16	461	386.943	0	312.584	33.4737494451939	0.29235974086608
chr16	57058052	59564393	27831	659499	673742.7582	530337	538540.5157	-0.0068591008066217	0.00888666192832862
chr16	59564394	59564768	5	171	64.1317	20	66.6023	3.15228157461747	1.4546008203225
chr16	59564769	64921379	62468	1481826	1512405.1503	1168445	1189065.3037	-0.00240768460135375	0.0102454360842097
chr16	64921380	64928671	25	87	605.739	353	491.342	-2.32072680539648	-2.75989494317585
chr16	64928672	64933949	50	11	1209.06	572	975.872	-6.007738908668	-6.74052443990395
chr16	64933950	64975245	71	1485	1718.7129	1594	1374.3326	-0.42296327308131	-0.171151589924538
chr16	64975262	71350317	65972	1542778	1598038.3977	1232697	1262423.4853	-0.0145710645708916	-0.0110575443886651
chr16	71350318	71351894	21	0	511.45	392	389.066	-33.2174581424556	-33.1795668980308
chr16	71351895	72206325	10190	239748	247085.1821	185042	192151.9247	0.0127277559182969	-0.00377566247249295
chr16	72206326	72208630	20	327	485.511	107	380.848	1.26321398206883	-0.530499295714129
chr16	72208631	90668716	209389	4943689	5081419.3936	3900053	3974058.3134	-0.0107014343005537	7.04978226025998e-05
chr17	545	284933	427	7270	10323.7658	6410	8205.9603	-0.147771425255652	-0.466227998322765
chr17	284934	48019145	513987	12123413	12468875.618	9464464	9741714.442	0.00294222599647874	-0.000821419389100006
chr17	48019146	48493083	386	7785	9343.8959	7504	7475.4571	-0.267002385257006	-0.223613110974917
chr17	48495421	59757770	112748	2656075	2729472.1786	2098139	2163238.9148	0.00657945080030762	0.000387944026904383
chr17	59757771	59777987	132	1612	3193.9645	2460	2531.2913	-0.943458501071461	-0.946782482701863
chr17	59777988	59836259	706	16855	17052.695	13290	13508.494	0.00852541318015568	0.0228909181883804
chr17	59836260	59840396	52	421	1257.788	4	985.81	6.36799193809167	-1.53928258697247
chr17	59840397	88135728	312291	7315924	7561803.8578	5792872	5966603.269	-0.00323646886747752	-0.00797628938815959
chr17	88135729	88136253	7	0	168.899	73	134.894	-33.2174581424556	-33.1795668980308
chr17	88136254	89385792	14283	337660	345465.6303	266088	274326.2824	0.012841303820119	0.00674314855617357
chr17	89385793	89463173	213	3149	5133.1613	692	4015.0913	1.83345781872373	-0.665239786704767
chr17	89464669	89653336	1809	38732	43843.7062	31392	34821.453	-0.0274414943692434	-0.139129706896344
chr17	89653337	89659072	32	616	777.536	3174	604.01	-2.72781410348504	-0.296265071779357
chr17	89659073	90616851	8031	192372	194416.2085	149300	154222.6146	0.033373299464279	0.0244643776014571
chr17	90616852	90617165	4	3	98.8896	75	75.8578	-5.02455465099561	-5.00307034249088
chr17	90617166	90843705	2871	69874	69660.0022	52755	54449.6362	0.0518625929924184	0.0441392635084621
chr18	0	29846876	326500	7666392	7912275.1099	6085764	6248778.5716	-0.0055861849848901	-0.00583077020924702
chr18	29846877	29850264	45	562	1086.46	0	871.358	32.2701107307942	-0.91127897337579
chr18	29850265	38376908	84117	2022653	2037613.0844	1582554	1607768.405	0.0139963910476368	0.029082758952566
chr18	38376909	38512969	412	7538	9991.3163	7312	8037.1973	-0.268243728364783	-0.366778911499369
chr18	38512970	40976269	22555	527596	545865.8809	419441	434534.977	0.00371432621431126	-0.00939884715542155
chr18	40976270	40978069	24	275	577.297	511	462.126	-1.21309633383222	-1.03016805842719
chr18	40978070	41091175	1249	31227	30176.802	24356	23925.833	0.0254687942751152	0.089068102546562
chr18	41091176	41094317	41	543	990.818	757	785.956	-0.811689824976317	-0.82795382884996
chr18	41094318	51320910	114454	2705874	2769194.5244	2156509	2205512.3274	0.000867154233621518	0.00634231166150862
chr18	51320911	51325673	63	834	1536.45	1294	1205.28	-0.98212800114313	-0.841767478829032
chr18	51325674	54524786	36746	895017	889209.1176	702368	702161.8575	0.010791662420419	0.0491063949814164
chr18	54524787	54529551	62	735	1505.67	0	1199.43	32.1865143033795	-0.994875400773832
chr18	54529552	60530586	67826	1643869	1645830.6335	1276764	1285762.0273	0.0102340311608919	0.0379935053002491
chr18	60530587	60535612	67	0	1623.07	624	1264.18	-33.2174581424556	-33.1795668980308
chr18	60535613	61053680	4645	106386	112803.0707	82874	87080.396	-0.0112468133340152	-0.0447839799432862
chr18	61053681	61054880	16	0	387.636	320	302.903	-33.2174581424556	-33.1795668980308
chr18	61054881	61798643	8730	208633	211722.2236	163072	164413.8744	-0.00755957290005532	0.01850871057166
chr18	61798644	61799384	9	123	217.679	2	171.06	5.59663751044132	-0.783829867426656
chr18	61799385	65123809	39091	910822	946914.3418	714036	742914.0723	0.00295656084216255	-0.0163507351492993
chr18	65123810	65125674	15	4	366.999	281	288.026	-6.48218058395971	-6.47991825770923
chr18	65125675	68771037	42575	994892	1029426.2333	798172	821067.1589	-0.00660525648065471	-0.0095145737005095
chr18	68771038	68772099	11	66	264.664	1	208.829	5.70437699735341	-1.96390998959863
chr18	68772100	68777348	68	3358	1644.23	1805	1316.18	0.57637088246081	1.06990415938876
chr18	68777349	68907838	1402	31177	33925.8121	24389	26961.293	0.0245806480892369	-0.0821871879074795
chr18	68907839	68908555	8	37	189.269	134	146.324	-2.22608473296994	-2.31512690675159
chr18	68908556	71314435	28667	695133	695576.351	540712	540609.397	0.000629173751864053	0.038794203413979
chr18	71314436	71321147	86	3077	2092.06	1673	1610.15	0.503180670858271	0.59631426613399
chr18	71321148	84990541	144361	3405218	3504321.031	2671123	2735868.2341	-0.00501264078281386	-0.00167373369744583
chr18	84990542	84991066	7	179	170.224	0	138.524	33.2936288848408	0.11223918052913
chr18	84991067	86399797	15872	366727	384077.8642	293480	308276.9869	0.00609548015509883	-0.0269782802256537
chr18	86399798	86403308	41	0	992.576	377	794.441	-33.2174581424556	-33.1795668980308
chr18	86403309	87665540	12334	283436	298812.7326	226066	240204.0015	0.0131203490471824	-0.0365045619618216
chr18	87665541	88201446	269	3717	6527.1588	4519	5101.3947	-0.635605473744124	-0.772602399927345
chr19	0	11438778	123786	2928652	3000919.1158	2344579	2376620.5087	-0.01376218862386	0.00454639041707747
chr19	11438779	11441070	29	739	699.956	225	553.502	1.3787964635163	0.118024179831705
chr19	11441071	21298517	107513	2527435	2609650.0946	1974049	2026876.0366	-0.00625952956497878	-0.00646834057446744
chr19	21298518	21299267	10	0	241.86	118	185.999	-33.2174581424556	-33.1795668980308
chr19	21299268	23498115	25111	600937	608826.8679	474728	475807.1296	-0.0137197232453409	0.0208957758146769
chr19	23498116	23501416	44	491	1062.65	799	854.275	-1.01554370527514	-1.07415752066105
chr19	23501417	25563407	24574	595214	598503.5511	455000	460365.5486	0.0107847879774449	0.0317627042598991
chr19	25563408	25564778	18	3	437.227	204	323.329	-6.52101960468103	-7.14756211143176
chr19	25564779	49791799	251256	5957074	6095080.5423	4650705	4758752.8874	0.00191551119397985	0.00667264644327924
chr19	49791800	49792174	5	83	47.8261	1	66.6875	6.85648044315245	0.83502723645559
chr19	49792175	50419049	7852	181845	191425.7093	138728	145196.9287	-0.00650060337471042	-0.034361293944111
chr19	50419050	50419142	1	26	23.7346	316	17.7005	-4.0247198436299	0.171233938043292
chr19	50419143	62275498	138448	3325507	3377959.1376	2535316	2564968.8968	-0.00397900548485968	0.0171364824160301
chr20	747	4008	7	278	168.106	15	136.006	3.90817236279015	0.765427716052089
chr20	4009	452023	2856	60652	69335.8309	48522	54836.5962	-0.0147230597168563	-0.153331821203418
chr20	452024	504623	131	1793	3176.338	7	2551.988	7.68688470939097	-0.785274901191991
chr20	504624	504716	1	30	23.848	49	18.9607	-1.03685249497943	0.370808271236895
chr20	504717	521314	55	670	1322.27	12	1051.39	5.47415869967124	-0.941069745223162
chr20	521315	661034	1057	25315	25568.953	20028	20551.896	0.0246753387677309	0.0253134490654702
chr20	661035	665321	53	1092	1287.813	538	1038.752	0.713045720696364	-0.198236211368952
chr20	665322	782771	912	21499	22087.5249	17487	17552.4547	-0.0317494014200768	0.000751845974422648
chr20	782772	791693	86	2865	2079.0208	1578	1673.3889	0.549129318461594	0.502344997915786
chr20	791694	814764	194	3548	4705.3874	2824	3764.6289	0.00928287838877733	-0.367593445925951
chr20	814765	815332	6	96	143.723	0	114.505	32.6389191113967	-0.542470592836273
chr20	815333	3427219	16843	389448	409330.2061	294095	319160.2459	0.0479870888483108	-0.0321203727471399
chr20	3427220	4490334	10830	234672	265944.6101	173608	198484.4253	0.0145351008849061	-0.14076603085172
chr20	4490335	15655087	115654	2755617	2829306.5726	2068154	2129167.9738	0.00569583452049359	0.00164092446286716
chr20	15655088	15655687	8	12	192.803	72	152.066	-2.92556957239854	-3.96630713586034
chr20	15655688	20868256	61775	1421462	1497111.9323	1144974	1176882.5228	-0.0333282721812436	-0.0350925063215432
chr20	20868257	20868631	5	97	120.419	3	95.1354	4.67676427606643	-0.272292338523471
chr20	20868632	29821885	103177	2436166	2500122.3507	1927036	1967918.0634	-0.00527682105750153	0.00232779355761711
chr20	29821886	29822185	4	0	95.7459	47	75.4174	-33.2174581424556	-33.1795668980308
chr20	29822186	36681139	73095	1720348	1777149.1487	1332539	1381437.6529	0.00695116437685146	-0.00715028530512322
chr20	36681188	36683744	14	155	339.211	3	272.178	5.37535220252922	-1.09020068799585
chr20	36683745	56205872	218678	5050884	5301960.2143	4048659	4190266.6195	-0.0185692225616351	-0.0302758845090356
chrX	598	13022945	111239	2610816	2694609.7138	2082074	2137941.4614	-0.00555173018482869	-0.0058614919560903
chrX	13022946	13023772	11	0	265.808	217	214.423	-33.2174581424556	-33.1795668980308
chrX	13023773	32910242	184105	4293453	4455964.1261	3429853	3542898.5693	-0.00499299528104325	-0.0138851681176461
chrX	32910243	32911112	10	1036	241.746	207	195.292	2.01728496930248	2.13917413014264
chrX	32911113	37714156	51486	1200488	1245980.8807	959371	991725.8244	-0.00398564815409186	-0.0139468971495657
chrX	37714157	37723505	16	2	389.914	149	314.864	-6.52577284092756	-7.56729806694655
chrX	37723506	63559811	249875	5813608	6052573.8975	4753747	4856475.2634	-0.0254476956285498	-0.0184009408873789
chrX	63559812	63594005	266	6928	6398.53	7525	4621.62	-0.586771700247163	0.15441248300671
chrX	63594006	64094693	4328	96087	104881.6637	76441	83155.4634	-0.00306210671865143	-0.08663526355452
chrX	64096627	64124835	11	42	151.4489	5	171.339	3.25023460326104	-1.81065581525646
chrX	64124836	106138299	397460	9164298	9628215.2181	7419745	7706626.8945	-0.0146912707845863	-0.0315299672998854
chrX	106138300	106186533	163	3430	3965.0479	3584	3017.349	-0.455595974443441	-0.169415667191238
chrX	106186534	113106640	68842	1592604	1666567.3346	1274421	1328619.8964	-0.00358273604894157	-0.0257779708578572
chrX	113106641	113110242	47	624	1132.67	864	905.079	-0.791274445569936	-0.820395612208111
chrX	113110243	131862910	184342	4318831	4462195.1361	3464047	3568894.9312	-0.00227101113565484	-0.00739869080776594
chrX	131862911	131891630	197	4077	4768.145	4902	3852.196	-0.571786720424532	-0.186206101200398
chrX	131891631	155828551	222988	5161551	5399577.0657	4178144	4319003.641	-0.0153826381750273	-0.0253277105216527
chrX	155828552	155847540	196	3477	4933.865	2920	3425.1495	-0.272853777083022	-0.465161123164433
chrX	155847541	159969947	31555	752902	765225.5206	586745	599738.502	0.00999986013570083	0.0162911535737467
