chrom	start	end	binNum	tumor	tumor_expect	normal	normal_expect	log2.copyRatio	log2.TumorExpectRatio
chr1	987	1103291	990	13622	20955.9441	12885	19090.5626	-0.0539591969118152	-0.583216029906122
chr1	1103292	1115154	42	112	892.905	454	800.228	-2.17699444219612	-2.95680300423622
chr1	1115155	1132556	81	1193	1734.4237	1037	1537.2443	0.0283629327209516	-0.501657381058382
chr1	1132557	1139531	41	459	868.333	809	786.888	-0.959440952139709	-0.881549307623124
chr1	1139532	1140163	4	0	84.4375	60	76.7306	-33.2189862467547	-33.1810759975565
chr1	1140164	1153899	104	1223	2215.0874	1048	1980.7827	0.0617873844461695	-0.818734268419674
chr1	1153900	1163606	71	1407	1505.109	1895	1351.546	-0.584538173363948	-0.0590406907033544
chr1	1163607	1172103	23	1	485.732	108	441.635	-6.89189880604634	-8.88581170255141
chr1	1172104	1371494	595	6913	12675.3001	11543	11277.8523	-0.90786724379152	-0.836431122495317
chr1	1371495	1444675	480	7888	10261.0257	7346	9099.6796	-0.0702919393369535	-0.341238542723006
chr1	1444676	1452024	58	92	1238.647	216	1105.647	-1.39490508934701	-3.71278247007938
chr1	1452025	1454706	11	2	235.042	151	209.927	-6.40114086990376	-6.83856979862366
chr1	1454707	31272479	308165	6324111	6543289.9483	5736909	5910236.6982	-0.00591653324468751	-0.0109485598812412
chr1	31272480	31385444	126	1110	2670.268	10	2424.837	6.65561376013923	-1.2282199162455
chr1	31385445	31518544	1297	27533	27520.746	24773	24983.726	0.0131570028301817	0.0388471887878005
chr1	31518545	31522345	49	469	1035.27	1010	952.481	-1.22664561741179	-1.10414229438256
chr1	31522346	51388309	209337	4406050	4467443.7929	3878950	3968966.2955	0.0134281223530334	0.0182412402181875
chr1	51388310	51388984	9	96	192.67	3	172.653	4.84203814443374	-0.966820689357645
chr1	51388985	61509137	90141	1839483	1920867.5592	1651185	1717473.7171	-0.00537675400601692	-0.0242527560300025
chr1	61509138	61511611	30	317	634.678	1	580.317	8.17945000584397	-0.963337043022884
chr1	61511612	62958059	12582	252230	266072.0393	238650	244067.5104	-0.0443984052212062	-0.0388720797611468
chr1	62958060	62995084	43	685	909.037	90	827.476	2.79278023434505	-0.370030077203098
chr1	62995085	63000821	19	362	397.874	1	372.857	8.40645133642288	-0.0981169770717872
chr1	63000822	63010649	3	40	63.808	47	59.2332	-0.339697341474747	-0.635532363301534
chr1	63010650	63097769	173	1578	3639.828	78	3388.568	4.23557941248892	-1.16756812050793
chr1	63097770	63104322	60	1157	1265.101	901	1172.217	0.251071652706809	-0.090658751910403
chr1	63104323	63132023	146	1207	3090.121	0	2831.219	31.8633379961785	-1.31803270312768
chr1	63132024	63708716	1099	22034	23248.8413	20104	21349.9946	0.00962043749795403	-0.0392224417592435
chr1	63708717	63711056	21	259	452.492	1	392.363	7.81139964864769	-0.766735236278751
chr1	63711057	63714502	20	303	428.798	226	372.519	0.220305557098603	-0.462775431572462
chr1	63714503	63720583	76	889	1622.95	71	1437.379	3.47140914831255	-0.830158278134546
chr1	63720584	63734371	89	1578	1892.003	1220	1704.436	0.220890811984042	-0.223612219405489
chr1	63734372	63739021	36	533	770.438	213	669.964	1.12198151741332	-0.493338377886703
chr1	63739022	63748026	111	2781	2361.405	2988	2124.377	-0.25588738287836	0.274163199503261
chr1	63748027	63757691	22	266	471.085	45	419.056	2.39487969411982	-0.786356198026386
chr1	63757692	63769750	127	2802	2702.68	2364	2414.44	0.0828195291921566	0.0902712017684283
chr1	63769751	63777516	37	371	788.368	10	699.854	5.04182674115085	-1.04924507984693
chr1	63777517	63780536	20	248	428.2464	82	375.9766	1.40914076312084	-0.749896046345806
chr1	63780537	63788959	69	696	1458.27	15	1335.23	5.40917800354777	-1.02889369787266
chr1	63788960	63830461	27	250	574.53	47	521.963	2.27305544924847	-1.16224918092412
chr1	63830462	63831591	15	213	315.593	232	285.246	-0.268835223076555	-0.529006824075116
chr1	63831592	63978783	126	1470	2684.973	546	2403.339	1.26927058013754	-0.830886473947623
chr1	63978784	64071494	14	130	298.263	0	268.794	32.0215022540901	-1.15986844525441
chr1	64071495	65094497	7825	159315	167186.3534	142485	147998.1184	-0.0145114971820167	-0.0313700331949777
chr1	65094498	65111385	90	837	1907.724	5	1745.476	7.25921842512071	-1.15034798497828
chr1	65111386	65187901	397	7709	8395.4199	7410	7664.8047	-0.0739885639353657	-0.0848538043883089
chr1	65187902	65197843	27	405	564.772	7	535.061	5.77675267801876	-0.441541705611842
chr1	65197844	65253677	95	1816	1996.2315	1254	1859.9946	0.432540951781839	-0.0983098834721911
chr1	65253678	65261536	54	672	1141.01	45	1055.974	3.78902190285199	-0.725573346020796
chr1	65261537	65274386	118	1215	2486.477	47	2300.626	4.58036982735373	-0.994941820778977
chr1	65274387	65292422	56	636	1183.82	62	1091.82	3.24226663861712	-0.85814611344738
chr1	65292423	65370926	327	6448	6916.3431	5835	6356.3982	0.0226138572348063	-0.0629527433924687
chr1	65370927	65420838	19	165	398.052	3	372.45	5.68574424869547	-1.2322859351396
chr1	65420839	68577480	19343	383432	410173.4155	355372	372370.8607	-0.0295583763311988	-0.0590582935145101
chr1	68577481	68581141	48	459	1013.9	0	938.195	32.0762263420366	-1.10514435732021
chr1	68581142	70886171	11564	231972	246026.2582	212703	220725.3491	-0.0311549796490727	-0.0466566736054422
chr1	70904589	71083403	46	450	973.055	51	882.03	2.9999569223146	-1.07439139970966
chr1	71083404	71804812	6724	132989	143633.2167	118307	127128.1311	-0.00703993434006599	-0.0728775546051962
chr1	71804813	71808502	9	3	189.782	87	172.249	-4.99753384684441	-5.94503189408696
chr1	71808503	89616913	153703	3199667	3301890.423	2789547	2877383.9424	-0.000348894335397102	-0.00716552525116008
chr1	89616914	89617946	13	1	278.274	148	244.047	-7.39850574170762	-8.08215731782028
chr1	89617947	90883119	13050	274927	280460.1699	241803	244188.0146	-0.0142923514420993	0.00945765108442192
chr1	90883120	90886308	41	742	892.684	419	752.43	0.578171448265639	-0.228525429715677
chr1	90886309	96094217	50388	1056552	1081249.2153	934609	945508.6018	-0.0163129566880403	0.00486963943411588
chr1	96094218	96198463	26	214	550.746	29	495.082	2.73006107640748	-1.32557136353399
chr1	96198464	97687380	12435	261798	264379.4774	234897	237261.5783	0.000588790875739899	0.0240488361425625
chr1	97687381	97692228	53	2254	1131.17	1091	1017.34	0.894117267681448	1.03287670315412
chr1	97692229	97694760	29	591	613.205	543	559.94	-0.00859658169819432	-0.0150063787373526
chr1	97694761	97697849	40	463	843.631	1	783.132	8.74780636310555	-0.827394964201462
chr1	97697850	116174988	184080	3812033	3925325.2948	3409770	3502713.8008	-0.00315822033598218	-0.0040466563459784
chr1	116174989	124311738	40360	761538	852853.0897	710261	784088.3122	-0.0204196334300186	-0.125176268917639
chr1	124311739	146919792	260394	5452705	5555782.7131	4821089	4942631.3024	0.00919686016053822	0.0111868803819091
chr1	146919793	148463935	2648	38981	56187.452	36319	50304.0388	-0.0572324196341835	-0.489271925350671
chr1	148463936	148627353	92	385	1984.1	838	1516.1162	-1.50990150571056	-2.32734943739545
chr1	148627354	148651620	184	2006	4014.7441	2010	3216.2865	-0.322491302136575	-0.962781475659495
chr1	148651621	148663511	42	278	911.2107	966	701.8305	-2.17330564617536	-1.67449485342483
chr1	148665444	154087072	49975	1019509	1057003.4703	937979	968842.3009	-0.00510466690241651	-0.0139006506411472
chr1	154087073	154087852	6	1	128.142	114	114.072	-7.00039399404875	-6.96339463289127
chr1	154087853	158032689	35610	739536	754206.1515	667832	686962.3355	0.0127019409409067	0.00986641217709545
chr1	158032690	158038697	68	421	1435.92	751	1322.48	-0.953427441762892	-1.73187828372585
chr1	158038698	158255653	2186	45575	46283.2864	42506	42194.2101	-0.0325754059054174	0.0159562993619245
chr1	158255654	158256861	16	104	340.866	347	306.191	-1.89283025786637	-1.67441622352321
chr1	158256862	158840759	6166	127742	130089.3833	119079	120126.4318	-0.013340966344459	0.0119346675546828
chr1	158840760	158845714	39	1391	826.409	774	745.249	0.696878218881972	0.789399500224026
chr1	158845715	158847683	26	168	556.7867	444	493.5087	-1.57585297304374	-1.69045856504901
chr1	158847684	180046346	227678	4825774	4857615.3364	4240372	4325985.687	0.0196448611000091	0.028717053766308
chr1	180046347	180399051	93	239	1992.6447	60	1761.6609	1.81652266634297	-3.02139701645373
chr1	180399052	181660015	960	11143	20253.914	13231	18585.9738	-0.371476156349407	-0.823858081380888
chr1	181660016	182893066	1022	15828	21567.1874	13729	19829.2349	0.0843380946198355	-0.408154123423464
chr1	182893067	182912785	30	55	632.281	0	584.902	29.6965133074647	-3.48485739055227
chr1	182912786	183058798	74	1056	1572.118	589	1425.562	0.701386275735743	-0.535894721206596
chr1	183058799	215451956	343295	7315299	7345885.2624	6339037	6473963.9488	0.0246608158557104	0.0321854223009897
chr1	215451957	215466244	173	1233	3685.281	1656	3283.375	-0.591830266965321	-1.54139687647459
chr1	215466260	224280532	91691	1993807	1982886.2004	1666178	1695596.5671	0.0334690003853369	0.0461288330570016
chr1	224280533	224294611	17	400	361.092	8	327.18	5.50186898958253	0.185838493742253
chr1	224294612	233200861	85368	1773129	1816398.5456	1571573	1632270.991	0.0201827228467153	0.00342166484078418
chr1	233200862	233203420	34	195	722.694	0	647.887	31.3296648582625	-1.85170584087829
chr1	233203421	258446525	272310	5741538	5788337.5468	5114477	5207577.3079	0.0146085263165416	0.0264931433680348
chr1	258505326	258565452	40	420	856.85	55	756.787	2.75402514221868	-0.990448389015989
chr1	258565453	269490036	106928	2316482	2291347.4272	2015318	2011753.6641	0.0134801079583913	0.0539441986513574
chr1	269490037	269492961	39	4	823.038	341	753.065	-6.54151786083393	-7.64661025077568
chr1	269492962	282763000	142656	2979374	3043887.5002	2653308	2709203.0055	-0.000534754873857516	0.00729914863226234
chr2	0	5687042	37311	781946	789600.5325	716316	721433.0498	-0.0034899307480482	0.0241509693767031
chr2	5687043	5692478	34	352	715.438	0	658.909	32.1963243317267	-0.985046367655625
chr2	5692479	6036545	3443	73084	72814.345	69221	66632.7519	-0.0493507076302919	0.0435378477897666
chr2	6092261	6093389	15	188	316.991	0	287.426	32.4658664329084	-0.715504266523867
chr2	6108381	12067631	61256	1292540	1295399.0653	1194372	1187839.4654	-0.0108053561239734	0.0350172713008016
chr2	12067632	12249115	1114	20331	23547.9769	20034	21586.315	-0.103960755447157	-0.173716988744676
chr2	12249116	12250241	15	168	316.705	0	291.963	32.3048972398125	-0.87647345959103
chr2	12250242	20923451	91794	1868077	1940722.9099	1734781	1780456.5776	-0.0172518210842764	-0.0168352754713456
chr2	20923452	20923814	4	96	87.558	0	72.1335	33.352371055974	0.171000356430055
chr2	20923815	52403674	336811	6980937	7164115.3865	6246668	6435079.9231	0.00579803170922443	0.000837069465953751
chr2	52403675	52408795	63	648	1340.98	1174	1201.34	-1.01571519185482	-1.01101705053921
chr2	52408796	52971658	3461	73378	73806.2114	64831	65695.2816	0.0110059789400941	0.0298102982531585
chr2	52971659	52989887	46	54	972.2119	437	880.4603	-3.15932010289925	-4.13203452670612
chr2	52989888	53387421	4387	88232	93005.1792	79674	84322.5566	0.00609523408543331	-0.0378041190413619
chr2	53387422	53389395	25	2	527.034	275	486.839	-7.21744437604462	-8.00354723639973
chr2	53389396	58649823	58459	1228262	1241141.8727	1091118	1120622.8186	0.0237386425028395	0.0231552488352385
chr2	58649824	58666909	128	783	2715.805	1460	2458.958	-1.04192225600984	-1.75609073058814
chr2	58666910	95906110	382515	7672943	8098840.6644	7078187	7394311.3955	-0.0146047399809336	-0.0397304143170299
chr2	95906111	95907689	21	249	442.348	0	409.58	32.3905395930466	-0.790831106372642
chr2	95907690	135528374	401611	8216340	8510833.9806	7536291	7742511.1035	-0.0115630502676173	-0.0125996747424009
chr2	135528375	135551053	297	3059	6263.93	5971	5840.7	-1.06554456548783	-0.995803031959241
chr2	135551054	137345807	15740	314805	331969.7209	301720	307416.5006	-0.0493142286704633	-0.0383882521394485
chr2	137345808	137348566	15	362	318.512	694	295.229	-1.04816454784527	0.22284692143775
chr2	137351258	137354863	36	713	759.772	691	689.211	-0.0951097493625756	-0.0534595169697215
chr2	137354864	137356729	21	0	452.249	204	391.776	-33.2189862467547	-33.1810759975565
chr2	137356730	146619625	104387	2183229	2217798.0066	1965620	1999317.3731	0.00215325476128666	0.0155404415574848
chr2	146619626	146621200	21	2	442.913	187	408.801	-6.6622243606846	-7.75267454909224
chr2	146621201	159863655	112671	2291908	2387659.3677	2079756	2171207.0457	0.00332983303533332	-0.0208429459073729
chr2	159863656	159945109	59	483	1261.4588	175	1110.089	1.28054522795367	-1.34679304193193
chr2	159945110	160700849	319	6158	6773.89	5637	6075.2469	-0.0292125158355202	-0.0993177404945277
chr2	160700850	160729202	96	1651	2040.383	761	1836.003	0.965394893653511	-0.267294913949088
chr2	160729203	163374347	839	10921	17789.1923	11245	16023.4994	-0.192695747059796	-0.6656910913145
chr2	163374348	186880057	245710	5031494	5207380.5854	4592370	4738086.0829	-0.00421077853835973	-0.0113660569403611
chr2	186880058	186881480	18	0	386.582	156	339.476	-33.2189862467547	-33.1810759975565
chr2	186881481	208438417	208538	4397249	4456163.2814	3843937	3944270.5735	0.018267666424778	0.0190040843825365
chr2	208438418	209570346	8956	172219	189662.6031	160249	172932.1071	-0.0290058286605377	-0.100985974246091
chr2	209570347	210658150	13033	273068	279206.641	231813	245652.1451	0.0518770669402224	0.00613195365438678
chr2	210658151	210661046	16	302	342.286	1	299.93	8.04812294556373	-0.142448784177967
chr2	210661047	220512300	103854	2123276	2200747.8982	1938568	2002673.6461	-0.00447127365005439	-0.0134970222900512
chr2	220512301	220515140	34	349	729.125	655	640.052	-1.09595021764483	-1.02473418098563
chr2	220515141	223340819	29946	612996	633457.4005	569480	579698.4725	-0.0214177321339448	-0.00916499119414232
chr2	223340820	223341794	13	220	276.512	6	251.535	5.06010897606584	-0.29163361629601
chr2	223341795	225878368	30365	638883	646070.8673	566434	579498.7881	0.0170518101915993	0.0220642806776271
chr2	225878369	226638881	7639	147032	161981.0662	139259	147039.0666	-0.0609713639395048	-0.101490059404501
chr2	226638882	229739723	36763	765792	779054.3773	699005	708954.8407	-0.00408578191418254	0.0134335096997347
chr2	229739724	229744280	60	2	1274.62	649	1164.29	-8.47239667037453	-9.27764644469815
chr2	229744281	248425822	201842	4178816	4285269.1156	3778084	3873010.8915	-0.000196090459227324	0.00191337867032873
chr2	248425823	248430619	24	6	506.384	259	464.245	-5.55689652741058	-6.36092054682496
chr2	248430620	248432473	17	56	365.919	175	315.455	-1.85765159773478	-2.66982064366268
chr2	248432474	249204195	8530	177329	180854.7632	157855	163919.5515	0.0262795817755475	0.00980184723507726
chr2	249204196	249205395	16	1	338.246	173	311.392	-7.55367449158768	-8.36372406306477
chr2	249205396	252863915	44744	941416	953651.9817	834327	850299.7056	0.00902270308892367	0.0195744478524023
chr2	252863916	252864517	8	77	170.062	0	154.739	32.0764451921053	-1.10492550725156
chr2	252864518	257362654	52007	1073009	1102379.4605	997085	1001610.7292	-0.0321305151289529	-0.000753784756541143
chr2	257362655	257363408	8	11	171.095	93	148.337	-3.28535159193371	-3.92101721737678
chr2	257363409	266433159	104610	2164298	2222991.6152	1975703	2003133.1091	-0.0184164447906473	-0.000398399213980972
chr3	534	14421969	145667	3160735	3150417.939	2666826	2695847.1077	0.0206265338274614	0.042921803086534
chr3	14421970	14424671	36	307	774.562	0	670.1714	31.8844335820825	-1.296937117229
chr3	14424672	15645058	14169	304491	306115.4647	260040	262502.9584	0.00621848065218939	0.0305286072650316
chr3	15645059	15655759	55	844	1168.665	354	1063.52	1.1177740665881	-0.431341582347058
chr3	15655760	21454612	38208	702743	807798.17	652630	741660.3282	-0.0162097035819396	-0.162792748216242
chr3	21454613	25295821	41322	857868	878138.3404	767506	792800.9088	0.0133827297978018	0.00451239167700789
chr3	25295822	25297056	16	173	334.893	2	317.733	6.35903762325443	-0.914723231403149
chr3	25297057	26098913	9754	199752	205683.0367	187633	190514.7065	-0.0199293809481753	-0.0040079158072573
chr3	26098914	26099588	9	0	189.256	94	176.925	-33.2189862467547	-33.1810759975565
chr3	26099589	26646644	6190	125135	130614.2515	117874	120682.8306	-0.027557344467216	-0.0236220036813397
chr3	26646645	26647620	13	0	275.21	105	251.262	-33.2189862467547	-33.1810759975565
chr3	26647621	27126250	5575	113866	117579.1285	106886	108727.2599	-0.0213594647973411	-0.00809001076356489
chr3	27126251	27132145	77	4	1632.78	755	1482.74	-7.69910287644651	-8.63490969040614
chr3	27132146	28256223	12571	258070	265446.7179	240977	244711.3583	-0.0181795493954114	-0.00245491054589679
chr3	28256224	28257696	19	119	402.813	3	365.168	5.16860004909656	-1.72094371891193
chr3	28257697	32720588	49823	1012344	1054358.4549	929256	964388.9398	-0.0048321116399929	-0.0204608693370029
chr3	32720589	32720888	4	0	85.7026	91	76.5902	-33.2189862467547	-33.1810759975565
chr3	32720889	33624542	10530	215826	223035.5292	193502	203167.4242	0.0232104492208706	-0.0091999229435212
chr3	33624543	33626668	14	131	294.194	4	270.134	4.91062510423117	-1.12899606014845
chr3	33626669	33627665	11	184	233.45	161	210.258	0.0419868853296187	-0.305202870797698
chr3	33627666	33631916	39	442	834.948	0	745.87	32.3019356703019	-0.879435029101123
chr3	33631917	40587877	81943	1686867	1737039.1712	1534760	1576761.3203	-0.00303813516022155	-0.00407910682687571
chr3	40587878	40596794	109	1225	2307.64	2190	2115.29	-0.963417128220942	-0.875431475192522
chr3	40596795	49254051	92388	1901102	1959353.6973	1727402	1777067.0627	-0.00235294983451946	-0.00533696199462576
chr3	49254052	49256020	26	292	549.91	0	508.793	32.3063484981484	-0.875022201255379
chr3	49256021	49305058	595	12529	12557.4	11294	11579.4	0.033032150576589	0.0349384360058836
chr3	49305059	49308821	48	444	1013.54	917	940.063	-1.15464103183108	-1.15256649347027
chr3	49308822	49553536	2999	63048	63318.0222	57470	58403.0846	0.0173646351217567	0.0320393655710309
chr3	49553537	49555052	20	197	424.366	0	379.915	32.1124622078248	-1.06890849153994
chr3	49555053	51356216	21388	438762	452744.5057	401966	413534.5284	-0.0040295319215701	-0.00705359872584702
chr3	51356217	51361393	68	684	1438.37	0	1315.18	32.1472090451447	-1.03416165422739
chr3	51361394	58397211	78805	1647282	1673947.7426	1489028	1509622.3174	-0.00305546231861783	0.015038013754246
chr3	58397212	58410603	31	302	659.297	562	589.671	-1.0567451510949	-1.08817501549518
chr3	58410604	94830681	390542	8085980	8293888.8019	7327207	7495687.7301	-0.00353388946942695	0.00157888186778893
chr3	94830682	94836674	55	613	1169.28	1081	1051.59	-0.971160958017233	-0.893456513569718
chr3	94836675	94918483	905	19204	19115.7	17883	17531.7	-0.0216793702730922	0.0448537612155832
chr3	94918484	94924910	38	397	804.607	697	740.123	-0.932244185678904	-0.980940330342239
chr3	94924911	108433059	141771	2948332	3003988.9115	2694362	2733058.6396	-0.00611307801986951	0.0112244537228448
chr3	108433060	108433509	6	0	129.775	43	111.377	-33.2189862467547	-33.1810759975565
chr3	108433588	111228954	32771	691368	699893.9487	603812	620199.8209	0.0212458779865982	0.0205224468807485
chr3	111228955	111230553	21	262	444.778	0	408.039	32.4560570327781	-0.725313666652521
chr3	111230554	111435125	2523	53964	53620.7379	47397	48228.4448	0.0345894614164675	0.0474111682442767
chr3	111435126	111437156	25	303	531.004	1	477.945	8.09159049607144	-0.771199983479618
chr3	111437157	115420630	42581	911674	908676.4497	792157	807309.3574	0.0323812684117071	0.0429562946565026
chr3	115420631	115424943	55	0	1163.71	545	1061.03	-33.2189862467547	-33.1810759975565
chr3	115424944	115739869	3196	65370	67589.6353	59679	61837.8113	0.00338726504376083	-0.0099683811836691
chr3	115739870	115741565	14	0	296.909	152	272.261	-33.2189862467547	-33.1810759975565
chr3	115741566	117145887	15395	316944	326339.9996	290098	296213.8503	-0.0117544207536236	-0.00394292150600865
chr3	117145888	117146262	5	0	106.159	56	94.8716	-33.2189862467547	-33.1810759975565
chr3	117146263	119733013	30884	661672	657836.7949	580963	587973.8367	0.0259869026476383	0.0465914767811368
chr3	119733014	119734297	16	0	342.067	133	301.768	-33.2189862467547	-33.1810759975565
chr3	119734298	143350179	265253	5572317	5642877.4859	4963184	5063087.4207	0.010892461604233	0.0200512571335665
chr3	143350180	143406556	213	2219	4513.8314	4210	4109.4716	-1.05901549302075	-0.986237913046988
chr3	143406557	143647848	1555	28705	32850.1134	28189	30279.938	-0.0910716412068493	-0.156391343709982
chr3	143647849	143676551	168	2861	3579.5805	1653	3237.8466	0.646971587062377	-0.285066075193611
chr3	143676552	143719751	377	2969	7970.172	5409	7353.987	-0.981174334316097	-1.38642881354936
chr3	143719752	143721602	12	309	252.478	187	230.2646	0.591998221581083	0.329654107338515
chr3	143721603	143814737	235	2331	4968.9216	3842	4555.0602	-0.846076470537801	-1.05377882303078
chr3	143814738	143857741	152	3072	3215.6411	2367	2943.6683	0.248921930791597	-0.0277232277508214
chr3	143857760	143931018	535	21427	11328.982	10361	10359.601	0.919511530954675	0.957616594179625
chr3	143931019	143943824	105	2038	2210.2086	2011	2041.9757	-0.0946811680466964	-0.078823534957725
chr3	143943825	144071376	767	26090	16206.0115	12091	14950.9548	0.993566628426148	0.725172826125543
chr3	144071377	144379745	1613	28182	34088.939	27197	31278.8663	-0.0724942942271064	-0.23632474614378
chr3	144379746	144384523	62	641	1310.3	1244	1201.77	-1.08103187016317	-0.993295948546459
chr3	144384524	145254833	10540	217811	223222.0535	200439	203392.0295	-0.0140081503990513	0.00280220000902955
chr3	145254834	145264261	51	521	1085.5566	821	959.4687	-0.833931447716647	-1.02087471957527
chr3	145264262	145668589	2288	46279	48585.4327	42963	43904.7652	-0.0385886300782757	-0.031961175106868
chr3	145668590	145683056	163	1365	3456.609	2287	3107.742	-0.897751394049474	-1.3022515171847
chr3	145683057	146268538	4183	85636	88882.0626	77022	80170.9922	0.00442955944179768	-0.0154699348945986
chr3	146268539	146289833	33	340	703.1606	598	626.3747	-0.981144328747331	-1.01011453664242
chr3	146289928	149739201	42265	907865	909853.0007	772577	787463.5491	0.0246734248855629	0.035049258561434
chr3	149739202	149754312	88	331	1862.99	0	1687.028	30.7268588428137	-2.45451185604983
chr3	149754313	151419032	19543	421863	418567.1356	360704	367288.0822	0.0377068833992505	0.0495204705019195
chr3	151419033	151772070	2445	49378	52627.1458	43828	45502.4359	-0.037553114465224	-0.0537337988931385
chr3	151772071	151773375	17	159	361.755	0	328.269	32.0335894593849	-1.1477812399624
chr3	151773376	152955475	12252	262726	262918.8525	227700	229197.7381	0.00869460372128523	0.0371463380020636
chr3	152955476	152974788	110	1696	2377.2219	3929	2031.3738	-1.43855213303287	-0.448935455434943
chr3	152974789	153027624	555	10040	11917.4713	9074	10409.6076	-0.0489190585728149	-0.209113930294728
chr3	153027625	153048184	197	4004	4210.6938	8828	3729.0553	-1.31559772842447	-0.0344110414617468
chr3	153048185	153070173	169	2978	3608.7591	5344	3213.5614	-1.01061135446519	-0.238954135014933
chr3	153070174	168951417	176402	3710578	3798560.9746	3225680	3289720.249	-0.00515276252137131	0.00439590608369602
chr3	168951418	168952842	19	248	402.652	0	363.832	32.5203822722274	-0.660988427213839
chr3	168952843	174800815	60479	1248394	1304512.4179	1098643	1125233.7356	-0.0286405990285405	-0.0252323974977554
chr3	174800816	174803817	40	379	868.967	816	740.838	-1.33621989052446	-1.15889859006756
chr3	174803818	177699918	32422	702001	701128.7577	586635	599663.8556	0.0337792473218894	0.0399986270579549
chr4	784	28191653	299323	6199612	6358033.2968	5612461	5739616.0601	-0.00378722270237399	0.00180230751335879
chr4	28191654	28208586	182	21	3852.25	1771	3521.72	-6.52715748188684	-7.48096321710016
chr4	28208587	28256782	332	7066	7071.714	6068	6353.536	0.0654671700767748	0.0370387714252107
chr4	28256783	28258763	11	2	235.252	96	203.269	-5.79548456852426	-6.83985820959706
chr4	28258764	28386545	1118	23750	23692.241	21056	21535.442	0.0362890890000684	0.0417177983367059
chr4	28386546	28392431	21	145	449.0512	416	395.7551	-1.70250793133727	-1.59262209580177
chr4	28392432	49089014	213118	4374196	4508712.1941	4017444	4124867.3895	-0.00533302754356877	-0.00549260303641051
chr4	49089015	49089464	6	58	127.309	0	113.261	32.0853660434188	-1.09600465594005
chr4	49089465	49571296	5850	121960	124323.7237	109393	111819.4711	0.004252139413899	0.0105113863297688
chr4	49571297	49572826	13	126	275.414	6	249.819	4.25189342705451	-1.0899732118684
chr4	49572827	53345383	41710	850761	883054.4577	778239	805776.9877	-0.00328648544578781	-0.0155435599334389
chr4	53345384	53350569	40	394	844.397	767	776.58	-1.08152314617702	-1.06152087173432
chr4	53350570	53611813	2900	59608	61232.767	55156	56559.969	-0.00223971195223113	-0.000592957893414535
chr4	53611814	53626857	191	2469	4032.32	3635	3729.81	-0.670241819243052	-0.669478345867468
chr4	53626858	54483183	9646	192423	203534.0097	181279	188245.2743	-0.0262920884726592	-0.0427836792567655
chr4	54483184	54483783	8	1	167.232	88	156.574	-6.55414317326803	-7.34750214921438
chr4	54483784	54937344	4790	100968	101226	94836	93217.7	-0.0282179610408474	0.0345231852118637
chr4	54937345	54941172	47	2	1002.2	455	900.5	-7.9838002583605	-8.9307497039317
chr4	54941173	60157517	64553	1387860	1379005.3004	1205429	1221360.8304	0.0284715485563559	0.0474389931835054
chr4	60157518	60158561	9	85	192.322	1	167.945	6.21415065467519	-1.13978410614548
chr4	60158562	62500849	26660	556595	567767.9857	492067	508397.6039	0.0187236117385087	0.00953139697307942
chr4	62500850	62501749	12	128	255.357	2	228.915	5.8425910787458	-0.958166845788275
chr4	62501750	65100373	29349	613817	624108.5027	546043	561266.4502	0.0159776969761917	0.0142166873087923
chr4	65100374	65101573	16	170	338.11	0	309.188	32.2276177110945	-0.953752988294058
chr4	65101574	99900421	368176	7655418	7819862.7145	6866555	7059492.6472	0.00961060930020958	0.00754282535853969
chr4	99900422	99906034	74	4	1608.81	1298	1354.05	-8.59049285143152	-8.61357322957012
chr4	99906035	100346028	5351	115036	115064.8749	96116	99950.379	0.0563680477948264	0.0378428696112094
chr4	100346029	105073288	27888	552890	593221.4815	499178	533012.9928	-0.00666731244698567	-0.0633734113473567
chr4	105073289	105075594	19	0	402.26	228	369.875	-33.2189862467547	-33.1810759975565
chr4	105075595	109482645	47494	951545	1003437.9889	898522	923129.2651	-0.0373341168297398	-0.0384027209465888
chr4	109482646	109485417	35	2	739.054	362	672.353	-7.63601205895805	-8.49133096587214
chr4	109485435	109490764	17	267	359.854	230	332.163	0.0999802667692072	-0.392367001465856
chr4	109490765	109493853	38	0	800.896	360	732.201	-33.2189862467547	-33.1810759975565
chr4	109493854	119350033	104406	2203237	2227979.7331	1968474	1984167.9159	-0.00436024856260548	0.0220935349025657
chr4	119350034	119350708	9	70	190.902	0	172.939	31.7721702608324	-1.4092004384497
chr4	119350709	132148228	147506	3168698	3155061.4751	2762916	2787657.719	0.0193784837549308	0.0444270025743656
chr4	132148229	132148978	10	114	212.499	3	189.46	5.08265944396859	-0.860217276105218
chr4	132148979	143223153	123025	2528927	2608649.4939	2310416	2368986.3616	-0.00836576273313941	-0.00657276803548812
chr4	143223154	143231929	117	1196	2464.6	2364	2265.3	-1.10436933951239	-1.00493117772738
chr4	143231930	168430186	255707	5381411	5467631.8953	4707490	4838612.5451	0.0169984687888214	0.0152733291621658
chr4	168430187	168432051	23	194	492.814	419	438.483	-1.2791212198781	-1.30678163700925
chr4	168432052	184224823	182464	3801195	3893430.116	3408227	3461210.6992	-0.0120386522496315	0.00361625706200078
chr5	34651	4579595	44941	917182	953828.3212	833213	862969.9226	-0.00560194745548344	-0.0183166267687853
chr5	4579596	4580779	15	189	318.707	3	288.766	5.83524479113902	-0.715639520446313
chr5	4580780	14505643	101390	2062872	2150452.8361	1880826	1951213.9119	-0.00668592072998706	-0.0217812332426291
chr5	14505644	14507518	25	228	534.632	0	469.122	31.9900632837806	-1.19130741555666
chr5	14507519	15302345	8839	181075	187465.9694	164978	169709.2255	-0.00895530976529704	-0.0118364009274861
chr5	15302346	15307332	66	671	1385.9	2	1290.45	8.28751464566671	-1.00823354001544
chr5	15307333	16367766	11675	242333	246993.5407	221771	225704.9076	-0.00182066734224633	0.0107225170555214
chr5	16367767	16374391	58	601	1227.13	3	1128.02	7.52505788139335	-0.991646246018629
chr5	16374392	17725893	14572	303532	309154.9253	274270	279851.2015	0.00287644807100025	0.0117235826782941
chr5	17725894	17740590	117	972	2486.624	7	2240.017	6.96707354323769	-1.31695520490035
chr5	17740591	18024674	2643	53518	55953.0281	48059	51081.8629	0.0241072047343383	-0.0259870558927878
chr5	18024675	18028220	44	414	936.12	0	839.325	32.0425129398613	-1.13885775948801
chr5	18028221	18074854	91	1928	1926.75	1684	1768.72	0.0720439023061728	0.0391406120692387
chr5	18074855	18077037	29	312	609.306	0	569.467	32.253954733049	-0.927415966344779
chr5	18077038	19587963	13793	283887	292643.8978	255336	265027.3112	0.0102093707237597	-0.00562445906006828
chr5	19587964	19588939	10	81	212.205	0	186.584	31.8301108144934	-1.35125988480411
chr5	19588940	33245596	145999	2977892	3095346.2748	2719109	2810783.0687	-0.00767654964531627	-0.0176044282902725
chr5	33245597	33253622	37	0	793.772	186	695.402	-33.2189862467547	-33.1810759975565
chr5	33253623	33374774	1208	23451	25557.5002	21576	23400.1467	-0.00671243860823737	-0.085892336923715
chr5	33374775	33384309	69	5	1477.453	481	1319.834	-6.75042602011531	-8.16876343266305
chr5	33384310	68987107	381390	7795575	8099559.7919	7099885	7321866.8112	-0.0104774847017304	-0.0169831089797325
chr5	68987108	68989963	38	375	811.89	0	719.354	32.1051819714131	-1.07618872795008
chr5	68989964	68990263	4	63	84.1476	63	78.3753	-0.102228362309676	-0.379365344463502
chr5	68990264	68992157	25	278	527.02	0	489.017	32.2968028218828	-0.884567877519185
chr5	68992158	77542132	90961	1908195	1938240.6995	1691795	1729852.7934	0.00985007860686598	0.0156658182445845
chr5	77553006	77697771	95	1403	2012.1655	626	1827.3153	1.0255517671082	-0.482029010769885
chr5	77697772	88883602	121839	2505075	2584322.7597	2278151	2346164.8688	-0.00219673937271265	-0.00672751279257387
chr5	88883603	88885419	24	537	505.817	223	469.555	1.16085170839084	0.124511514320181
chr5	88885440	89463951	5890	117049	124236.2927	111053	114776.0835	-0.03810568860213	-0.0477691240184203
chr5	89463952	89466568	34	2	716.331	292	665.425	-7.29588014275269	-8.44627756437716
chr5	89466569	89477308	136	2908	2869.52	2538	2665.64	0.0903024271744556	0.0574227909710165
chr5	89477309	89482177	62	0	1309.99	612	1198.04	-33.2189862467547	-33.1810759975565
chr5	89482178	89549243	744	14000	15700.4672	12946	14523.3744	0.000784322082641316	-0.127175711492919
chr5	89549244	89553539	56	1194	1174.99	509	1107.36	1.14483581354443	0.0613593095794051
chr5	89553540	90187096	6338	120216	133904.7577	113405	123162.6071	-0.036203534618424	-0.117373347196766
chr5	90187097	90191365	23	0	487.269	250	450.074	-33.2189862467547	-33.1810759975565
chr5	90191366	90555772	4028	83232	85136.9796	77632	78105.5589	-0.0235791266908184	0.00555734724427857
chr5	90555773	90557502	23	0	488.233	209	441.304	-33.2189862467547	-33.1810759975565
chr5	90557503	90605204	536	10448	11341.8365	9463	10391.079	0.0168431796321876	-0.0802225107004129
chr5	90605205	90608281	36	1	759.663	316	704.445	-8.41235848096335	-9.53101068418912
chr5	90608282	91364177	6267	120491	132550.5489	111882	121417.138	-0.0193284298368139	-0.0994123037564436
chr5	91364178	91370767	18	37	382.545	156	347.282	-2.21517598119543	-3.33182733798745
chr5	91370768	92815607	15482	305168	327135.0797	288978	300948.6428	-0.0414304349497594	-0.0620778321606757
chr5	92815608	92827539	52	877	1090.308	463	1013.7	0.816754369370999	-0.275882038754941
chr5	92827540	108800490	174106	3563002	3689336.5263	3246166	3356611.6912	-0.00170452477554134	-0.0120631470617077
chr5	108800491	108803416	39	0	822.904	387	762.754	-33.2189862467547	-33.1810759975565
chr5	108803417	110862975	23391	479460	494525.7544	443419	453783.0539	-0.0110083500882367	-0.00643024529829078
chr5	110862976	110872820	24	590	503.862	285	467.302	0.94137429295053	0.265891249922208
chr5	110872821	111232078	3738	75160	78814.9684	72205	73072.5122	-0.0509798168060477	-0.0302996315783384
chr5	111232079	111232909	11	126	240.05	2	203.991	5.74274517739232	-0.891706250679385
chr5	111232910	120256689	102384	2148894	2174400.493	1915864	1962527.6807	0.0179891830955656	0.0211815828357456
chr5	120256690	120257064	5	0	106.589	78	93.0775	-33.2189862467547	-33.1810759975565
chr5	120257065	121007905	7217	145811	153324.984	131749	137698.5994	-0.00847666383641988	-0.0342882880955814
chr5	121007906	121009626	6	1	126.258	88	114.912	-6.59498224279739	-6.94202602351023
chr5	121009627	121469049	353	5904	7493.4257	5383	6723.1684	-0.0229071286525198	-0.305727740115342
chr5	121469050	121475107	79	1	1678.6196	311	1508.9353	-8.43422040266737	-10.6748544224755
chr5	121475108	126889951	66787	1419579	1424696.7472	1240743	1267583.6409	0.0259796023059174	0.0330132210319339
chr5	126889952	126890701	10	85	213.154	0	186.604	31.8932142685092	-1.28815643080454
chr5	126890702	126891601	12	275	261.424	211	219.882	0.132821235136681	0.11124497642728
chr5	126891602	126892595	13	136	278.656	0	247.301	32.1846970847168	-0.996673614663106
chr5	126892596	132237021	60438	1260888	1286647.4296	1113949	1152749.7417	0.020514216767024	0.0090283068267949
chr5	132237022	132286483	497	9378	10502.7161	9542	9653.2703	-0.146389494310911	-0.125205334839104
chr5	132286484	132367307	147	822	3102.43	1334	2866.104	-0.812561364235578	-1.87798340837303
chr5	132367308	132407446	73	618	1543.829	599	1410.925	-0.0845261251796492	-1.28262926849308
chr5	132407447	133057251	6023	62096	127260.8406	112833	117105.6003	-0.981300610671384	-0.99701136125091
chr5	133057252	137797823	48815	1031173	1048572.4429	890125	914163.9832	0.0145995919369103	0.0140648089790932
chr5	137797824	137803543	45	5	955.013	152	871.2323	-5.05816764283953	-7.53924348780982
chr5	137803544	137960267	1329	28754	28273.1	26056	25430.6	-0.0104228329394676	0.0625375404093298
chr5	137960268	137963680	40	783	859.4352	2078	747.633	-1.60887535603461	-0.0961716079798535
chr5	137963760	137969945	66	1445	1400.773	3274	1268.11	-1.32323341278216	0.0830512630811197
chr5	137969946	137976875	9	179	192.543	133	173.371	0.277509966850098	-0.0670161352047427
chr5	137976876	138410377	5279	113483	113730.1047	99297	98465.648	-0.0149729295728861	0.0350669558227994
chr5	138410378	138411502	15	7	324.882	123	281.444	-4.34193280006231	-5.49821212345441
chr5	138411503	140248237	21236	444789	456119.165	381481	397576.7221	0.0236271078465197	0.0019152709763601
chr5	140248238	140423925	1421	26139	30205.209	23041	27341.4001	0.0385850720298209	-0.170388468627817
chr5	140423926	140431139	28	0	590.756	266	541.429	-33.2189862467547	-33.1810759975565
chr5	140431140	156377570	188796	3978127	4075997.7926	3412617	3501416.8171	0.0022910711168817	0.00314101559570902
chr5	156377571	156377945	5	63	107.847	0	92.7792	32.4440133393768	-0.737357360051787
chr5	156377946	169803971	146954	3123953	3181875.2027	2689706	2713857.6868	-0.0133132201446485	0.0117004473062259
chr5	169803972	171172278	16623	326802	360840.835	289352	306420.7327	-0.0599627988543395	-0.104740848047136
chr5	171172279	173707145	29797	648129	647769.9483	539384	546126.0505	0.0190153993340124	0.0390043997839086
chr6	0	123769	1366	26986	28829.521	24900	26652.665	0.00309303748341317	-0.0571307661361024
chr6	123770	126156	29	321	615.4	1	564.06	8.2010482968504	-0.900746194730221
chr6	126157	8131838	92519	1926258	1971803.6273	1718763	1761483.8914	0.00200042634781443	0.00449001961499134
chr6	8131839	8136772	18	4	389.032	310	338.409	-6.47695058257662	-6.56554005404018
chr6	8136773	16212396	87182	1816344	1859140.6849	1623177	1658212.8191	-0.0024949313015831	0.00460646804560509
chr6	16212397	16900616	285	197	6013.1552	2	5523.3201	6.49975966824261	-4.89364970456993
chr6	16900617	17292087	95	676	2011.845	746	1828.7026	-0.279556370710801	-1.53521905548203
chr6	17292088	17421107	126	418	2671.1929	140	2439.6568	1.44756486112218	-2.63770436419413
chr6	17421108	20950165	36027	722398	760946.4724	679844	700823.265	-0.0308594411627941	-0.0367961230418384
chr6	20950166	20951065	12	0	251.079	113	237.351	-33.2189862467547	-33.1810759975565
chr6	20951066	31056219	111151	2354584	2377749.9901	2051331	2098778.7863	0.0191596748953453	0.0240801132439101
chr6	31056220	31059423	1	398	21.6478	20	18.9044	4.11949287281894	4.23868106128384
chr6	31059424	40704181	109679	2286879	2327383.2247	2061583	2106329.4985	0.00594454574124437	0.0128762023697284
chr6	40704182	40705150	12	2	253.163	104	236.819	-5.79642674422242	-6.94571778919164
chr6	40705151	76736404	411717	8577439	8741447.9334	7718008	7902376.7912	0.00702749287000507	0.0108796447782083
chr6	76736405	76736704	4	59	84.1226	1	78.799	5.78862162084244	-0.473573534528205
chr6	76736705	105321354	307302	6318751	6524685.973	5709058	5897251.9072	0.000815752164042182	-0.00806410099643999
chr6	105321355	105324884	23	3	488.397	201	444.421	-6.20192182729585	-7.30874305278451
chr6	105324885	147989969	451521	9443713	9649664.114	8351437	8554228.6735	0.00378349031647515	0.00708042349306984
chr7	794	2428719	4779	76425	101237.0466	71570	92228.0498	-0.0394754588221748	-0.367415821533777
chr7	2428720	3515311	12681	272233	272524.1419	229925	236503.7052	0.0394520694600346	0.0366628734123661
chr7	3515312	10902987	30956	490685	654827.1657	461963	600103.3832	-0.0385885451526489	-0.37811205257763
chr7	10902988	12788577	23298	526031	511325.9505	410464	414007.6362	0.0536009610216704	0.0791095275689733
chr7	12788578	30355457	132926	2717453	2840410.3303	2424776	2516264.2026	-0.0101176411290774	-0.0256393242100589
chr7	30355458	30356434	13	145	277.214	0	248.993	32.2846284322117	-0.896742267188006
chr7	30356435	44454171	162084	3352255	3442302.7668	3031340	3106949.8851	-0.00240410140494093	-3.71469172766523e-05
chr7	44454172	44486885	13	230	276.066	26	251.389	3.01025333878793	-0.225174405393438
chr7	44486886	59702239	166399	3421571	3522716.7162	3154759	3216153.4255	-0.013928443454717	-0.00382462723611873
chr7	59702240	59704489	30	239	642.408	486	567.088	-1.20356822426478	-1.38827428914681
chr7	59704490	59721812	210	3935	4468.336	4192	3996.278	-0.25206110615272	-0.145169087261972
chr7	59721813	70672424	124785	2615397	2658948.1671	2325809	2373855.4588	0.00596847183963326	0.0143792522247442
chr7	70672425	70674392	22	244	464.976	0	426.005	32.2893005461613	-0.89207015323932
chr7	70674393	72498708	20474	430442	436552.3622	379088	389342.0876	0.0184643671048512	0.0178690978787443
chr7	72498709	72511957	128	1461	2715.85	2498	2460.75	-0.915828301799055	-0.8562426700945
chr7	72511958	72934012	3454	68462	73489.0946	60795	65927.9751	0.0150060588091815	-0.064021787081835
chr7	72934013	72936242	29	348	623.123	572	538.949	-0.926001348463935	-0.80222471133832
chr7	72936243	110454088	406820	8404154	8629878.4872	7548472	7822450.8509	0.0134931075690989	-3.26956597507047e-05
chr7	110454089	110456858	30	571	633.389	265	585.886	0.99532125186791	-0.111396115385734
chr7	110456859	113595846	34449	712918	729165.5696	651089	665915.5905	0.00026896108496049	0.00569465804052361
chr7	113595847	113597817	26	2	552.22	589	499.392	-8.34689950423169	-8.07089433823048
chr7	113597818	137777097	281781	6015419	6063637.4929	5182722	5261752.9995	0.0106099428656396	0.0266866759842689
chr7	137777098	137777622	7	77	149.286	0	133.586	32.2644271256407	-0.916943573755151
chr7	137777623	145202346	85133	1809182	1834804.6496	1547616	1581647.5458	0.011386377392363	0.017916030398736
chr7	145202347	145204476	21	401	447.217	0	403.969	33.0622028574757	-0.119167842038904
chr7	145204477	145280771	852	18044	18052.2265	16040	16353.6332	0.0275741535640238	0.0375473574628037
chr7	145280772	145442654	101	3225	2160.1306	968	1912.1304	1.56057728341032	0.616385572581005
chr7	145442655	145481469	51	304	1077.672	253	987.363	0.138962982160618	-1.78756996596072
chr7	145481470	145683106	136	1238	2895.486	244	2614.6072	2.1961416635076	-1.1875892550453
chr7	145683107	145729228	508	11270	10811.4858	9396	9704.1361	0.106770485311198	0.098127663690199
chr8	510	4283987	38852	773455	820577.6282	735715	756119.6034	-0.045560309403762	-0.0471175130176026
chr8	4283988	4290397	22	582	466.0666	142	426.7484	1.90827254142723	0.358687976673035
chr8	4290398	4322821	195	3988	4112.942	105	3799.99	5.13332376827466	-0.00630036614267725
chr8	4322822	4324198	5	205	105.229	66	97.0958	1.51932912770792	1.00029651019335
chr8	4324199	4328222	26	567	543.131	22	513.183	4.60624117517276	0.100253477071005
chr8	4328223	4329114	5	138	105.654	70	96.5277	0.849203662738973	0.423525830515214
chr8	4329115	4377022	71	1625	1499.126	161	1392.451	3.22910674054087	0.15452302417357
chr8	4377023	4411374	9	112	189.55	1	175.792	6.698940559644	-0.72087477266444
chr8	4411375	8613179	45207	928445	958937.8341	840372	869135.1541	0.00222630505591311	-0.00841589083931858
chr8	8613180	8614165	5	0	107.046	47	94.5375	-33.2189862467547	-33.1810759975565
chr8	8614166	38251476	309377	6497013	6583495.5513	5826464	5909179.7509	0.00155478535946881	0.0191277473279693
chr8	38251477	38603059	99	1503	2086.3668	2071	1925.683	-0.577810428891493	-0.434942856731882
chr8	38603060	43127942	23700	474084	504365.2044	424797	452788.4994	0.00303239422517459	-0.0511210937388683
chr8	43127943	43135362	61	628	1287.944	985	1198.243	-0.753213817562638	-0.99802845037505
chr8	43135363	43168276	333	15	7009.18	3377	6520.07	-7.91869935224357	-8.82993434435424
chr8	43168277	43173844	59	825	1234.365	1292	1163.593	-0.732027881264596	-0.543098084469712
chr8	43173845	73393119	356078	7557877	7627833.12	6573352	6707738.3218	0.0161996265303207	0.0249127101973151
chr8	73393120	73396836	48	544	1026.36	878	911.434	-0.861646342235642	-0.877653342765935
chr8	73396837	88824020	158475	3305684	3370663.0028	2941200	3025499.4336	0.0129795518416935	0.0101213766439527
chr8	88824021	88824810	9	92	188.397	0	176.312	32.1855054253581	-0.995865274022023
chr8	88824811	89842742	12049	243091	254633.992	223772	233921.6161	-0.0026381826452501	-0.0287235899266759
chr8	89842743	89852458	129	1449	2722.08	2631	2514.92	-0.974455910188083	-0.871446920765751
chr8	89852459	91615904	20848	431546	442619.7659	386337	399920.8184	0.0135957046764197	0.00165142253168424
chr8	91615905	91619826	4	329	84.9353	83	77.5123	1.85526002871842	1.99185635262469
chr8	91619827	118030850	294607	6147503	6281250.8682	5437323	5603487.1496	0.0126717339143633	0.00715359473602655
chr8	118030851	118100845	863	8185	18251.926	14782	16635.7329	-0.98625573785936	-1.11878943624256
chr8	118100846	122447549	49625	1037202	1060884.9005	914390	936913.7433	0.00283006085739646	0.00563370348277878
chr8	122447550	122448349	9	0	191.715	94	170.358	-33.2189862467547	-33.1810759975565
chr8	122448350	133306290	122498	2556526	2630677.8827	2245534	2294538.4851	-0.0098097677006702	-0.00304495651226617
chr9	501	3392580	30724	622602	652020.6113	559936	589313.3733	0.00746040986220397	-0.0284024081337225
chr9	3392581	3396655	53	3	1120.25	475	1026.39	-7.43276818265233	-8.50643750524164
chr9	3396656	21436752	157906	3251811	3383981.0736	2865987	2973587.4235	-0.0040109631749759	-0.0192731397989048
chr9	21436753	22071110	150	1235	3155.714	341	2896.896	1.73350352955349	-1.31525046740753
chr9	22071111	59889086	414914	8538526	8806337.8004	7787034	7971488.0491	-0.0104853094969663	-0.00635019403064867
chr9	59889087	59890736	22	613	468.66	938	418.567	-0.776489239588139	0.425550358890559
chr9	59890737	89159314	338207	7109674	7188978.1547	6355068	6470762.0474	0.0103194547011844	0.0222016411321272
chr9	89159315	89161928	26	4	549.27	229	502.643	-5.96689047835862	-7.06316671561318
chr9	89161929	101201615	136408	2925921	2925992.8044	2527948	2562315.5802	0.0197406821506892	0.0381695470260591
chr9	101201616	101204025	8	0	168.982	76	154.845	-33.2189862467547	-33.1810759975565
chr9	101204026	101221602	111	2300	2344.47	2022	2145.32	0.0580766065861111	0.0105769942822961
chr9	101227342	101246227	198	2417	4199.739	3618	3816.008	-0.719915708706834	-0.758877247242553
chr9	101246228	104609967	33219	672049	702197.8021	623727	644482.3714	-0.0157901677214785	-0.025106103397213
chr9	104609968	104610793	11	0	231.921	121	210.62	-33.2189862467547	-33.1810759975565
chr9	104610794	113760658	98406	2040095	2088870.7936	1860132	1889382.9732	-0.0112820611382812	0.00411802867663785
chr9	113760659	114391877	2626	48892	56237.2272	40116	49314.341	0.0961971546814427	-0.163722089858613
chr9	114391878	120073448	66155	1383207	1411518.1723	1233338	1254304.5719	-0.00461644636127114	0.00897432403957615
chr9	120073449	120073973	7	175	147.289	2	135.889	6.33528479164654	0.286910184045846
chr9	120073974	120358573	2901	57545	61403.9099	51914	55933.958	0.0142555295592843	-0.0554349906346
chr9	120358574	120360898	31	3	651.255	664	600.31	-7.9072970370323	-7.72391125011986
chr9	120360899	121416511	9748	195081	205870.7601	179603	189721.9689	0.00170433425538375	-0.0394607136725316
chr9	121416512	121417575	7	153	147.328	0	133.533	33.2740756602151	0.0927049606785038
chr9	121417576	121641977	2003	39015	42405.3105	36389	38789.8468	-0.0277446727996215	-0.0820110961490092
chr9	121641978	121654474	101	2625	2137.6746	1652	1955.6242	0.539985340771242	0.334480113622132
chr9	121654475	122086633	3858	78758	81724.2376	70053	74336.086	0.032573057748021	-0.0151325862297085
chr10	1186	489151	873	10925	18686.6972	9382	16480.411	0.0387011967331647	-0.736173369668808
chr10	489152	509628	59	523	1251.9	881	1125.0322	-0.906189402913985	-1.22103152318784
chr10	509629	5729917	49109	1045777	1052390.8405	908888	924433.7597	0.015666772463234	0.0291096004517212
chr10	5729918	5733943	53	2	1137.55	502	988.699	-8.17357549136945	-9.1135092103724
chr10	5733944	7164335	17307	366530	370481.8685	323688	326310.6283	-0.00353485380705761	0.0227332990460172
chr10	7164336	7166112	23	232	502.883	434	422.743	-1.15371745290435	-1.07789302683724
chr10	7166113	29422555	263630	5536041	5635867.5026	4893614	4990425.6088	0.00277418759116765	0.0124218843404492
chr10	29422556	29428498	79	1776	1684.66	2279	1498.15	-0.528750016426833	0.114379078713357
chr10	29428499	44502423	169629	3564318	3625316.06	3110992	3207504.0485	0.0198903831453607	0.0137242311638496
chr10	44502424	44504021	21	217	443.952	0	402.828	32.1868669925497	-0.994503706830692
chr10	44504022	45454003	6324	134399	135829.5952	116595	118850.2633	0.0126584280917876	0.0229295000928055
chr10	45454004	45457099	37	424	791.979	4	691.21	6.53187704490794	-0.863192960145105
chr10	45457100	56008466	125973	2695943	2698402.1197	2330484	2370958.0185	0.0238198493020731	0.0368895888129315
chr10	56008467	56026550	175	2935	3850.032	1695	3100.266	0.479891497673978	-0.353304982147565
chr10	56026551	57042140	12684	270161	273602.06	231698	234859.6107	0.00158807450411322	0.0199452834819674
chr10	57042141	57042590	6	0	128.072	72	111.823	-33.2189862467547	-33.1810759975565
chr10	57042591	74738743	198783	4221107	4257040.2968	3653143	3743890.3073	0.0234652934830553	0.0259756051916086
chr10	74738744	74768302	327	7476	6943.7894	5804	6231.563	0.209384624456788	0.144748327962446
chr10	74769747	74777766	94	3096	2003.95	1774	1779.8	0.632562782729649	0.665763910193961
chr10	74777767	86692544	141088	2950301	3022102.3304	2577331	2657114.5497	0.00958693477969947	0.00351459028317298
chr10	86692545	86710855	241	5502	5189.37	3541	4433.82	0.409084797085827	0.122601687985491
chr10	86710856	99974493	157140	3301528	3370895.1489	2885298	2950117.4942	0.00234891270620327	0.00820707960553578
chr10	99974494	99974793	4	0	84.3683	80	76.7235	-33.2189862467547	-33.1810759975565
chr10	99974794	99976185	18	364	380.456	366	354.421	-0.109876022276587	-0.0255862128032683
chr10	99976186	99977535	18	0	382.763	374	342.562	-33.2189862467547	-33.1810759975565
chr10	99977536	100292775	3941	81230	83577.8826	76602	75774.9385	-0.0564751465634842	-0.0029036133865645
chr10	100292776	100293243	6	114	127.674	9	108.485	3.42829053180972	-0.125225983391644
chr10	100293244	103671028	41246	866878	888902.6755	764795	769178.9262	-0.0276556519627708	0.00200845225536226
chr10	103671029	103672396	18	154	398.141	330	328.256	-1.37769903544483	-1.3321441431746
chr10	103672397	112626397	86870	1842607	1887034.3961	1545035	1592599.0239	0.00966593931718861	0.00383263033125474
chr11	797	8860931	89986	1818433	1899856.1908	1701487	1752293.6254	-0.0204513315955326	-0.0249894959308408
chr11	8860932	8862446	19	0	399.829	134	368.062	-33.2189862467547	-33.1810759975565
chr11	8862447	13662096	56418	1157715	1191947.915	1076450	1096186.0699	-0.0155349537743427	-0.00383610152546761
chr11	13662097	13730907	549	8967	11630.6423	9371	10576.6503	-0.20033089290632	-0.337028517215295
chr11	13730908	16481542	30739	641530	650204.7317	581770	595007.4152	0.0133761238329533	0.0188276284884901
chr11	16481543	16503648	153	1589	3237.817	2791	2961.161	-0.941226812132783	-0.988697371154832
chr11	16503649	16638783	1342	27828	28422.6708	25894	26005.7345	-0.0239982575556962	0.00770005025687659
chr11	16638784	16644033	62	619	1310.0004	1103	1196.4417	-0.963943927213613	-1.04335098610566
chr11	16644034	19385485	28349	564294	599064.1327	524087	550224.3556	-0.0157550683366774	-0.0480584974220127
chr11	19385486	19387215	9	3	190.654	83	168.139	-4.97108462612698	-5.95164552828989
chr11	19387216	20923493	15672	316170	330494.3595	298827	306080.2255	-0.029031129005715	-0.0257202150898871
chr11	20923494	20930041	9	12	190.478	106	175.13	-3.26386138771711	-3.95031311309287
chr11	20930042	21701847	7842	157266	165390.9671	149748	153136.8441	-0.0400942426789414	-0.0344686896341006
chr11	21701848	21708032	6	0	127.522	67	111.977	-33.2189862467547	-33.1810759975565
chr11	21708033	38014839	178213	3744223	3800421.1793	3339563	3390210.859	0.000517427118376659	0.0167120003865714
chr11	38014840	38029175	32	36	689.111	329	604.655	-3.38034824185236	-4.22046262103159
chr11	38029176	38030545	18	200	381.504	268	345.242	-0.566028497548036	-0.893493231941743
chr11	38030546	38032184	21	11	452.686	174	393.27	-4.18620772584342	-5.32473030363022
chr11	38032185	38035587	41	716	887.962	667	763.758	-0.114814823563256	-0.272333399318923
chr11	38035588	38036338	8	9	174.859	99	143.501	-3.7442681778242	-4.24191828773276
chr11	38036339	38040712	58	950	1242.23	897	1087.76	-0.108457804243787	-0.348727944510246
chr11	38040713	38041444	9	24	191.404	114	172.464	-2.39795854437131	-2.95730971646139
chr11	38041445	38046907	68	2310	1456.512	1613	1275.74	0.327257860651456	0.703580215358153
chr11	38046908	38050511	48	377	1013.177	628	935.33	-0.851244198797221	-1.38804485178993
chr11	38050512	40567498	17689	362879	375874.9236	328403	339235.2487	-0.00365062122143311	-0.0125591483853738
chr11	40567499	40572702	18	0	378.177	335	349.907	-33.2189862467547	-33.1810759975565
chr11	40572703	40688625	1277	25496	26920.1918	24716	24974.3312	-0.0631222971579742	-0.0402128131480129
chr11	40688626	40691989	4	0	83.8042	89	77.0532	-33.2189862467547	-33.1810759975565
chr11	40691990	40874959	1967	40219	41474.688	38810	38420.693	-0.0586041068546075	-0.00614896574420611
chr11	40874960	40878262	44	0	926.148	829	861.564	-33.2189862467547	-33.1810759975565
chr11	40878263	60119741	206906	4251610	4377760.4311	3884249	4003171.7023	0.001618768908207	-0.00397879047341258
chr11	60119742	60123790	48	536	1016.97	849	919.413	-0.808729001736493	-0.885767263805387
chr11	60123791	74067833	155646	3292574	3321317.6646	2912006	2955906.4684	0.00934214442754159	0.0256651018380738
chr11	74067834	74305105	2603	50272	56113.7346	46009	48421.7669	-0.0845645214794817	-0.120393896073512
chr11	74305106	90046351	169953	3575797	3625590.9536	3156871	3227515.6263	0.0122721436546802	0.0182536211708442
chr11	90046352	90463331	4331	79052	91718.2649	73289	83497.6419	-0.0259736228156375	-0.176202148253507
chr12	322	9284479	70720	1428382	1515946.3235	1273056	1330418.011	-0.0219583886568556	-0.0476318613354864
chr12	9284480	9285890	17	191	360.111	0	330.291	32.3047066202917	-0.876664079111772
chr12	9285891	10009933	8675	176470	186550.7969	154655	161952.9659	-0.0133294631383228	-0.0419406261767491
chr12	10009934	10017326	93	2847	1998.45	1660	1749.88	0.586928466716647	0.548765966638547
chr12	10017327	14675749	49877	1034116	1074367.5117	898001	928317.6347	-0.00689338256723888	-0.0168846064340801
chr12	14675750	14848416	2126	38425	45802.321	35078	39617.9016	-0.0774947708891445	-0.215170496313356
chr12	14848417	14848866	6	1	129.96	66	112.985	-6.2460358035768	-6.98371886848842
chr12	14848867	15883456	12933	260561	277431.6882	233654	243172.5873	-0.032609849186872	-0.0523064682460393
chr12	15883457	16942205	13320	296910	289416.8079	243779	244163.1083	0.0394430588134584	0.0750819270042469
chr12	16942206	20616963	28272	575408	608171.671	503540	528305.2364	-0.0103333124368358	-0.0416883856038275
chr12	20616964	20824144	212	2063	4536.829	3268	4002.251	-0.844242095118102	-1.09873551047964
chr12	20824145	22597119	8567	153104	185149.8214	132107	158466.4256	-0.0114161858677922	-0.235976231133259
chr12	22597120	22597729	8	99	171.37	2	154.462	5.47978869429857	-0.753409191759734
chr12	22597730	34956111	137574	2856730	2954463.085	2543058	2576024.9965	-0.0296543560775251	-0.0103263332471611
chr12	34956112	35049344	18	241	379.8264	11	344.0947	4.31121790187839	-0.618102086122313
chr12	35049345	43617031	89762	1883457	1942394.9459	1622969	1658109.6471	-0.01325480562033	-0.0062485249462459
chr12	43617032	43861520	3014	57013	65262.902	52478	55801.1542	-0.106095295432159	-0.156767271216716
chr12	43861521	47810456	46672	997908	1010390.4874	858631	861503.5644	-0.0128210341890589	0.0202707104247852
chr12	47810457	48196874	4658	92926	101824.7525	79093	84624.6242	-0.0341118869864929	-0.0937291427019747
chr12	48196875	48197933	14	0	304.151	126	256.378	-33.2189862467547	-33.1810759975565
chr12	48197934	48303486	1339	30468	29118	25130	24521.3	0.0303030315110112	0.103588486338259
chr12	48303487	48304806	17	0	368.695	177	313.115	-33.2189862467547	-33.1810759975565
chr12	48304807	49092886	9305	197588	202647.2984	168843	170227.9017	-0.02439575172985	0.00172934049771083
chr12	49092887	49306108	135	1593	2873.397	825	2573.264	0.79041708470537	-0.812806116707218
chr12	49306109	52716696	41232	872138	893175.157	753402	760488.1427	-0.0205860978013338	0.00381826058640463
chr13	0	28273732	245141	4887943	5181964.5206	4610877	4758017.9529	-0.0386574397536464	-0.0460667248824653
chr13	28273733	28278308	59	597	1252.02	0	1139.48	32.1511208792622	-1.03024982011077
chr13	28278309	32771774	42840	870193	903820.7258	829645	836046.6293	-0.0433172659098736	-0.0164962772108178
chr13	32771775	32779490	90	1998	1887.61	3563	1769.97	-0.927077009956146	0.120200815004049
chr13	32779491	33448408	5150	105614	108610.3394	102455	100595.3526	-0.0664923963333012	-0.00215541033329308
chr13	33448409	33818936	188	1777	3950.0607	2395	3644.8144	-0.546316743630542	-1.11422619013757
chr13	33818937	33889900	458	9732	9701.78	9113	8844.91	-0.0382970470023234	0.0426918067486842
chr13	33889901	33898282	61	548	1284.612	0	1189.998	31.9904907709631	-1.1908799283742
chr13	33898283	33909395	125	2088	2646.6578	1691	2419.5433	0.175102838599945	-0.303845010021153
chr13	33909396	33936617	231	1923	4891.761	21	4472.06	6.38770592150156	-1.30879020452022
chr13	33936618	33942282	3	45	64.0617	20	58.0565	1.02821522004221	-0.471332130334017
chr13	33942283	33955505	101	1050	2139.68	10	1957.76	6.58634905826758	-0.988800770893425
chr13	33955506	33962089	2	43	44.4061	17	37.4081	1.09168943588299	-0.00821625978264925
chr13	33962090	34029634	360	3402	7654.933	15	6920.305	7.68001733851393	-1.13180165791149
chr13	34029635	57112241	266707	5530777	5696598.5016	4922055	5055841.2864	-0.00363345586161455	-0.0044136026334893
chr13	57115615	57121530	39	1288	824.837	783	756.235	0.593068654820394	0.681156590118919
chr13	57121531	59201206	23010	455239	485251.3345	431277	449362.9896	-0.0325467937543979	-0.0539030714670938
chr13	59201207	59211739	27	89	584.064	238	509.025	-1.61717958025153	-2.67604427055332
chr13	59211740	71472417	136533	2778774	2892878.2131	2548098	2636200.9398	-0.00872280623734814	-0.0198521335271674
chr13	71472418	71475250	37	0	790.547	137	692.934	-33.2189862467547	-33.1810759975565
chr13	71475251	78742681	85010	1783357	1809923.8614	1570908	1621201.5244	0.0244259756865456	0.0168714798675118
chr13	78742682	78744123	15	2	317.897	144	293.255	-6.28603398373166	-7.27421061732598
chr13	78744124	83798428	60602	1269314	1288183.7862	1129444	1159141.4215	0.0164491202050844	0.0169155168194383
chr13	83798429	83799423	12	137	253.879	5	228.674	4.62554996058707	-0.85176022036549
chr13	83799424	84566695	9677	205377	207007.8441	178053	182721.1415	0.0262207150540811	0.0267941394755343
chr13	84566696	84568450	22	233	473.204	433	413.879	-1.08699558778801	-0.983927362360881
chr13	84568451	84625448	738	16501	15715.8	13600	13913.6	0.103521545883229	0.108542696117154
chr13	84625449	84635625	133	4206	2827.01	2539	2531	0.568913678173064	0.611376815051509
chr13	84635626	89914903	60321	1266052	1286535.7263	1121789	1145626.4703	0.00747523375795642	0.0150500922538037
chr13	89914904	89963884	334	6271	7131.4152	4586	6330.2728	0.27983313795717	-0.147287930909801
chr13	89963885	114025099	277742	5853431	5935030.7577	5175055	5254025.5292	0.00217072174237403	0.0182319560968529
chr14	322	1933928	6439	107501	136427.3684	100014	124139.0926	-0.031732764615418	-0.30557805766325
chr14	1933929	39839597	412173	8528544	8765725.9808	7686732	7878643.35	-0.00370255469876926	-0.00136916453711474
chr14	39839598	39847025	18	171	381.04	0	350.301	32.0636295222892	-1.11774117706485
chr14	39847026	40544651	6361	128468	134143.9523	122283	124199.5858	-0.0396417571904706	-0.024168018310454
chr14	40544652	40545331	9	85	189.873	1	175.404	6.29533249265944	-1.12129507038388
chr14	40545332	40887862	3830	75173	80781.7834	71968	74728.1727	-0.0492240355041156	-0.0656104649721854
chr14	40887863	40891098	40	157	846.733	0	772.999	30.7884330933288	-2.39293760556862
chr14	40891099	61656736	212746	4341385	4508907.8808	3979396	4102187.2672	-0.01048408406455	-0.016417715395226
chr14	61656737	61683390	19	202	403.556	1	362.393	7.50329233613405	-0.960208640361827
chr14	61683391	62269526	6773	138426	142981.4722	129287	131826.9479	-0.0183504687961556	-0.00850831654862456
chr14	62269527	62270651	15	181	316.219	0	288.564	32.4146412937539	-0.766729405669598
chr14	62270652	62365169	1093	20652	23105.402	19572	21221.6508	-0.0449082873792366	-0.123743735803501
chr14	62365170	62379043	84	606	1776.055	10	1631.025	5.79864320366253	-1.51308160850135
chr14	62379044	62739018	3460	70523	73182.0609	64551	67072.2135	0.00217427384666272	-0.0151912456912997
chr14	62739019	62746444	39	394	825.394	0	755.703	32.1526883296102	-1.02868236976303
chr14	62746445	95519623	351101	7359004	7485804.5168	6539402	6683093.2779	0.00700514341523007	0.0135580958569132
chr14	95519624	95528065	14	148	301.208	11	262.746	3.55322515859552	-0.98695796062944
chr14	95528066	95531139	9	240	191.333	126	170.454	0.763202106572855	0.36515363449426
chr14	95531140	95550871	32	360	680.1	27	609.094	3.57817829418372	-0.879545033655282
chr14	95550872	95568226	113	1092	2389.19	4	2198.27	7.97289876981551	-1.09134378058694
chr14	95568227	97969404	7778	157290	164146.0366	146928	151558.6731	-0.0164912034580133	-0.0233480124782794
chr14	97969405	97975280	19	315	397.9101	631	369.955	-1.10708619596304	-0.298885738761407
chr14	97975281	101967556	33037	668041	699584.5247	611485	638119.642	-0.0047571922894636	-0.0283567760892187
chr14	101967557	101993679	29	224	608.9634	15	566.0911	3.79543774344873	-1.40465183769406
chr14	101993680	102173977	60	934	1274.5289	969	1156.4751	-0.193009296776348	-0.41026468034428
chr14	102173978	102218126	51	453	1086.65	13	974.0501	4.96540276083089	-1.22409942929366
chr14	102218127	102568475	3137	61525	66441.874	56254	60575.0354	-0.00385765198968101	-0.0727150610822476
chr14	102568476	102571152	35	325	741.727	678	670.721	-1.20572636624238	-1.15224361649459
chr14	102571153	115493372	144576	2988175	3075817.0362	2676091	2762457.0193	0.0044144978454828	-0.0035000953793787
chr15	0	6108368	55656	1165956	1188017.0762	1019733	1054641.7459	0.0218140282108303	0.0111627245008152
chr15	6108369	6108968	8	1	169.273	89	154.287	-6.60917408095631	-7.36500308760972
chr15	6108969	6354909	2775	56333	58701.5316	53078	53775.8231	-0.0402794480321191	-0.0212128901746522
chr15	6354910	6357118	28	656	592.292	261	549.931	1.22288272456054	0.185592166293643
chr15	6357119	6597521	2536	49723	53736.012	45625	48959.3445	-0.0099215276196498	-0.073770961783081
chr15	6597522	6598196	9	0	189.774	99	169.687	-33.2189862467547	-33.1810759975565
chr15	6598197	6681080	964	20167	20369.4	18673	18669	-0.0144213723786159	0.0237979541521601
chr15	6681081	6681680	8	0	168.816	69	156.282	-33.2189862467547	-33.1810759975565
chr15	6681681	7646609	11427	236331	241479.6347	220014	221797.5709	-0.0191497021700014	0.00711231050421988
chr15	7646610	7654167	97	2	2069.09	955	1853.88	-9.05751068159831	-9.97657558411311
chr15	7654168	7654842	9	184	189.978	165	174.195	0.0324052981193622	-0.00792164223643409
chr15	7654843	7656636	21	1	443.983	263	412.103	-8.14612371762351	-8.75615561159867
chr15	7656637	20651720	146165	3056516	3111318.0198	2722327	2786359.9547	0.00819822878105555	0.0125672048616888
chr15	20651721	20651945	3	0	63.2727	40	57.5795	-33.2189862467547	-33.1810759975565
chr15	20651946	29345768	66483	1380377	1418529.2926	1234832	1261064.4797	-0.00871163066224988	-0.00112865034075651
chr15	29345769	29365858	38	678	804.6076	1355	733.0383	-1.13303775721111	-0.208795140295503
chr15	29382250	29707357	91	1181	1932.7298	1339	1740.5826	-0.331921974108456	-0.672426043326413
chr15	29707358	29811613	23	129	488.34	360	437.923	-1.63753986962902	-1.88230993666298
chr15	29811614	29952152	119	961	2527.1073	826	2273.7902	0.0663015739195393	-1.35667363404934
chr15	29952153	30406082	221	2871	4686.4961	3870	4249.8043	-0.571598807933153	-0.668751400043263
chr15	30406083	30556531	300	5066	6350.4744	4947	5789.797	-0.0987637242239026	-0.287812341125888
chr15	30556532	30562997	21	53	448.179	217	405.903	-2.17627612356074	-3.04180583378597
chr15	30562998	31949097	1058	16088	22453.6661	18380	20270.7755	-0.339406813413198	-0.442761080522049
chr15	31953379	35519064	31494	665976	675768.6545	572275	590512.8549	0.0244953390998125	0.0171457061065428
chr15	35519065	35533756	130	4	2737.66	1308	2544.13	-8.45862296568395	-9.38052251875644
chr15	35533757	65194592	319173	6719444	6802573.2588	5941956	6070043.2685	0.0133248542382871	0.0204662253471075
chr15	65194593	65339051	43	125	911.9095	5	831.2909	4.51061363148987	-2.82875760785709
chr15	65339052	86827848	238824	4803921	5044971.9856	4500671	4642115.1128	-0.0256969387074502	-0.0324288804308578
chr15	86827849	86828523	9	0	191.463	86	169.426	-33.2189862467547	-33.1810759975565
chr15	86828524	95309262	94151	1928765	1992518.5445	1790095	1821283.1482	-0.0217019955639425	-0.00871082339399526
chr15	95309263	95310312	14	0	297.361	143	271.288	-33.2189862467547	-33.1810759975565
chr15	95310313	96729426	16045	324133	338440.1025	306542	313094.6339	-0.0315058873611014	-0.0241096661746697
chr15	96729427	96731694	29	0	610.267	288	564.477	-33.2189862467547	-33.1810759975565
chr15	96731695	97045738	3769	76143	79536.0309	72180	73431.4454	-0.0378035996643913	-0.0246922048605017
chr15	97045739	97046402	7	0	146.75	74	138.548	-33.2189862467547	-33.1810759975565
chr15	97046403	105433303	94663	1933460	2007325.0239	1775506	1822811.9493	-0.0158591178134145	-0.0158843659487266
chr15	105433304	105437135	51	517	1087.19	1	966.796	8.84499435087456	-1.03416295406167
chr15	105437136	106498168	13291	279926	284193.7811	249120	250549.3393	-0.0132809059460408	0.0163754595499272
chr15	106498169	106521936	311	3284	6699.759	0	5782.258	32.1909205774272	-0.990450121954003
chr15	106521937	107490483	4575	96229	98601.8524	83105	85315.7978	0.00302931719750512	0.00306193770251822
chr15	107491479	107540999	35	666	740.483	1043	664.7401	-0.802526601558421	-0.11473948574453
chr15	107541000	110183669	26520	555550	565128.9951	489165	503913.6309	0.0184865517452746	0.013541501263578
chr15	110183670	110184119	6	71	126.307	3	118.385	4.47163101448421	-0.792838714951148
chr15	110184120	111239624	9808	200241	207105.6055	186122	190947.9659	-0.0114035423042525	-0.0104242495127147
chr16	17697	50793987	514323	10614348	10947127.1966	9538515	9822759.4071	-0.0018781783950969	-0.00633161375212127
chr16	50793988	50799248	42	762	888.864	1123	810.1	-0.693063012574892	-0.183966748214398
chr16	50799249	63085109	134277	2772240	2848870.9919	2519169	2581069.1491	-0.00402254577150832	-0.00113318003180447
chr16	63085110	63086234	15	2	315.679	144	291.858	-6.2828219655443	-7.26410950673449
chr16	63086235	63276343	2304	47461	48714.0356	43146	44559.6419	0.00921051871433955	0.000609944986978056
chr16	63276344	63277618	17	1	357.781	174	336.839	-7.5296663556379	-8.4447279617834
chr16	63277619	63508437	2819	58907	59633.376	53515	54468.692	0.0080976642733335	0.0205240193657072
chr16	63508438	63508887	6	69	126.618	0	113.733	32.3437614052929	-0.837609294117869
chr16	63508888	64896286	15770	320618	334873.0866	292111	302256.2807	-0.0132086762910665	-0.0245540584029611
chr16	64920676	64933865	77	8852	1622.69	964	1506.85	3.09234149930567	2.48582098989173
chr16	64934998	64984693	108	8039	2283.9967	1553	2101.0993	2.25183670334175	1.85366043567551
chr16	64984694	90668716	285524	5938071	6089720.72	5317484	5428084.4083	-0.00638765283816797	0.00182322845626072
chr17	545	36933570	405321	8435027	8670156.6237	7447635	7651877.8833	-0.000339186893381515	-0.00146041755933836
chr17	36933571	36943290	23	153	490.832	0	441.519	31.5378779947297	-1.64349270448303
chr17	36943291	48037768	109092	2231122	2313647.4654	2023929	2098014.6842	-0.000238854561024831	-0.0141946999443463
chr17	48037769	48208830	330	6163	6979.2897	6867	6394.4091	-0.282021640048766	-0.141242474588456
chr17	48208831	59757695	112794	2323161	2394662.1125	2098948	2164127.5755	0.000680859290639835	-0.00552801473121428
chr17	59757696	59777987	133	1418	2827.34	2474	2549.9	-0.951697979778359	-0.957382899807357
chr17	59777988	59836334	707	14713	15006.618	13294	13528.224	-0.00301553712433883	0.00969751806409594
chr17	59836335	59840396	51	309	1087.551	0	966.0793	31.4041713374373	-1.77719936173044
chr17	59840397	60272129	5327	111204	113276.3576	98134	101582.4922	0.0234834059787955	0.0115668526605611
chr17	60272130	60274454	31	365	658.421	0	597.176	32.3684617644737	-0.812908934941547
chr17	60274455	62213652	21000	433807	445516.6367	394780	403799.7763	-0.00554006328810276	-0.000221022285904003
chr17	62213653	62229450	59	555	1247.0701	1128	1134.7365	-1.1590979281493	-1.12977793565175
chr17	62229451	84831862	249448	5131653	5304040.158	4627114	4768025.5775	-0.00409404556114686	-0.00946312761725498
chr17	84831863	84851089	236	4204	4985.59	2998	4439.943	0.320833898621346	-0.207796623997054
chr17	84851090	89385792	50491	1046170	1074847.4533	935269	961698.3538	0.00148316578951609	-0.000809664800997062
chr17	89385793	89463173	213	1999	4524.235	713	4016.7354	1.31594875108377	-1.14019044471065
chr17	89464669	90843705	12723	260075	270286.2899	233410	243705.2763	0.00700520782104579	-0.0173556572010318
chr18	0	38380544	410690	8501523	8731677.9552	7668924	7857958.9292	-0.0031124491702324	-0.000332654761268966
chr18	38380545	38538212	683	11937	14451.9887	12940	13249.4157	-0.241441904020532	-0.237622775483993
chr18	38538213	51320835	138035	2848341	2925126.7432	2595791	2659686.9302	-0.00300035261746558	-0.000172310927670179
chr18	51320836	51325598	63	630	1346.12	1297	1203.53	-1.20299496457004	-1.05717833952202
chr18	51325599	60530586	104637	2230252	2230922.1714	1979204	1989182.0751	0.00711626465389828	0.0377714992241725
chr18	60530587	60535612	67	1	1433.37	624	1264.18	-9.46631658377021	-10.4469901913272
chr18	60535613	61053455	4642	94291	99623.5291	82815	87021.8315	-0.00758646401741726	-0.0411614936059696
chr18	61053456	61054880	19	176	405.189	379	361.525	-1.27082731067475	-1.16481462812662
chr18	61054881	61798643	8765	185894	187500.0347	164110	165066.5256	-0.00373152544117325	0.0257942947813918
chr18	61798644	61799384	9	109	191.624	2	171.06	5.60470319654598	-0.77574517655026
chr18	61799385	63311284	17098	357901	364840.8454	314089	324246.3775	0.0185050615726889	0.0104982721564967
chr18	63311285	63313840	27	281	588.667	546	488.922	-1.22588354876528	-1.02867667201496
chr18	63313841	65124254	21967	446447	467437.1972	399406	418198.4208	0.000342682542106114	-0.0280786765836114
chr18	65124255	65125674	14	1	299.755	276	268.344	-8.26792989799609	-8.18943501362243
chr18	65125675	71314435	72626	1514781	1544319.293	1362032	1388291.9619	-1.67285780814778e-05	0.010343116788277
chr18	71314436	71319736	68	2262	1454.25	1307	1282.12	0.609890483394853	0.675528576571698
chr18	71319737	71353433	440	9204	9550.455	7769	8109.363	0.00884590028534795	-0.0151035322145542
chr18	71353434	71353929	6	97	126.654	0	114.812	32.834739662288	-0.34663103719917
chr18	71353930	71995076	4771	100080	103220.9779	84179	87987.1094	0.0195439980895552	-0.00637755759265661
chr18	71995077	71995901	11	114	235.465	3	209.819	5.08185490083198	-1.00827385462264
chr18	71995902	76049752	45608	960473	975302.0207	843864	861248.4394	0.00760967054191142	0.0161009642779831
chr18	76049753	76050278	7	0	147.259	56	133.319	-33.2189862467547	-33.1810759975565
chr18	76050279	82993863	69893	1454468	1496288.0428	1285586	1318220.3234	-0.00443627498945471	-0.00269142057282248
chr18	82993864	82995132	5	96	109.533	1	90.7057	6.31315671915231	-0.15205432670282
chr18	82995133	84894801	22430	460565	473587.7682	427413	436480.0628	-0.00964736977281329	-0.00202208844826234
chr18	84894802	84896532	23	250	483.967	0	447.542	32.2665950673046	-0.914775632091653
chr18	84896533	88201446	29630	590158	625762.4539	544860	576200.3506	-0.00353418834235985	-0.0463088955961118
chr19	0	26354484	290085	6061157	6191218.7574	5411285	5506652.0279	-0.00513130194457323	0.0075747284723728
chr19	26354485	26360588	5	0	104.16	138	98.875	-33.2189862467547	-33.1810759975565
chr19	26360589	27105279	419	2673	8904.2663	2022	7997.6892	0.24805801932747	-1.69783195064447
chr19	27105280	27199587	21	87	443.464	213	409.274	-1.407221395349	-2.31152473449567
chr19	27199588	49791799	241887	5046062	5162024.0147	4488914	4586634.6468	-0.00141468279017825	0.00542603087186043
chr19	49791800	49792174	5	45	89.413	1	66.6875	5.0690795507425	-0.952354650980475
chr19	49792175	62275498	146329	3095333	3162319.6447	2674932	2710724.9867	-0.0114173377679898	0.00731637477630273
chr20	747	4008	7	249	146.858	15	136.006	3.94265447792603	0.799928835959472
chr20	44287	452023	2796	50355	59335.1216	46685	53721.9154	-0.0339049162883437	-0.198546327314873
chr20	452024	521314	186	2140	3925.91	19	3603.38	6.69208594407851	-0.837211351737549
chr20	521315	660734	1053	21924	22209.699	19988	20473.909	0.0162683545760952	0.0195261505679768
chr20	660735	665471	59	1099	1247.584	595	1154.305	0.773412034144333	-0.144740617917665
chr20	665472	3514792	19179	391005	409434.8013	336368	363322.5341	0.0450584088527784	-0.0282417266641957
chr20	3514793	4350903	7955	144424	172351.6	123080	146427.1061	-0.00416318782748655	-0.216839234909218
chr20	4350904	15655087	117448	2471633	2546612.9524	2100031	2161125.0515	-0.00144853481057707	-0.00491021562422792
chr20	15655088	15655687	8	7	170.322	72	152.066	-3.52584255062642	-4.56656110868701
chr20	15655688	19756734	48013	966531	1021289.1105	889250	917947.2688	-0.0333865035677778	-0.0412984657729929
chr20	19756735	19761161	55	587	1192.91	1125	1019.34	-1.16504775110642	-0.984847841858744
chr20	19761162	21013488	15284	315281	327237.7419	283206	287715.0645	-0.0306172876147822	-0.0154959688572729
chr20	21013489	21014014	7	73	147.913	1	135.721	6.06601435072106	-0.980575535044282
chr20	21014015	56205872	393366	8070580	8374895.9832	7279033	7509671.3962	-0.00810123665525094	-0.0151939628313297
chrX	598	13022945	111243	2293619	2360451.9867	2082136	2138009.6009	-0.00293864824890791	-0.00323242550205762
chrX	13022946	13023772	11	0	231.987	217	214.423	-33.2189862467547	-33.1810759975565
chrX	13023773	32910242	184093	3775212	3903446.2859	3429808	3542679.7251	-0.00118282476086762	-0.00998580348283726
chrX	32910243	32911187	11	1003	231.804	223	214.626	2.05842008720851	2.15154919054421
chrX	32911188	37713617	51464	1058840	1090601.8446	958820	991320.3952	0.0057462133971144	-0.00443494728217132
chrX	37713618	37723505	23	11	487.847	153	446.887	-3.92418019950229	-5.43264836991717
chrX	37723506	52315596	136512	2765782	2884860.4509	2595067	2651804.0702	-0.0293169855821237	-0.0226091345389928
chrX	52315597	52317235	21	211	450.434	395	400.293	-1.07457429494478	-1.05586777956948
chrX	52317236	53561732	14089	298838	297237	277631	275235	-0.00446012571153018	0.0459548497610794
chrX	53561733	53565879	43	413	906.534	867	827.058	-1.20196813305902	-1.09601439668713
chrX	53565880	55847398	21427	433617	453201.5611	401158	415163.7552	-0.0139268794817181	-0.0255265604014569
chrX	55847399	55850792	43	1827	909.57	886	840.905	0.931150884320499	1.04442500908645
chrX	55850793	63559811	77744	1569490	1642338.195	1477974	1512277.2063	-0.0320589775790996	-0.0272504533251932
chrX	63559812	63594080	267	6186	5829.0893	7526	4641.7711	-0.611176876512333	0.123941281386357
chrX	63594081	106141502	401892	8091856	8500521.8001	7498930	7791720.2873	-0.0155289235093397	-0.0328758051834029
chrX	106167519	106186158	143	2735	3089.9016	3141	2633.925	-0.429735037050876	-0.137815110766891
chrX	106186159	112386400	61062	1234953	1293392.1222	1127659	1178179.8481	-0.00317997549703367	-0.0284986403005131
chrX	112386401	112394603	67	1760	1447.57	1949	1113.03	-0.526004594837732	0.320147266134866
chrX	112394604	113106940	7738	157827	163737.5665	145635	149786.7308	-0.012193914208251	-0.0148363743233661
chrX	113106941	113110167	42	2	887.728	778	807.669	-8.73968511675891	-8.75576887671468
chrX	113110168	149661786	358698	7320233	7588757.5068	6739368	6943726.5158	-0.00858260188659166	-0.0137691740954195
chrX	149661787	150631024	286	4283	6056.0427	803	5559.9769	2.29214799700213	-0.461548748776573
chrX	150631025	155847540	48749	980350	1030629.1867	910044	946077.5478	-0.0158396991056989	-0.0339515922483881
chrX	155847541	157389052	13533	298794	289858.7959	254414	254449.7847	0.0442985232037759	0.0820058639845493
chrX	157389053	159967081	17985	363615	381748.6902	331425	344559.6287	-0.0138455473078818	-0.0320065401723502
chrX	159967082	159969947	37	689	796.569	903	726.725	-0.522317100939849	-0.171090401155465
