chrom	start	end	binNum	tumor	tumor_expect	normal	normal_expect	log2.copyRatio	log2.TumorExpectRatio
chr1	987	1149440	1225	17111	25771.9194	16124	23573.7862	-0.0395280326393807	-0.549595424209803
chr1	1149441	1214418	466	7449	9858.5442	8607	8825.4696	-0.364791203884016	-0.363047371438164
chr1	1214419	31272479	308872	6262489	6504638.6544	5745963	5923668.0828	-0.00741656988912728	-0.0134522628810821
chr1	31272480	31385444	126	1096	2651.267	10	2424.836	6.65068324104137	-1.23315368040808
chr1	31385445	31518544	1297	27409	27300.939	24773	24983.726	0.0212932622002214	0.0469796081253053
chr1	31518545	31522345	49	499	1026.47	1010	952.481	-1.12179873800651	-0.999299255008499
chr1	31522346	38208155	75187	1581483	1595732.6515	1405978	1422661.5793	0.00745165920303903	0.0283395721294596
chr1	38208156	38496784	237	585	5006.0311	239	4536.526	1.15272075540489	-3.05587823543101
chr1	38496785	62958059	236835	4841968	5012811.8169	4366907	4507198.9385	-0.00103313080254115	-0.00874604350089912
chr1	62958060	62995084	43	672	900.812	90	827.476	2.78132982596773	-0.381484325611225
chr1	62995085	63000821	19	382	394.716	1	372.857	8.49861027853563	-0.00596187500103328
chr1	63000822	63010649	3	37	63.1525	47	59.2332	-0.434195226524511	-0.730034088380502
chr1	63010650	63098133	177	1688	3695.034	101	3466.991	3.97435823116897	-1.08899224775456
chr1	63098134	63104322	56	1049	1168.06	878	1093.801	0.16533181398181	-0.11381921795332
chr1	63104323	63132023	146	1247	3062.932	0	2831.219	31.9262031541155	-1.25517138523815
chr1	63132024	63708716	1092	21579	22922.6388	19907	21217.4276	0.00820288716568171	-0.0458646358743471
chr1	63708717	63711056	21	246	454.151	1	392.363	7.73490547127116	-0.843233253673559
chr1	63711057	63714502	20	316	426.839	226	372.519	0.290597874350239	-0.392486954357012
chr1	63714503	63720583	76	861	1609.573	71	1437.379	3.44025888703406	-0.861312379439559
chr1	63720584	63738841	123	2175	2599.483	1413	2337.981	0.472666498564133	-0.215928831902236
chr1	63738842	63748026	113	2681	2390.333	3008	2160.796	-0.308308010853183	0.206840091092456
chr1	63748027	63757691	22	269	470.036	45	419.056	2.41735513568829	-0.763884596493493
chr1	63757692	63769750	127	2644	2681.42	2364	2414.44	0.0135576204937648	0.0210054530376552
chr1	63769751	63777516	37	395	782.797	10	699.854	5.1455705749836	-0.945505086067077
chr1	63777517	63780536	20	265	425.5087	82	375.9766	1.51712486703012	-0.64191578248272
chr1	63780537	63830461	96	986	2018.09	62	1857.193	3.87475483296284	-0.99205047586355
chr1	63830462	63832965	33	263	685.998	232	634.853	0.0725302767892995	-1.34186108305815
chr1	63832966	63978783	108	1379	2300.678	546	2053.732	1.17621252905871	-0.697156135482367
chr1	63978784	64071494	14	120	294.931	0	268.794	31.925311961794	-1.25606257755942
chr1	64071495	65094497	7825	159152	166242.5489	142485	147998.1165	-0.0047415476551902	-0.0216039051793874
chr1	65094498	65111385	90	789	1897.042	5	1745.484	7.1852029354159	-1.22437392695324
chr1	65111386	65186757	404	8122	8457.1271	7758	7802.3878	-0.0467276250922456	-0.0170521459427759
chr1	65186758	65197843	30	379	623.2694	7	594.3579	5.69354922747083	-0.676377548045974
chr1	65197844	65238148	3	66	62.5883	63	59.3368	-0.00647759164645525	0.11785352106909
chr1	65238149	65239642	15	109	312.454	2	294.67	5.6870147611399	-1.47803518668544
chr1	65239643	65254724	81	1586	1689.239	1210	1585.9258	0.302711614933471	-0.0497002020697863
chr1	65254725	65263199	65	743	1362.43	63	1266.57	3.45805725766709	-0.833467504400314
chr1	65263200	65292422	159	1664	3313.18	70	3101.91	4.47947101609067	-0.952280663864073
chr1	65292423	65370926	327	6466	6868.0242	5835	6356.4029	0.039830379561866	-0.0457411278443514
chr1	65370927	65420838	19	157	395.597	3	372.45	5.62604758516802	-1.29198643868423
chr1	65420839	65633839	1588	34129	34089.915	28080	29611.2473	0.081629545212557	0.0429336284514706
chr1	65633840	68577480	17762	347740	372993.9641	327499	342890.9194	-0.0315099815925628	-0.0598627694462441
chr1	68577481	68581141	48	511	1003.03	0	938.195	32.2496854666137	-0.931689072811154
chr1	68581142	70886171	11551	229189	243874.0799	212385	220480.0985	-0.0322579880864435	-0.0483181391465727
chr1	70904589	71083403	46	399	964.694	51	882.03	2.84195000267251	-1.23240215934956
chr1	71083404	73406293	21619	437217	460403.8551	386832	407802.326	0.00498652187933267	-0.0332699287631563
chr1	73406294	73424261	123	3	2588.216	1008	2362.042	-8.52086669669731	-9.71149919485323
chr1	73424262	73424973	6	125	124.686	183	115.306	-0.65937337458525	0.0449090968624324
chr1	73424974	73439407	140	4	2929.421	1210	2714.773	-8.34720118154039	-9.47511923585229
chr1	73439408	81444235	64907	1345988	1390608.8636	1178495	1218687.1902	0.00470516390231393	-0.00577065495782242
chr1	81444236	81446562	30	0	642.07	335	562.37	-33.2159068707073	-33.1780004615417
chr1	81446563	82600166	11491	247386	251861.6122	204728	209269.6921	0.00916164436833404	0.0154130968311279
chr1	82600167	82600920	10	0	215.331	103	184.563	-33.2159068707073	-33.1780004615417
chr1	82600921	82694667	1066	19587	22757.3124	17393	20008.4073	-0.010960126094777	-0.175153253070957
chr1	82694668	82702723	20	68	418.4288	228	382.6439	-1.87103284778513	-2.58009501444032
chr1	82702724	88096705	49353	1024332	1056490.2339	908628	928426.7672	-0.0101236112419564	-0.00331555540089057
chr1	88096706	88123650	351	8441	7745.7	5985	6310.21	0.203729148054834	0.165298786516647
chr1	88123651	88626693	1030	19018	22039.9399	17851	19299.0529	-0.0968555226318739	-0.171474267103434
chr1	88626694	96094217	73791	1540142	1582910.3671	1362441	1379404.7238	-0.0182900573888206	0.00176429535822165
chr1	96094218	96198463	26	234	545.078	29	495.082	2.87696260491292	-1.17867367509424
chr1	96198464	97687380	12434	260351	262031.6155	234831	237243.0023	0.00883379851497539	0.0319975445120016
chr1	97687381	97692228	53	2384	1125.06	1091	1017.34	0.985907184633577	1.12466278007403
chr1	97692229	97694760	29	587	608.884	543	559.94	-0.00511277501293715	-0.0115264120846273
chr1	97694761	97697849	40	489	837.652	1	783.132	8.8399691150285	-0.735236052326755
chr1	97697850	101687620	36993	791200	798080.7994	681062	688783.0755	0.00714524380639088	0.0287880982137714
chr1	101687621	101700776	173	4473	3865.45	2596	3070.89	0.456346912043	0.25188686917097
chr1	101700777	107475361	64253	1351332	1369504.1537	1196672	1211396.8172	0.00174635388036763	0.0220090103454495
chr1	107475362	107478910	37	343	772.374	697	730.302	-1.10038242029613	-1.12981053640354
chr1	107481820	108498269	9775	192639	204806.5662	182204	189741.4902	-0.0265075318627315	-0.0470816739942553
chr1	108498270	108575858	93	880	1941.539	5	1824.013	7.37272096882642	-1.10034477066739
chr1	108575859	109299312	7156	139475	149791.9385	132643	138990.2916	-0.0321437803276115	-0.0616729440758299
chr1	109299313	109308335	107	1193	2246.38	2246	2075.38	-1.02361628590581	-0.871727465554072
chr1	109308336	109580615	1476	27510	30902.9632	25724	28743.2192	-0.00430830694655769	-0.126508553666962
chr1	109580616	109616776	15	115	312.851	0	295.877	31.7788131727204	-1.40256136659512
chr1	109616777	131717893	193358	3890157	4078648.5675	3541072	3705325.378	0.000525313308426297	-0.0269823356288577
chr1	131717894	131718868	13	0	275.006	277	248.25	-33.2159068707073	-33.1780004615417
chr1	131718869	146927203	171486	3550454	3631907.2236	3178018	3260169.1185	0.00746975264476049	0.00855665298726584
chr1	146927204	148454463	2417	35540	51135.3647	33142	46077.2595	-0.0461093834268349	-0.483597220703397
chr1	148454464	148721185	422	3341	9415.5406	3513	7268.1844	-0.442498423975928	-1.45348346017413
chr1	148722469	154086997	49938	1011411	1047090.667	937516	968148.0783	-0.00025850503702474	-0.00873650809631739
chr1	154086998	154087852	7	4	147.411	125	132.731	-5.11374902704145	-5.16241988135096
chr1	154087853	158012092	35459	731998	744201.365	666295	684050.8819	0.017463322236978	0.0174271575628757
chr1	158012093	158024385	89	4	1862.588	725	1713.827	-7.61855018168575	-8.82181231903606
chr1	158024386	158032689	60	740	1261.163	764	1159.914	-0.163410196415547	-0.727877086535713
chr1	158032690	158038697	68	1	1421.09	751	1322.48	-9.65304692445419	-10.4315015180676
chr1	158038698	158255728	2187	44899	45885.429	42518	42213.4483	-0.0383497562802236	0.0099277048206398
chr1	158255729	158256861	15	2	316.762	335	286.972	-7.52713247582627	-7.26597495408975
chr1	158256862	158267470	136	2805	2840.82	2599	2642.37	0.00894328806006301	0.0229738359132312
chr1	158267471	158270716	8	0	167.13	142	156.754	-33.2159068707073	-33.1780004615417
chr1	158270717	158840013	6021	124027	125904.7896	116317	117308.0018	-0.00606540629356072	0.0196015428023858
chr1	158840014	158845789	41	1659	860.472	808	783.756	0.906537101406984	0.988394221259526
chr1	158845790	158847683	25	3	530.848	431	474.298	-7.32571249928735	-7.42591200325225
chr1	158847684	159920534	11394	228175	238376.8879	216348	222065.836	-0.0220958822380914	-0.0218231456087952
chr1	159920535	159920909	5	0	105.247	96	97.049	-33.2159068707073	-33.1780004615417
chr1	159920910	167755771	95217	2027627	2029246.9296	1772744	1797317.4311	0.022082945683167	0.0401283370445956
chr1	167755772	167756296	7	0	147.005	72	137.747	-33.2159068707073	-33.1780004615417
chr1	167756297	168128432	3702	76324	77626.9914	68888	71503.134	0.0327062701090906	0.0168588958780322
chr1	168128433	168133767	62	683	1303.15	0	1192.87	32.2906093547735	-0.890765184659313
chr1	168133768	169032247	8564	177212	179180.528	165327	166810.709	0.000326069916490735	0.0253429228970136
chr1	169032248	169039717	77	2	1605.84	749	1509.22	-8.634972804469	-9.6078318366737
chr1	169039718	180342198	108699	2271276	2303522.3149	2015652	2066274.3235	0.0188207557207287	0.0209419431870951
chr1	180342199	180466173	34	231	718.8089	63	650.5147	1.73381658141298	-1.59643493240058
chr1	180466174	181243840	717	7408	14979.6154	9260	13898.2177	-0.426654715606085	-0.974564091899089
chr1	181247102	181660015	214	3490	4493.32	3202	4124.0733	0.00391597196826231	-0.323274285732832
chr1	181660016	181794422	94	1366	1995.595	70	1758.712	4.10753311801956	-0.505580988593825
chr1	181794423	183115484	1041	16340	21803.7675	14352	20253.483	0.0841228548140007	-0.374888970597314
chr1	183115485	188114060	54386	1138245	1150005.6561	1011676	1033696.7973	0.0196099958982284	0.0264506526544704
chr1	188114061	188114585	7	72	149.212	0	131.168	32.1713602733267	-1.01001426608232
chr1	188114586	190483415	26428	546093	559167.316	484091	502218.4545	0.0222774765091362	0.00714711554699116
chr1	190483416	190483865	6	74	124.386	0	114.936	32.4734280877407	-0.707946451724854
chr1	190483866	222173138	342020	7298847	7324792.7717	6307351	6406705.622	0.0208031950554812	0.0361611223904023
chr1	222173139	222260806	1126	27016	24931.9	18807	20249.2	0.2257905071667	0.157101740592768
chr1	222260807	224280532	11191	218006	239755.6294	185151	209848.8762	0.046825625737963	-0.0959163605971608
chr1	224280533	224294611	17	410	357.377	8	327.18	5.55549194438758	0.239457608510397
chr1	224294612	233200861	85392	1763089	1804888.1942	1572249	1632726.2471	0.0240231128487161	0.00747632008524202
chr1	233200862	233203420	34	415	716.209	0	647.887	32.4353857155842	-0.745988823874851
chr1	233203421	240532734	84333	1734725	1772358.3039	1570076	1622479.9641	0.0197770294707678	0.0103171710969792
chr1	240532735	240618807	818	19201	17155.8741	20281	15806.7941	-0.193731102533645	0.203759303045929
chr1	240618808	258505325	187339	3922408	3955800.2279	3529991	3572764.2217	0.00852032076857464	0.0290505263752146
chr1	258505326	258541418	38	387	810.122	39	717.345	3.13868956214423	-1.02452513243973
chr1	258541419	264121274	48169	1027590	1029304.2043	901160	906143.777	0.00892611118546264	0.0388758187189897
chr1	264121275	264121874	8	108	173.971	0	147.557	32.5348395025679	-0.64653503690779
chr1	264121875	269490186	58756	1263213	1254273.896	1114224	1105556.4811	0.00235301295228033	0.0515259868514722
chr1	269490187	269492961	37	0	771.939	317	715.025	-33.2159068707073	-33.1780004615417
chr1	269492962	277933817	92136	1903828	1952101.0973	1721921	1753131.5158	-0.00683527420670937	0.00515586222356924
chr1	277933818	277934717	12	2	257.759	156	224.78	-6.47953725390072	-6.96859848594787
chr1	277934718	282763000	50510	1038079	1072446.8228	931288	955886.5032	-0.00600385380203985	-0.0057093860782889
chr2	0	5579160	36331	759384	762056.1363	697713	702780.1195	0.0087460694010112	0.0362128128959144
chr2	5579161	5580085	12	142	258.281	26	168.945	1.84029361461939	-0.821770100641943
chr2	5580086	12249115	66854	1397932	1401624.7523	1302820	1295959.9177	-0.008048568689301	0.0374745146090369
chr2	12249116	12250241	15	134	313.78	0	291.963	31.9951346283181	-1.18623991105213
chr2	12250242	14630809	24653	503854	516524.2493	468565	478354.8883	-0.00262410640745413	0.00545015611223954
chr2	14630810	14631563	10	107	208.51	0	195.969	32.260149247649	-0.921225291777926
chr2	14631564	15641801	10914	219019	228308.0222	206338	212815.0392	-0.0119608766734934	-0.0186450361173191
chr2	15641802	15645082	39	695	819.742	1	745.607	9.3074886255696	-0.196876451845332
chr2	15645083	28081488	135445	2762841	2860957.3671	2515236	2588651.919	-0.00546416731442484	-0.00906497362362866
chr2	28081489	28264475	2274	38667	48308.8526	37282	42886.9037	-0.115752766631989	-0.279904263232138
chr2	28264476	32719467	51496	1048453	1090388.5606	948613	978359.8961	-0.008660435782508	-0.0152996545416816
chr2	32719468	32720849	18	170	399.18	2	328.025	6.1295313232555	-1.19022420552017
chr2	32720850	34936033	26115	544680	551590.6232	491625	498954.3281	0.00653452341273335	0.0230914497137015
chr2	34936034	34937308	17	311	357.055	0	327.516	33.023423286319	-0.157951253223388
chr2	34937309	38399882	26276	526018	552225.3163	487203	506339.678	-0.0111882570039955	-0.0288643726207886
chr2	38399883	38402432	34	359	719.029	590	643.323	-0.873863722360482	-0.960785627190717
chr2	38402433	39431118	12338	259397	260785.8222	231455	234808.258	0.0164218529867377	0.0335768433890121
chr2	39431119	39432018	12	110	250.862	0	232.209	32.0332645996264	-1.14810993975258
chr2	39432019	52403899	138997	2851791	2922911.6842	2595386	2672525.6748	0.0100907817279262	0.00574250318290185
chr2	52403900	52409079	62	636	1307.42	1165	1185.53	-1.01104770686739	-0.99834351354894
chr2	52409080	52644667	2109	46274	44618.9158	40175	40077.8455	0.0524273640568801	0.0938268428752997
chr2	52661789	52685156	16	382	337.1474	657	301.4175	-0.940562945093837	0.221473653730019
chr2	52712153	95906110	446913	8972683	9389043.9857	8275917	8628705.7492	-0.00183974193797699	-0.0241583368599865
chr2	95906111	95907689	21	490	437.956	0	409.58	33.3846508419903	0.203276302411216
chr2	95907690	104995010	96808	1963184	2028612.6953	1829475	1878779.7061	-0.0055577622133525	-0.00601756701006793
chr2	104995011	105003936	18	178	405.511	321	317.04	-1.20239815528618	-1.14658332105317
chr2	105004008	105689710	3310	68293	69266.5204	62037	64262.0641	0.0337919858557835	0.0208599960723983
chr2	105689711	105710212	96	534	2006.015	977	1834.199	-0.997326964349949	-1.86814025885966
chr2	105710213	135522923	301327	6121798	6338473.2255	5643411	5796314.2947	-0.00823745267417179	-0.00889944548350025
chr2	135522924	135553708	383	3112	8049.094	5980	7500.239	-1.04081918074943	-1.32970385566187
chr2	135553709	137112337	14506	292658	303556.3613	281028	283463.0856	-0.0369276211662846	-0.0114682027820247
chr2	137112338	137166958	45	265	950.179	718	865.877	-1.56865462684966	-1.80092647443034
chr2	137166959	137354863	1217	22920	25480.8986	22066	23625.164	-0.0509358192898038	-0.111528624457001
chr2	137354864	137356729	21	0	449.819	204	391.776	-33.2159068707073	-33.1780004615417
chr2	137356730	146605684	104300	2156139	2198350.0731	1964702	1997641.5456	-0.000609653492850251	0.0133095304327878
chr2	146605685	146606687	12	0	254.807	98	229.415	-33.2159068707073	-33.1780004615417
chr2	146606688	159863655	112700	2274450	2367408.1186	2079102	2171777.3566	0.00849903588227988	-0.0165102271800462
chr2	159863656	159927171	57	527	1211.0176	175	1069.7623	1.41489255193008	-1.15906447756806
chr2	159944649	160039745	142	3865	2997.387	2595	2701.7921	0.428319253012641	0.408043535815178
chr2	160039746	160177165	25	528	533.252	156	466.843	1.57048595776936	0.0270009455538041
chr2	160177166	160700849	106	1958	2234.3841	1461	2025.2922	0.284051520945767	-0.149215960031686
chr2	160700850	160729202	96	2677	2021.819	761	1836.003	1.67893742595951	0.446243778283787
chr2	160729203	161566034	363	5107	7689.8981	4488	6915.924	0.0367349953459574	-0.5492079343446
chr2	161572532	187744094	256706	5236840	5403231.7864	4791763	4942070.5812	0.00280709422892313	-0.0038455570381189
chr2	187744098	187748374	47	578	991.717	4	888.477	7.01970567172614	-0.737578506289031
chr2	187748375	192524162	42765	899487	911283.1601	786634	807513.278	0.0223705396283119	0.0224835105904461
chr2	192524163	192529771	74	446	1584.602	697	1417.838	-0.801168694189374	-1.78772442512983
chr2	192529772	202656060	85965	1774782	1822138.0532	1574373	1631886.5327	0.0171470003549735	0.00329004567312837
chr2	202656061	202659208	32	339	672.609	2	620.258	7.29161585116816	-0.9472023223279
chr2	202659209	210658150	91075	1902923	1934324.8873	1679474	1724685.4172	0.0180849116774834	0.0176675441632746
chr2	210658151	210661046	16	178	340.417	1	299.93	7.29643021324957	-0.894145356412639
chr2	210661047	228986850	199726	4081755	4200513.5098	3745759	3845773.2973	1.36008749331853e-05	-9.56298435088598e-05
chr2	228986851	228996036	39	5	812.281	385	756.186	-6.36665021012066	-7.30262648292859
chr2	228996037	229739798	8841	180319	185035.1538	167101	172059.8947	0.00831660448453671	0.00403252094155357
chr2	229739799	229744280	59	0	1240.67	637	1144.56	-33.2159068707073	-33.1780004615417
chr2	229744281	234757104	48350	979094	1018482.5813	893660	926297.7528	-0.00177798538980044	-0.0156215386028325
chr2	234757105	234757554	6	2	127.657	97	114.011	-5.75963838055279	-5.9548483425218
chr2	234757555	244491431	110534	2279393	2330221.4597	2065647	2115183.2952	0.00574564940234371	0.00946310249999997
chr2	244491432	244492256	11	0	229.664	214	213.146	-33.2159068707073	-33.1780004615417
chr2	244492257	244507514	199	4307	4168.54	3896	3844.71	0.0313963275844721	0.0884216320769988
chr2	244507515	244508639	15	0	315.372	321	286.814	-33.2159068707073	-33.1780004615417
chr2	244508640	244511533	33	657	687.981	588	648.417	0.0780044866136303	-0.0251948644777468
chr2	244511534	244512690	15	0	312.832	300	294.546	-33.2159068707073	-33.1780004615417
chr2	244512691	248425822	42678	873733	895054.5916	813334	826109.5292	-0.00892397120445131	0.00649728948157634
chr2	248425823	248430779	26	6	541.014	281	503.202	-5.65061800567623	-6.45327911634963
chr2	248430780	248432473	15	48	325.093	153	276.498	-1.90263471033041	-2.71846569256483
chr2	248432474	252863915	53290	1101497	1126279.7073	992355	1014530.6848	0.0031587642843976	0.00918089348311259
chr2	252863916	252864517	8	88	167.767	0	154.739	32.2917714923204	-0.889603047112632
chr2	252864518	257362654	52007	1064418	1092330.3303	997085	1001610.7897	-0.0274367090369611	0.00393609416023522
chr2	257362655	257363408	8	8	169.639	93	148.337	-3.72937411778317	-4.36504358295465
chr2	257363409	261360658	47651	981979	1010415.5095	892557	902958.8291	-0.0210946296453542	9.58756353696966e-05
chr2	261360659	261380651	9	5	197.242	86	160.266	-4.40046097148087	-5.26061438856997
chr2	261380718	266433159	57068	1166113	1197029.2273	1086624	1102299.3927	-0.0137133962838738	0.003529706139872
chr3	534	15650500	159868	3446519	3465064.0639	2926692	2958947.5766	0.0114452305587151	0.0335384302141101
chr3	15650501	15655644	53	0	1113.77	349	1024.62	-33.2159068707073	-33.1780004615417
chr3	15655645	15712422	440	4403	9231.13	8096	8490.408	-0.996021746110493	-1.02673992978756
chr3	15716213	15719844	24	0	508.272	205	459.41	-33.2159068707073	-33.1780004615417
chr3	15719845	16054213	2961	60976	62093.25	56088	57321.5808	0.00856540265278155	0.015085555497322
chr3	16054214	20902250	30310	542431	634815.2279	505742	588683.3695	-0.00443274897748317	-0.185616617313928
chr3	20902251	23272126	24993	524553	530055.0606	462459	476326.9876	0.0309472192837816	0.0262268047702811
chr3	23272127	23275402	41	3	876.922	386	771.319	-7.18924131243384	-8.15006168384241
chr3	23275403	23690889	4540	97513	95690.743	85649	86985.5158	0.0529280682104583	0.0684956858619175
chr3	23690890	23695375	59	0	1226.56	598	1139.51	-33.2159068707073	-33.1780004615417
chr3	23695376	25295821	16175	315842	338774.6134	301136	314518.0571	-0.0350210007349812	-0.05984225016318
chr3	25295822	25297056	16	179	333.707	2	317.733	6.41642282028174	-0.857341874418617
chr3	25297057	27126250	21541	435756	450530.1331	412592	420352.979	-0.0178435454247428	-0.0068225852896143
chr3	27126251	27132145	77	0	1620.74	755	1482.74	-33.2159068707073	-33.1780004615417
chr3	27132146	28256223	12571	258113	263107.2623	240977	244711.3104	-0.00208885875431264	0.0136322224569777
chr3	28256224	28257696	19	195	399.26	3	365.1687	5.89697644305806	-0.992573930711157
chr3	28257697	32337767	45431	922922	952733.8249	848761	879624.8384	0.00903956914679444	-0.00458399748781047
chr3	32337768	32340992	42	359	874.194	0	814.212	31.9386853948178	-1.24268914453895
chr3	32340993	49553536	193050	3933945	4057921.629	3608106	3715680.7691	0.000994698780717843	-0.00348372736975891
chr3	49553537	49555052	20	204	421.407	0	379.915	32.1760099002467	-1.00536463916335
chr3	49555053	60961183	131562	2725246	2773921.713	2479295	2518327.6805	0.000369544972302736	0.0157398793375452
chr3	60961184	60965608	59	0	1240.44	516	1113.28	-33.2159068707073	-33.1780004615417
chr3	60965609	61261065	3760	78668	79337.6556	71930	71580.7443	-0.0158768418658375	0.0290516265031418
chr3	61261066	61262750	21	0	438.745	162	397.159	-33.2159068707073	-33.1780004615417
chr3	61262751	64719354	42536	897431	899348.1172	803212	809047.4233	0.0107388869626678	0.038201849150484
chr3	64719355	64720254	12	162	252.27	2	226.839	6.18992411519794	-0.597694350258862
chr3	64720255	66812094	23929	495197	502231.7888	446654	460792.2086	0.0279819464745951	0.0209297149351105
chr3	66812095	66815544	46	453	961.799	1	899.698	8.7304465780622	-1.04494388830824
chr3	66815545	73255685	66876	1360595	1404969.9678	1251339	1290646.4567	0.00169365703400821	-0.00502111216964723
chr3	73255686	73270888	181	1930	3776.61	30	3542.52	5.9185527874974	-0.927210473262321
chr3	73270889	73326034	629	12545	13146.5	12103	12303.1	-0.0405350325500752	-0.0262858029040928
chr3	73326035	73327159	15	132	312.787	3	298.945	5.39750521091126	-1.20336213558827
chr3	73327160	73576656	2875	59221	60031.8	56566	56280.6	-0.0235414434619619	0.0216624128684734
chr3	73576657	73583622	92	1465	1922.884	946	1804.562	0.542739632044226	-0.351090581038111
chr3	73583623	73593018	40	434	838.647	52	788.163	2.9749159297166	-0.909088154622236
chr3	73593019	74414880	5714	113688	119646.1957	110884	111562.6095	-0.0615180860401175	-0.0324140549682034
chr3	74414881	74418215	36	387	753.756	766	691.983	-1.10499773304366	-0.920483527124031
chr3	74418216	74548244	1529	31690	31951.7	30088	29938.1	-0.0156965011505853	0.0294154549509949
chr3	74548245	74553401	61	646	1274.76	0	1175.99	32.2420354416754	-0.939339097747955
chr3	74553402	81117222	60651	1245050	1278215.4823	1146642	1168565.151	-0.00723016652116176	0.00335310102394579
chr3	81117223	81120699	44	460	918.66	832	846.889	-0.968933710704032	-0.956616663895661
chr3	81120700	84223366	35961	772855	769679.3251	673991	675136.0312	0.0117632394737478	0.04722075969901
chr3	84223367	84225401	19	0	402.649	203	365.254	-33.2159068707073	-33.1780004615417
chr3	84225402	85889373	16901	338701	353689.5918	320214	328823.0884	-0.02082222342905	-0.0211910309416321
chr3	85889374	85890198	11	0	228.834	194	216.535	-33.2159068707073	-33.1780004615417
chr3	85890199	85898440	103	2206	2149.27	1971	2011.67	0.0704260221655856	0.0788665470586183
chr3	85898441	85899206	10	0	209.623	211	191.642	-33.2159068707073	-33.1780004615417
chr3	85899207	87324081	15931	324047	333168.9066	307355	310761.1157	-0.0207765681793629	0.00122979956055141
chr3	87324082	87328197	50	0	1056.82	1077	967.379	-33.2159068707073	-33.1780004615417
chr3	87328198	87329137	6	16	126.982	127	115.853	-3.11763921041819	-2.94719970734094
chr3	87329138	87808708	5318	106456	111164.0815	103955	103906.8343	-0.059727970154617	-0.0211529588573477
chr3	87808709	87812952	56	4	1170.49	1105	1100.1	-8.19593447090588	-8.15161636405137
chr3	87812953	89248679	14946	291546	312744.0555	280150	291977.3573	-0.0382278546187304	-0.0599784458830025
chr3	89248680	89252377	49	482	1023.93	1002	956.223	-1.15110145653962	-1.0457315510293
chr3	89252378	108432984	203627	4194367	4283526.0053	3831058	3916823.2376	0.00496948621772888	0.0109347406865383
chr3	108432985	108433509	7	5	150.767	54	130.06	-3.64272868369103	-4.87296828813599
chr3	108433588	143318375	392543	8173554	8293858.9191	7333985	7483660.0661	0.0114408069316262	0.0202005037605742
chr3	143318376	143323995	61	15	1275.02	1319	1191.07	-6.55322583557407	-6.36813306687562
chr3	143323996	143325801	2	13	41.8857	19	38.8927	-0.65107210876497	-1.64666567319939
chr3	143325802	143339450	59	8	1230.37	3706	1153.84	-8.94492206530589	-7.22359600688108
chr3	143339451	143370162	185	3667	3878.64	3766	3592.51	-0.145617360028859	-0.0396701233104862
chr3	143370163	143375339	14	22	300.019	327	262.98	-4.0804419101815	-3.72819795035185
chr3	143375613	143380452	44	1274	918.256	921	853.551	0.366047233982611	0.513677442179223
chr3	143380453	143406556	82	9	1727.2747	1543	1575.2516	-7.55113850748867	-7.54307631071467
chr3	143406557	143639744	1538	29006	32199.3091	27967	29950.447	-0.0484522669903347	-0.109397887302713
chr3	143639745	143647848	17	1	354.568	222	329.53	-7.89669427948396	-8.42863798920536
chr3	143647849	143675801	158	3596	3347.3501	1457	3038.7615	1.16723021876024	0.144654057646913
chr3	143675802	143692790	92	200	1928.056	203	1783.095	-0.130869036186607	-3.22779456112929
chr3	143692791	143707431	157	30	3285.949	2685	3063.447	-6.5815958825455	-6.73392327484478
chr3	143707432	143708332	10	40	212.959	176	189.237	-2.30451095198049	-2.37122330864552
chr3	143708333	143719751	128	0	2675.62	2541	2517.29	-33.2159068707073	-33.1780004615417
chr3	143719752	143721602	12	386	250.996	187	230.2646	0.924564916361905	0.662216962082283
chr3	143721603	143736237	33	20	689.0192	278	640.9222	-3.89803384083778	-5.06519178777725
chr3	143736238	143737112	10	217	209.654	265	193.407	-0.401293583083754	0.0909651744375133
chr3	143737113	143741669	19	3	396.22	225	371.806	-6.31719625416987	-7.0039148876616
chr3	143741670	143742997	16	155	335.701	330	308.264	-1.20983414820437	-1.07362813145751
chr3	143742998	143760189	105	8	2192.36	2089	2031.42	-8.13521882574114	-8.05698847560429
chr3	143760190	143762567	14	32	291.849	289	274.707	-3.25888005482588	-3.1477978260629
chr3	143796746	143836849	110	1269	2315.5802	926	2127.1958	0.335561156765749	-0.826401168800569
chr3	143845981	143846870	10	0	208.302	140	196.551	-33.2159068707073	-33.1780004615417
chr3	143846871	143869283	106	3061	2226.438	2074	2039.015	0.438096180050343	0.500546094937283
chr3	143869284	143931018	484	29011	10149.5758	9494	9382.6513	1.50153427198256	1.55646108157008
chr3	143931019	143950165	113	2344	2353.2507	2187	2199.6636	0.00602130915322199	0.0355980331556605
chr3	143950166	144071376	759	39092	15886.218	11915	14793.2668	1.61463349545996	1.3403781780969
chr3	144071377	144272786	951	14973	19928.953	14980	18375.8121	-0.114358144039745	-0.371222120637344
chr3	144272787	144307720	62	1415	1295.6503	2487	1194.4733	-0.927532153392501	0.168406157587341
chr3	144307721	144379820	664	13045	13894.6028	12390	12940.5412	-0.0249318034247571	-0.0497471616840666
chr3	144379821	144384523	61	1	1275.79	1224	1182	-10.3641744139782	-10.2758944886983
chr3	144384524	144457864	871	17500	18252.4	17572	16932.2	-0.110866145384943	-0.019450766258066
chr3	144457865	144463252	68	888	1433.61	1392	1332.55	-0.750616490274945	-0.64974053666216
chr3	144463253	144539502	945	19206	19782.3	18681	18357.1	-0.0645125316524177	-0.00137260138405952
chr3	144539503	144545305	71	4	1488.98	1453	1373.96	-8.61742922487125	-8.49882811937692
chr3	144545306	149739201	57553	1216753	1230250.8379	1056993	1081341.0249	0.0203136691270788	0.0253643201164209
chr3	149739202	149754312	88	306	1843.343	0	1687.029	30.6319340396814	-2.54944049915761
chr3	149754313	151772070	21985	463622	469539.8056	404564	412730.1935	0.0139066723905664	0.0229820462107695
chr3	151772071	151773375	17	153	357.63	0	328.269	31.9977189170501	-1.18365562232077
chr3	151773376	152955475	12252	259359	262202.1584	227700	229197.5029	-0.00289801541892953	0.0255513593066246
chr3	152955476	152974788	110	1809	2379.043	3929	2031.3738	-1.34352129007876	-0.353908452501699
chr3	152974789	153027469	554	9917	11846.0695	9068	10390.8976	-0.0565947282780723	-0.215152307114182
chr3	153027470	153051977	244	4675	5169.8147	9266	4632.1492	-1.14203708756404	-0.103865718922358
chr3	153051978	153070173	120	1984	2554.2817	4723	2273.3979	-1.41598486028333	-0.323225128784003
chr3	153070174	160769496	86556	1815552	1849391.2954	1601390	1625828.6997	-0.00141761554982625	0.014638235669793
chr3	160769497	160793688	100	1093	2112.54	1810	1897.1	-0.879505148312194	-0.909404769818154
chr3	160793689	170990001	110653	2281473	2392158.8717	2003492	2051517.5781	-0.0307987819177117	-0.0270671393275353
chr3	170990002	170991477	19	168	414.208	332	345.593	-1.24062935225172	-1.2606136973015
chr3	170991478	174800515	39541	813673	852577.527	716637	735147.4359	-0.0272167473907959	-0.026101421735341
chr3	174800516	174803892	45	543	977.163	908	834.788	-0.965555396531521	-0.806366551779407
chr3	174803893	177699918	32434	694653	702819.0086	587089	599889.402	0.0176306735481544	0.0244197644990196
chr4	784	60157517	643870	13210111	13554442.6843	12088655	12379640.3635	0.000566538533704322	0.00415728123374356
chr4	60157518	60158561	9	83	190.727	1	167.945	6.19489323887766	-1.15904536197048
chr4	60158562	71856741	126663	2603603	2672848.6582	2341628	2421013.9507	0.0136048987814125	0.00341181742220076
chr4	71856742	71860217	39	0	823.913	444	753.577	-33.2159068707073	-33.1780004615417
chr4	71860218	105073288	330794	6802606	6973123.9683	6158331	6341676.9203	0.00998144878499991	0.00556288947811559
chr4	105073289	105075594	19	0	398.976	228	369.875	-33.2159068707073	-33.1780004615417
chr4	105075595	107168456	21110	412590	441770.1749	396028	411794.6049	-0.0388905954370454	-0.0573066793961381
chr4	107168457	107169431	13	0	280.538	125	237.988	-33.2159068707073	-33.1780004615417
chr4	107169432	107195131	263	4415	5499.5689	4126	5117.1896	-0.00292314988295692	-0.275624607759543
chr4	107195132	107201966	91	0	1895.41	810	1786.07	-33.2159068707073	-33.1780004615417
chr4	107201967	107844121	6875	138194	143932.8548	131991	133787.1114	-0.0358273110522768	-0.0174204793685046
chr4	107844122	107851205	34	0	728.805	165	645.511	-33.2159068707073	-33.1780004615417
chr4	107851206	119350033	123633	2569644	2618606.4247	2335513	2356220.5072	-0.0111215752420229	0.0140497493138216
chr4	119350034	119350708	9	168	188.925	0	172.939	33.0533026372507	-0.128071902295101
chr4	119350709	126484449	84434	1809621	1806955.5588	1577979	1585020.5848	0.0119242014404477	0.0434070397193917
chr4	126484450	126485199	10	40	211.114	175	189.491	-2.28180186396925	-2.35866986080286
chr4	126485200	142137834	173736	3583540	3659388.1972	3260086	3331425.0433	0.00438647850031121	0.0110634771068595
chr4	142137835	142139490	22	6	460.819	157	434.578	-4.79086922644942	-6.2218133923188
chr4	142139491	143223153	12330	251495	257887.8534	234558	239589.4717	-0.00222022142420624	0.00506638208400477
chr4	143223154	143232154	120	1196	2501.06	2430	2323.88	-1.12536894079227	-1.02304179077072
chr4	143232155	168430036	255721	5328686	5440968.7227	4707874	4838891.4704	0.0128912387586954	0.0111967752153418
chr4	168430037	168432051	25	247	530.518	464	476.303	-1.06176175098015	-1.06161017186771
chr4	168432052	184224823	182466	3748612	3867284.2524	3408342	3461250.2715	-0.0193670676534055	-0.00368381430087628
chr5	34651	4579595	44941	909403	945887.1328	833208	862969.1335	-0.00274193701894177	-0.0154677946096701
chr5	4579596	4580779	15	143	315.63	3	288.766	5.44994944905185	-1.10093870249164
chr5	4580780	13829344	94016	1894766	1977588.642	1740381	1808856.1872	-0.00267405566315316	-0.0204421856801888
chr5	13829345	13829644	4	1	83.2107	77	78.9205	-6.33978141003626	-6.33741665089286
chr5	13829645	14505643	7366	152967	154853.6569	140221	142205.0553	0.00595939910813654	0.0235954843689039
chr5	14505644	14507518	25	315	530.264	0	469.122	32.4712960494414	-0.710078490023814
chr5	14507519	15649359	12612	255508	264832.0809	234499	242768.3095	0.00166298171919268	-0.0104289457481771
chr5	15649360	15652336	11	174	230.382	442	208.489	-1.48564171861197	-0.363660208230214
chr5	15652337	21754640	63055	1280356	1324795.5402	1163977	1213982.1106	0.0148339717963221	-0.00794422978412194
chr5	21754641	21760081	71	786	1501.72	1	1349.45	9.4675150653088	-0.892734138095257
chr5	21760082	24918925	31898	662396	675180.7663	595622	606110.3357	0.000977633875914278	0.0137006414136795
chr5	24918926	24942652	48	319	1010.9385	85	923.0783	1.78022545467673	-1.6227864172988
chr5	24942653	26009000	11393	227646	240331.7435	207938	217131.6956	-0.012444119925758	-0.0369546178497433
chr5	26009001	26022169	156	1519	3277.476	2717	2985.031	-0.970357919304931	-1.06818285856786
chr5	26022170	33370633	79971	1607274	1676337.611	1502881	1549432.9187	-0.0133132458913356	-0.0194163532924819
chr5	33370634	33384309	71	914	1514.2601	525	1358.4654	0.646615607006813	-0.687066476122183
chr5	33384310	35214378	20099	407519	421385.3352	376248	388974.2943	0.00309219906032619	-0.00699229520096156
chr5	35214379	35215128	10	115	208.189	1	196.557	6.76591800070172	-0.814979494779988
chr5	35215129	35601224	2446	48725	51346.2575	43723	47338.0307	0.0423844345786795	-0.0343164529832339
chr5	35601225	35602346	11	128	232.745	7	215.16	4.08267887064643	-0.821325877256962
chr5	35602347	52098566	178119	3588184	3739744.1634	3327828	3440706.4171	-0.0081876993217077	-0.0184052182465812
chr5	52098567	52101415	37	346	778.578	650	717.15	-1.02486027511442	-1.12878905402493
chr5	52101416	68765494	178156	3651945	3776057.124	3303377	3395257.5894	-0.00526206924476646	-0.00693506457731805
chr5	68765495	68769360	50	504	1047.25	938	975.112	-0.995756155489306	-1.0138297577349
chr5	68769361	68987107	2408	50247	50559.933	46154	46437.9196	0.00326464417857329	0.0323233984357283
chr5	68987108	68989963	38	418	805.733	0	719.354	32.2758561248754	-0.905518414554578
chr5	68989964	68990263	4	99	82.9827	63	78.3753	0.573039236044761	0.295898413844325
chr5	68990264	68992157	25	250	520.354	0	489.017	32.1650896904349	-1.01628484897285
chr5	68992158	69943047	5366	108781	113037.1674	98246	103101.8798	0.01760351399427	-0.0140901378822946
chr5	69943118	69943942	11	0	234.631	88	204.962	-33.2159068707073	-33.1780004615417
chr5	69943943	83346948	148979	3080571	3149648.1565	2772602	2838424.6009	0.00523107188695067	0.00928759843879357
chr5	83346949	83349732	37	420	774.638	0	727.165	32.3395220801764	-0.841852459265518
chr5	83349733	83963007	5771	114637	120757.0027	106779	112505.3797	0.00370603096710712	-0.0337536053949465
chr5	83963008	83967472	51	537	1062.79	969	1002.02	-0.933145752986167	-0.943582077462932
chr5	83967473	84007992	462	9348	9666.56	9080	9030.73	-0.0528204473238476	-0.00706435332317024
chr5	84007993	84008517	7	78	147.681	0	137.416	32.3017168290025	-0.8796577104324
chr5	84008518	89463951	58129	1174779	1217797.7539	1094215	1128034.514	-0.00459612532113164	-0.0106046878582429
chr5	89463952	89466568	34	1	708.491	292	665.425	-8.27692389356057	-9.42732512685468
chr5	89466569	89477308	136	2898	2841.37	2538	2665.64	0.102634848721142	0.0697513724851286
chr5	89477309	89482177	62	0	1299.36	612	1198.04	-33.2159068707073	-33.1780004615417
chr5	89482178	89549168	743	13956	15528.1348	12935	14504.1114	0.0145568904645977	-0.112718557141167
chr5	89549169	89553539	57	1189	1186.37	520	1126.62	1.12198623096824	0.044475180940895
chr5	89553540	90187096	6337	120147	132756.1735	113373	123142.9209	-0.0213476541053764	-0.102697838419866
chr5	90187097	90191365	23	1	483.753	250	450.074	-8.06651855104218	-8.87684624082728
chr5	90191366	90555547	4025	82896	84283.5053	77625	78049.4197	-0.0127072069242584	0.0173326599622736
chr5	90555548	90557502	26	1	547.542	216	497.439	-7.88996340144439	-9.05554525641452
chr5	90557503	90605204	536	10422	11235.3642	9463	10391.079	0.0299352867712416	-0.0671342435939862
chr5	90605205	90608281	36	2	752.112	316	704.445	-7.39486708979172	-8.51352316356714
chr5	90608282	91364177	6268	119922	131433.9725	111910	121436.2375	-0.0110077589664123	-0.0909613889575712
chr5	91364178	91370689	17	18	357.417	151	330.053	-3.18001620291044	-4.27025895375867
chr5	91370690	104592578	144199	2911498	3026355.7596	2696648	2787584.2405	-0.00459769749579902	-0.01453947657642
chr5	104592579	104594003	19	211	396.831	1	365.8	7.60700355731479	-0.870001245336606
chr5	104594004	111232153	72610	1477189	1525842.6328	1355092	1398629.156	0.00224500744097314	-0.00547126600099405
chr5	111232154	111232909	10	117	219.035	0	184.588	32.318002137744	-0.863372401693949
chr5	111232910	118809417	85100	1765491	1790801.4203	1599397	1634605.4229	0.0142525161606931	0.0207445865534412
chr5	118809418	118811518	28	0	592.716	327	523.23	-33.2159068707073	-33.1780004615417
chr5	118811519	120256689	17256	355322	365022.3222	316140	327399.2454	0.0150038143476609	0.00242281256559666
chr5	120256690	120257064	5	2	105.834	78	93.0775	-5.46732694690516	-5.68437887378628
chr5	120257065	121007905	7210	144432	151806.3533	131597	137563.3418	-0.00449820696107985	-0.0305612656428948
chr5	121007906	121009626	6	2	124.916	88	114.912	-5.57648634845588	-5.92353397135688
chr5	121009627	121469049	323	5122	6817.2995	4602	6157.5042	0.0109656888476558	-0.3712126249622
chr5	121469050	121474807	75	0	1576.964	301	1432.877	-33.2159068707073	-33.1780004615417
chr5	121474808	137797823	182691	3784551	3878519.3868	3364438	3463805.9861	0.00998280295072709	0.00589662319002828
chr5	137797824	137803929	46	8	970.14	164	890.661	-4.47749445718932	-6.88076864124884
chr5	137803930	137969945	1434	30574	30290.295	31396	27426.9	-0.178165435738746	0.0547301712660345
chr5	137969946	137976875	9	221	190.727	133	173.371	0.59834770796153	0.253817765867015
chr5	137976876	142096550	48458	1009593	1037058.2805	885034	908623.7181	0.00260100317870015	0.00255732717606565
chr5	142096551	142104875	102	2443	2171.08	1675	1917.05	0.368341924253275	0.211521463676594
chr5	142104876	147437896	62190	1300851	1340786.415	1129585	1155835.1094	-0.00710687117159291	-0.00234322454870844
chr5	147437897	147656772	2511	46394	53809.7848	42710	46962.5735	-0.0736186502004656	-0.172649811677339
chr5	147656773	147657597	9	127	189.123	0	171.144	32.6481586982	-0.533215841293231
chr5	147657598	150260796	31571	649469	683994.0066	562267	583787.3546	-0.0171613551632208	-0.0334425306669837
chr5	150260797	150447625	2196	40365	46992.5088	37973	41177.3939	-0.099073277552376	-0.178045412091493
chr5	150447626	156377448	69736	1471379	1513678.4439	1257544	1287111.2998	-0.00398784351833875	0.000390632455426247
chr5	156377449	156377945	6	68	128.785	3	111.671	4.30016442433489	-0.880077428860653
chr5	156377946	173707145	193414	4071123	4203982.9194	3519716	3567185.5503	-0.0236286836505531	-0.00504951023952659
chr6	0	17171132	181482	3729884	3844442.1469	3368088	3454365.6663	-0.00377845157290808	-0.00236301850499267
chr6	17171133	17421107	165	2940	3467.4903	748	3198.0145	1.86136469078738	-0.196795204177948
chr6	17421108	21671581	44834	902883	940505.9735	845759	869040.6068	-0.0163470146667584	-0.0176175710524221
chr6	21671582	21678402	83	882	1744.87	0	1591.38	32.2383860342178	-0.942988505204797
chr6	21678403	21696008	231	4735	4867.39	4522	4413.5	-0.0714476657939583	0.00149653787449275
chr6	21696009	21699721	49	543	1066.14	0	901.796	32.2492822323818	-0.932092307043027
chr6	21699722	31046010	101966	2135317	2171940.5254	1880799	1923388.1324	0.011143987474863	0.0167461514089438
chr6	31046011	31062461	37	638	802.6719	94	679.1654	2.52515040956428	-0.289973481005378
chr6	31062462	34402296	38097	787243	802911.5453	714734	730268.1854	0.00596200483638355	0.0128484532598774
chr6	34402297	34403571	17	0	352.104	172	330.401	-33.2159068707073	-33.1780004615417
chr6	34403572	51508430	201777	4202608	4264034.9057	3768248	3844715.3742	0.0114226073782192	0.0203461341149013
chr6	51508431	51564245	641	12409	13554.4288	11059	12179.3372	0.015211305542508	-0.0860969718936173
chr6	51564246	51567997	9	223	192.547	13	172.933	3.94883681083163	0.253113552363002
chr6	51567998	52198865	7293	148682	153481.6719	134870	139553.5446	0.006786985064233	-0.00455589826740935
chr6	52198866	52204143	70	0	1476.8	696	1331.39	-33.2159068707073	-33.1780004615417
chr6	52204144	110888353	647638	13267278	13646017.1075	12099127	12432322.2712	0.00195940844150941	0.000672965898597243
chr6	110888354	110928192	514	11880	11156.4	8777	9407.25	0.194082485176317	0.13194375701438
chr6	110928193	144703195	345801	7151181	7355397.899	6386176	6557248.4416	0.000890452782733723	0.000658618698623242
chr6	144703196	144703870	9	100	191.49	0	169.469	32.2853859734125	-0.895988566019295
chr6	144703871	147647578	35665	745142	753464.5049	666566	680285.2838	0.0167420615164794	0.0252563210998197
chr6	147647579	147989969	2753	53232	57760.494	51798	53442.1669	-0.0693331204078611	-0.0765088221895906
chr7	794	10904028	48428	834931	1022552.6345	763516	929056.4588	-0.00596426473144397	-0.251165737268751
chr7	10904029	12401504	18565	429030	414934.6239	329790	330108.8905	0.0529629035250934	0.0894749726253157
chr7	12401505	12435907	458	12114	10341.3	6522	7906.4	0.509338341659912	0.269538246384354
chr7	12435908	12953542	6344	147537	141831.558	111403	112946.6462	0.0801256593802035	0.0981787201381468
chr7	12953543	22326625	48865	965311	1034365.7698	878373	932469.1066	-0.0100844157664799	-0.0584002265038999
chr7	22326626	22326925	4	0	84.3586	43	78.5009	-33.2159068707073	-33.1780004615417
chr7	22326926	42662814	224374	4608172	4747423.5812	4166335	4269544.6917	-0.0042727513877539	-0.00166972379274458
chr7	42662815	42664918	28	5	584.49	296	543.008	-5.99035607259397	-6.82782593268651
chr7	42664919	59702239	186110	3798738	3904830.8237	3529259	3600566.2813	-0.00750723781217798	0.00154065470077433
chr7	59702240	59704414	29	253	617.2261	475	548.6142	-1.0754231546469	-1.2453811963441
chr7	59704415	76915674	195053	4029062	4130799.6072	3618570	3707716.2682	0.00250817632498892	0.00530341955069763
chr7	76915675	76926247	124	920	2640.944	1605	2334.917	-0.977175896040304	-1.48006745611775
chr7	76926248	77096998	1969	40263	41924.515	36718	37090.1602	-0.0404163237186282	-0.0170589351051627
chr7	77096999	77098652	22	2	470.861	472	410.455	-8.07734610413446	-7.83787690197343
chr7	77098653	85584336	94109	1929853	1975050.5072	1774051	1818620.3641	0.00577241841291956	0.00788189951981851
chr7	85584337	85598386	11	165	230.5683	16	217.7401	3.2871092399807	-0.44144766370616
chr7	85598387	85755865	1879	38872	39293.6874	37362	36692.8134	-0.0382663022853936	0.0257142654425462
chr7	85755866	85756540	9	217	188.15	0	179.287	33.4284667803039	0.247092240720984
chr7	85756541	85766654	116	2435	2426.36	1922	2254.8	0.238893367329712	0.0464086402056651
chr7	85766655	85769801	4	106	82.3482	4	77.8512	4.65027669184504	0.405535731830696
chr7	85769802	85936228	1857	37337	38847.7161	34635	36230.3162	0.0111170305475089	-0.0159432832599429
chr7	85936229	85939563	39	346	820.416	897	748.937	-1.50247313139308	-1.20430310242944
chr7	85939564	87181300	12714	249703	265848.8676	235155	248554.5376	-0.00706865535640972	-0.0491126793956314
chr7	87181301	87183441	28	307	584.731	0	553.557	32.2931206036141	-0.88825393581911
chr7	87183442	87741381	5112	103472	106906.8555	97424	100009.5434	-0.00595131896940418	-0.0058334620732734
chr7	87741387	87743708	29	321	607.106	0	560.662	32.3032798930413	-0.878094646393884
chr7	87743709	88068911	2059	41777	43083.2189	39439	40258.9619	-0.0113560679191222	-0.00313665887496527
chr7	88068912	88070793	25	271	521.614	0	495.014	32.2779652869268	-0.903409252503533
chr7	88070794	100834614	141325	2896272	2973034.4678	2630312	2718357.644	0.0131363272967432	0.00354139609134931
chr7	100834615	100835023	5	0	103.481	48	97.802	-33.2159068707073	-33.1780004615417
chr7	100835024	116094459	164663	3403214	3478793.4179	3021023	3145227.5312	0.0298121620506781	0.00959135123735683
chr7	116094460	116226844	124	1480	2618.088	2306	2376.6014	-0.776034892354968	-0.781635926977732
chr7	116226845	125149592	100220	2166656	2176203.0979	1833705	1849568.9247	0.00945849018913902	0.0349373975111435
chr7	125149593	125153717	53	400	1126.171	1	997.879	8.47274101243826	-1.45207351282785
chr7	125153718	126637197	18918	402929	411125.4191	343624	348652.7713	-0.0047187054978647	0.0122275580203819
chr7	126637198	126637509	4	4	82.2164	67	72.5055	-4.24405087506421	-4.32007380675401
chr7	126637510	145277814	217767	4549938	4655214.9209	4012327	4088245.7683	-0.0025840717156045	0.00827959861826026
chr7	145277815	145442654	138	3158	2924.7578	968	2628.9648	1.55548396214882	0.151974498995458
chr7	145442655	145495232	57	269	1196.4484	254	1103.2179	-0.0308886544486663	-2.1117996123126
chr7	145495233	145677524	58	1242	1221.9865	243	1124.5315	2.23710675916819	0.0647173140840072
chr7	145677525	145729228	580	10508	12257.6117	9396	11078.3591	0.0188098654016349	-0.180909315453472
chr8	510	4283987	38851	772829	813492.6393	735682	756099.9561	-0.0311113048362954	-0.0326995730218802
chr8	4283988	4290397	22	576	463.2132	142	426.7484	1.90526133808948	0.355672933303076
chr8	4290398	4322821	195	4431	4073.589	105	3799.985	5.3022384618481	0.162612385671709
chr8	4322822	4324198	5	194	104.056	66	97.0958	1.45901344228319	0.939976984737154
chr8	4324199	4328222	26	544	539.008	22	513.183	4.56057199134796	0.0545804532182131
chr8	4328223	4329114	5	151	104.627	70	96.5277	0.99625550832957	0.570573836070397
chr8	4329115	4377022	71	1578	1488.28	161	1392.451	3.20031927343613	0.12573171703893
chr8	4377023	4420836	14	160	295.6001	1	268.9357	7.18891665589132	-0.84429436482938
chr8	4420837	8266195	41091	835390	864228.6064	762224	789426.6764	0.00500120345068056	-0.00768262428046856
chr8	8266196	8266712	6	0	123.782	60	112.26	-33.2159068707073	-33.1780004615417
chr8	8266713	17143184	87977	1816457	1854092.5931	1662261	1688871.51	-0.00329935476307993	0.0116944077688606
chr8	17143185	17153644	39	289	820.646	617	747.104	-1.22627785660591	-1.46441004399429
chr8	17153645	17285329	1280	23531	26853.564	23031	24801.7347	-0.0803128885263914	-0.149270455372105
chr8	17285330	17291054	71	803	1491.64	1449	1378.2	-0.962325751408031	-0.852147009773783
chr8	17291055	18117108	6185	124872	129617.6104	116087	120327.1169	0.00131773779918377	-0.012531236482565
chr8	18117109	18135974	139	1340	2927.7114	2675	2700.0808	-1.11070257843169	-1.08625985821881
chr8	18135975	21358508	26295	536031	550589.9932	507059	511360.1037	-0.0231018928560219	0.00261853555934457
chr8	21358509	21367421	36	328	766.933	538	680.246	-0.883580259575653	-1.18412424550268
chr8	21367422	22904291	18969	410717	410379.8945	351942	351078.6334	0.00101519396350698	0.0424650990942501
chr8	22904292	22908851	56	602	1201.55	1092	1053.97	-1.0448262673356	-0.955780804747909
chr8	22908852	37996372	170902	3588380	3611603.6064	3209458	3255977.0502	0.0148280456639363	0.0319736057368545
chr8	37996373	37998354	26	0	542.138	245	509.638	-33.2159068707073	-33.1780004615417
chr8	37998355	39892895	14160	287040	299764.1463	259648	270135.7379	-0.00207456195669415	-0.0212955552417635
chr8	39892896	39893252	2	55	44.5592	248	35.6627	-2.49076991657331	0.344988774808379
chr8	39893253	41412899	9969	195476	210081.7777	177150	191055.67	0.0084361451184037	-0.0626790535930919
chr8	41412900	41416849	32	7	671.902	225	619.335	-5.12058303272533	-6.54347159117192
chr8	41416850	114742712	804601	16693238	17064291.1158	14883415	15275213.2781	0.00914435013293084	0.00956382667870399
chr8	114742713	114821345	996	18127	21197.653	17255	18770.901	-0.100906853102726	-0.184483870936285
chr8	114821346	118029185	38196	813632	824141.8929	687322	710232.2767	0.0321625383432073	0.0227641604433586
chr8	118029186	118100845	885	8410	18510.68	15218	17060.6307	-0.969913896618945	-1.09689970113441
chr8	118100846	126540157	96353	1977046	2050743.5525	1775480	1816294.003	-0.0166379347561484	-0.0115201664856829
chr8	126540158	127105241	3475	63231	74041.3557	59612	65360.6881	-0.0915048022203131	-0.18641878779578
chr8	127105242	130340210	40917	863289	885331.7882	753703	757412.8689	-0.0259167403996512	0.00490587033911984
chr8	130340211	130366441	343	7703	7321.336	5933	6410.805	0.188431310976011	0.114593976746971
chr8	130366442	131802007	14031	282830	300832.3996	247002	262566.3649	0.00250867422666269	-0.04774430985802
chr8	131802008	131986580	2092	22281	44282.6696	39526	39684.3661	-0.981785338021215	-0.949647726476566
chr8	131986581	133306290	14908	313743	315095.8512	278836	283653.1603	0.0218776912821829	0.0350729997407212
chr9	501	3392580	30721	616981	646271.4004	559737	589255.1008	0.0106032165637631	-0.0256335995220271
chr9	3392581	3396655	53	1154	1111.29	475	1026.39	1.16936155429195	0.0956883628036699
chr9	3396656	14378243	82687	1665699	1762337.1017	1487884	1564896.9447	-0.00518251194144416	-0.0400817012318191
chr9	14378244	14522971	1833	34529	39512.7431	32363	34089.0545	-0.116172139792527	-0.153228966092756
chr9	14522972	17802238	31677	663842	688228.024	571859	583605.7309	-0.0193380749345287	-0.0107662421491486
chr9	17802239	17841145	463	10848	10119.8	7430	8424.47	0.284846099316658	0.141528793062633
chr9	17841146	21436752	41261	857576	873757.3653	766731	782808.5212	0.0063448469944432	0.0143123071063732
chr9	21436753	21887456	62	1389	1298.325	340	1192.246	1.91084440040413	0.138675519166843
chr9	21887457	63540567	455763	9328150	9598599.9968	8554642	8755661.0418	-0.00435030771736296	4.74782760045214e-05
chr9	63540568	63540874	4	0	83.7869	48	79.4699	-33.2159068707073	-33.1780004615417
chr9	63540875	63804622	3319	68495	70252.093	63321	63187.0563	-0.0362234346228266	0.0047379577382045
chr9	63804623	63810429	43	6	918.197	92	810.647	-4.11495527138365	-7.21641689802351
chr9	63810430	89159314	294082	6117032	6204225.9747	5524048	5624260.471	0.00889222171620751	0.020861076548661
chr9	89159315	89161928	26	3	545.185	229	502.643	-6.36807897066501	-7.46435904446401
chr9	89161929	101201615	136408	2888450	2914987.2224	2527948	2562315.5814	0.00966142518068243	0.0280864493478871
chr9	101201616	101204025	8	0	167.715	76	154.845	-33.2159068707073	-33.1780004615417
chr9	101204026	101222511	119	2490	2491.04	2200	2302.16	0.0682562129685817	0.0406780418567445
chr9	101227037	101246227	202	2453	4246.545	3691	3891.504	-0.71205212346383	-0.750461816591429
chr9	101246228	104609892	33218	670456	696024.8027	623710	644463.013	-0.00339981155326376	-0.0127155741247645
chr9	104609893	104610793	12	2	249.916	138	230.147	-6.2240379989986	-6.92401895231329
chr9	104610794	110768113	62734	1271227	1317269.3754	1190009	1212386.8167	-0.02107706491346	-0.0100482406526521
chr9	110768114	110936352	2197	48222	46551.6	41464	41934.8	0.0705234877497113	0.0921412204750956
chr9	110936353	110937823	19	264	397.981	66	257.297	1.37410915672221	-0.550881139615459
chr9	110937824	113316108	28641	594876	605646.3534	537999	544457.9522	-0.00529542953031947	0.0153938352447322
chr9	113316109	113330961	197	4437	4158.72	3231	3765.37	0.317629963503065	0.134725486732621
chr9	113330962	113862020	5139	108790	109724.9554	96140	96416.8457	-0.00482322685085072	0.0289347535402615
chr9	113862021	114332608	1754	32784	37455.8273	26863	32915.7232	0.104332245140384	-0.150917810692214
chr9	114332609	120073448	66523	1372151	1409805.2098	1238185	1261189.8063	-0.00912398286626221	0.00222389896461848
chr9	120073449	120073973	7	83	145.667	2	135.889	5.27816809629813	-0.770210351205258
chr9	120073974	120358573	2901	56277	60792.5659	51914	55933.9014	-0.000376100924611143	-0.0700690012760024
chr9	120358574	120360898	31	317	644.009	664	600.31	-1.1646994722681	-0.981317522096516
chr9	120360899	121315350	8642	171243	180830.8289	160012	168147.2117	-0.00367681028532715	-0.0373151533595385
chr9	121315351	121319284	52	533	1095.16	0	1014.67	32.1837208059555	-0.997653733456066
chr9	121319285	121416511	1055	21064	22096.613	19614	20579.834	0.00367581877013088	-0.0277653342530102
chr9	121416512	121417575	7	80	146.724	0	133.533	32.3476220567173	-0.833752482726164
chr9	121417576	122094282	5960	118360	125197.8746	108122	115059.0698	0.0120602171750712	-0.0397479816873106
chr10	1186	476756	861	10506	18349.3884	9184	16257.8338	0.0227960878367625	-0.763238000484675
chr10	476757	509437	70	662	1479.2636	1074	1328.4746	-0.849825307641253	-1.11869554914677
chr10	509438	8661645	84238	1764675	1792356.8459	1565263	1590102.2412	0.00363313682821618	0.0188250978168474
chr10	8661646	8663445	24	289	504.051	0	459.919	32.4201548064283	-0.761219733028115
chr10	8663446	18803219	119201	2541805	2565413.472	2193331	2222241.8457	0.00892835190865008	0.027942476477751
chr10	18803220	18806522	43	484	908.981	794	819.698	-0.859915542514613	-0.867962603659583
chr10	18806523	34024616	179516	3675374	3783829.8926	3333174	3439330.9418	0.00664922100020671	-0.000675680579788368
chr10	34024617	34035708	48	486	998.815	10	933.239	5.50828758461369	-0.997980686069267
chr10	34035709	36294229	23498	494016	501646.6454	426577	441993.1244	0.032478089639998	0.0191667527344947
chr10	36294230	36296131	23	994	514.883	423	411.764	0.913535331889057	0.990281702037256
chr10	36296132	57042140	238403	5038763	5087417.9101	4399750	4483194.1818	0.0166155064329225	0.027416477278467
chr10	57042141	57042590	6	0	127.141	72	111.823	-33.2159068707073	-33.1780004615417
chr10	57042591	66090772	101710	2129165	2173863.8211	1848980	1911502.4911	0.0213777275517508	0.0113066760740851
chr10	66090773	66091290	6	4	126.769	116	113.086	-5.01938857007817	-4.94477769087033
chr10	66091291	78139239	138472	2900591	2948649.1895	2558627	2610852.695	0.00881798729684995	0.0175731786324552
chr10	78139240	78149481	35	102	805.06	240	640.871	-1.56015349665342	-2.93924666861789
chr10	78149727	82795372	52666	1072990	1112623.7242	966072	1007625.7093	0.0118021528964124	-0.0110486551814719
chr10	82795373	82828106	432	10052	9571.262	6950	7729.048	0.227353336419193	0.111981997706441
chr10	82828107	100292775	208337	4357752	4464610.5054	3823545	3901721.5481	-0.00237617829533674	0.00633026290324332
chr10	100292776	100293243	6	80	127.951	9	108.485	2.917281325053	-0.636239030117465
chr10	100293244	101831105	19380	400029	412771.6728	364638	365812.8909	-0.0372242983630668	-0.00395888753102731
chr10	101831106	101831931	11	295	251.925	57	196.89	2.01945075042945	0.26900114563605
chr10	101831932	110999400	106630	2272194	2327948.2562	1916009	1955727.0196	-0.00199822075477061	0.00630751341842067
chr10	110999401	112626397	2082	29824	43942.0437	28502	39779.7478	-0.0747831542241117	-0.517847716959143
chr11	797	2430246	24224	485857	507138.7118	452100	471404.2141	0.00184816581310088	-0.0205681627708684
chr11	2430257	2438461	49	1820	1033.76	1041	953.288	0.692425215614851	0.857317652571285
chr11	2438462	3436920	9582	192640	200769.5512	179431	185818.579	-0.00579351833341276	-0.0183527014104425
chr11	3436921	3440307	35	395	739.848	728	677.842	-1.00499159084272	-0.864095762051124
chr11	3440308	8860853	56095	1136921	1174324.043	1068171	1093419.5626	-0.00962000119490596	-0.00541806247837623
chr11	8860854	8862446	20	2	416.974	150	388.531	-6.32737231718411	-7.66253310102125
chr11	8862447	10646262	20417	411469	428087.1502	387145	395148.2039	-0.0242268697958125	-0.0158403012778732
chr11	10646263	10648223	24	122	503.611	3	460.713	5.2207074049763	-2.00414815939875
chr11	10648224	12596824	23608	488524	494068.6732	453294	459196.3758	0.00575612511134461	0.0249983440140108
chr11	12596859	12598283	19	199	402.647	0	364.607	32.205907873455	-0.975466665961157
chr11	12598284	20079742	79996	1624559	1675938.0687	1502879	1552857.3315	0.00564980911109528	-0.00364021055556045
chr11	20079743	20084656	29	0	608.137	283	555.19	-33.2159068707073	-33.1780004615417
chr11	20084657	40874884	216479	4485946	4581195.8422	4062173	4131327.8137	-0.00258404845207629	0.0109685032777062
chr11	40874885	40878262	45	449	938.28	848	880.934	-1.00495931944154	-1.02202258111279
chr11	40878263	90419088	538976	11138416	11382197.8928	10066997	10309763.8059	0.00651688310197556	0.0100454005844947
chr11	90419089	90463331	477	5252	10142.9599	5363	9019.6356	-0.196136923634291	-0.908259409454825
chr12	322	5421312	36999	729379	787232.1283	658033	699383.4975	-0.0188225410719617	-0.0688399505116776
chr12	5421313	5422327	7	12	160.228	74	123.458	-2.99722274274494	-3.69773948194496
chr12	5423682	8204082	26178	529811	561143.0427	477555	489403.8161	-0.0441582510322069	-0.0416102946366404
chr12	8204083	8204382	4	0	84.9381	52	77.6114	-33.2159068707073	-33.1780004615417
chr12	8204383	9284479	7529	153637	161133.0989	137195	141390.1149	-0.021899741446265	-0.027446687511473
chr12	9284480	9285890	17	141	355.843	0	330.291	31.8871093335323	-1.29426520581169
chr12	9285891	10010008	8676	173653	186170.716	154669	161971.4619	-0.0304891723257197	-0.0591383376991725
chr12	10010009	10018610	108	3201	2305.77	1931	2035.86	0.552938334026485	0.514554552634232
chr12	10018611	10461596	5123	96081	110051.3976	86654	95420.6935	-0.0534444920642919	-0.154573907745718
chr12	10461597	14848416	46844	957870	1008282.5054	845550	871830.1901	-0.0264669689079352	-0.0327176541921695
chr12	14848417	14848866	6	0	129.339	66	112.985	-33.2159068707073	-33.1780004615417
chr12	14848867	15883456	12933	258971	276262.26	233654	243172.5862	-0.0322669983833953	-0.0519674509489983
chr12	15883457	16157094	3384	75736	74231.0658	60723	61687.906	0.0550748287064028	0.0702366316904251
chr12	16157095	22597119	46935	945697	1013639.2636	820366	872271.8739	-0.00821013992559519	-0.058813901150126
chr12	22597120	22597729	8	108	169.435	2	154.462	5.62478160469193	-0.608420121421996
chr12	22597730	24704281	26458	556805	572623.9025	483901	489294.457	-0.0210506295140962	0.000864761190546064
chr12	24704282	24759847	672	15290	14597.3488	11603	12380.4678	0.163824077515638	0.108162526461174
chr12	24759848	34956111	110434	2251280	2356602.8155	2047207	2074162.6804	-0.0437169798756048	-0.0246826368853382
chr12	34956112	35154411	27	296	567.208	25	516.643	3.43426109372207	-0.897000217279367
chr12	35154412	36537502	4546	90607	98017.8799	79435	84758.809	-0.0164598516706711	-0.0721419420271213
chr12	36537503	36537919	5	142	109.151	4	90.6992	4.88595757741794	0.420846069359593
chr12	36537920	38868466	28447	601073	617784.0344	517301	524212.3788	-0.0170408515267268	0.0017181162165022
chr12	38868467	38886056	224	4409	4968.392	2770	3961.9848	0.347383919239569	-0.131047040459939
chr12	38886057	49092886	121538	2538330	2639570.3139	2207576	2241934.2513	-0.0307685150537248	-0.0151429686632752
chr12	49092887	49306108	135	2148	2853.087	825	2573.264	1.23497778223466	-0.368249259257065
chr12	49306109	50369967	13061	278335	286217.3942	236824	238610.1385	-0.0260748857546811	0.000991472029970665
chr12	50369968	50390819	269	6346	5939.14	4048	4863.44	0.363735387925424	0.136873967858098
chr12	50390820	52716696	27918	588468	603715.6435	513021	517310.1943	-0.0215194010359403	0.00437526850457922
chr13	0	20796658	170884	3401747	3575872.1426	3246016	3325001.3447	-0.0339604152814778	-0.0307388189151375
chr13	20796659	20809789	174	1803	3640.41	3183	3410.1	-0.910900578155618	-0.97242105824381
chr13	20809790	25937648	51769	1028953	1085894.8007	959884	1003002.3289	-0.0109402003007825	-0.0364267720044255
chr13	25937649	25966678	362	8229	7657.09	6392	6862.87	0.209839604873486	0.145201395797426
chr13	25966679	28273732	21964	442859	463103.7887	395839	419979.0975	0.0242897220398135	-0.0232076341164051
chr13	28273733	28278308	59	605	1242.25	0	1139.48	32.1847065326518	-0.996668006759988
chr13	28278309	30937553	24651	493715	515901.4199	470405	481010.8618	-0.0278767841745417	-0.0221364521376022
chr13	30937554	30938078	7	80	146.459	2	139.488	5.25494632643078	-0.831144457773281
chr13	30938079	33448633	23336	482912	488317.567	461745	455570.0195	-0.0321088180801247	0.0252211221206735
chr13	33449365	33818936	169	1249	3515.1279	1734	3270.8404	-0.573872161942922	-1.4515232188782
chr13	33818937	33889900	459	9959	9617.9	9162	8864.53	0.00603461628363722	0.0915594474057152
chr13	33889901	33900640	92	546	1928.351	0	1775.873	31.4022602073159	-1.77911433188263
chr13	33900641	33909395	94	2103	1965.888	1691	1833.6707	0.217499712849783	0.138548206319487
chr13	33909396	33936617	231	1854	4855.876	21	4472.063	6.3486910842228	-1.34780984962604
chr13	33936618	33942282	3	39	63.197	20	58.0565	0.844449727513326	-0.655101462876818
chr13	33942283	33955505	101	1065	2125.63	10	1957.76	6.61939709276296	-0.955756576436586
chr13	33955506	33962089	2	36	44.8088	17	37.4081	0.825404838768132	-0.274504696913352
chr13	33962090	34029634	360	3397	7593.19	15	6920.305	7.69265843398693	-1.11916440247316
chr13	34029635	41811314	87949	1794777	1861291.0848	1643964	1676853.4223	-0.0205471366058024	-0.0112186055269749
chr13	41811315	41812762	18	249	378.818	0	344.369	32.6172958854812	-0.564078654007359
chr13	41812763	41947674	1519	31522	32054.0622	28352	28884.7849	0.00608519316499522	0.0171323602683728
chr13	41947675	41949672	26	258	550.445	1	500.509	7.87739885465856	-1.05194686483141
chr13	41949673	69883462	317330	6485734	6709551.2564	5876994	6068712.6316	0.000739735128836154	-0.00766593720793489
chr13	69883463	69884287	11	121	227.971	6	211.554	4.22945046160683	-0.872562776930385
chr13	69884288	76101517	73507	1516851	1559226.827	1351312	1394180.1678	0.00867883538077884	0.00152904639651173
chr13	76101518	76103317	24	564	500.996	0	460.485	33.3935511048128	0.212176565232936
chr13	76103318	113972739	440039	9153830	9328694.3109	8187833	8349446.7449	0.00427333566161556	0.0139808180681919
chr13	113972740	114025099	503	9117	10660.523	9319	9580.1385	-0.182401696688444	-0.184366649545766
chr14	322	726156	293	2675	6191.7292	2715	5610.1891	-0.160332204084453	-1.16952299631424
chr14	726157	748737	90	1224	1912.947	2377	1721.73	-1.10610225142879	-0.602912857423603
chr14	748738	1434490	4535	74661	95114.6871	71846	87976.8817	-0.0537225922362145	-0.308032811958965
chr14	1434491	3978561	24960	525819	531010.4663	463453	471206.1575	0.0131354075197613	0.0271064638160535
chr14	3978562	3982048	46	395	974.2694	770	856.8395	-1.14492747897521	-1.26118761316135
chr14	3982049	4547890	7049	141992	150084.8766	129356	132570.8482	-0.0411782887161932	-0.0386884738494137
chr14	4547891	4548839	12	129	253.806	4	228.613	4.86378259455222	-0.935074621777307
chr14	4548840	5253610	8039	162990	171664.8807	146121	151299.4614	-0.021194071457312	-0.0335309818187194
chr14	5253611	5258383	61	642	1308.73	1193	1135.85	-1.09496992674671	-0.986241799985757
chr14	5258384	5264636	65	1349	1393.8	1114	1211.99	0.0778694291114489	-0.00585272421333816
chr14	5264637	5266575	25	229	528.721	2	468.892	6.66932686764513	-1.16587854353884
chr14	5266576	12347488	73653	1520217	1565293.5759	1365130	1390762.1609	-0.0119445373279153	-0.000875504532810017
chr14	12347489	12355422	56	5	1174.16	544	1065.74	-6.90193414732412	-7.83420468304098
chr14	12355423	16030441	38147	785845	804119.9353	717315	729770.0186	-0.00495675355990229	0.00811457410289387
chr14	16037007	16101990	60	442	1274.625	744	1141.915	-0.906499770376425	-1.48667410012342
chr14	16101991	39839597	261592	5331111	5507856.3092	4886740	5027108.4752	-0.00282415110855777	-0.00577421396371749
chr14	39839598	39847025	18	187	377.628	0	350.301	32.2087275569142	-0.972646982502515
chr14	39847026	40544651	6361	129411	132975.9271	122283	124199.5245	-0.0133949664530753	0.00207564445172289
chr14	40544652	40545331	9	106	187.969	1	175.404	6.63148140443431	-0.785149998707593
chr14	40545332	61953314	219738	4455882	4620654.6407	4110007	4238578.128	-0.00457262788047882	-0.0111057474622407
chr14	61953315	61957549	36	376	757.608	634	692.871	-0.879240891543282	-0.969438415572457
chr14	61957550	62269526	3651	75541	76456.3742	70356	70951.3435	-0.00184628430336038	0.0239035848637188
chr14	62269527	62270651	15	158	313.336	0	288.564	32.2348690511698	-0.946505488252119
chr14	62270652	62365169	1093	20673	22903.1216	19572	21221.6368	-0.0276776575756272	-0.10651599428108
chr14	62365170	62379043	84	666	1765.118	10	1631.026	5.9468394744871	-1.36489006228199
chr14	62379044	62739018	3460	70426	72557.3952	64551	67072.1984	0.0156350020111345	-0.00173403276472732
chr14	62739019	62746444	39	422	816.079	0	755.703	32.2711892078547	-0.910185331574356
chr14	62746445	95519623	351030	7311429	7441076.8357	6537362	6681733.6767	0.00952995990604242	0.0159224761459204
chr14	95519624	95531139	23	381	489.949	137	433.201	1.30139417220731	-0.321560098121623
chr14	95531140	95550871	32	365	674.2095	27	609.094	3.61370716359937	-0.844020004277958
chr14	95550872	95572277	126	1097	2639.323	4	2448.897	7.99468597773038	-1.2253239048769
chr14	95572278	96681776	208	2847	4385.2187	2291	3978.0916	0.176266814025376	-0.581925814039681
chr14	96681777	97151454	106	1833	2232.86	1049	2026.2504	0.668485859259996	-0.243405523839593
chr14	97156312	100189511	30968	625415	649109.139	582734	601080.7388	-0.00555186636448491	-0.0123667595849848
chr14	100189512	100190486	13	75	272.491	208	248.073	-1.60369080728108	-1.81996559188188
chr14	100190487	101967556	9526	187827	200402.781	172712	182462.5857	-0.010891644158758	-0.0522175772386794
chr14	101967557	102100678	34	281	707.9838	31	663.655	3.09032118952965	-1.29186573097024
chr14	102111200	102173977	36	587	762.266	403	687.115	0.396211792823893	-0.335653536936526
chr14	102173978	102218126	51	529	1077.507	13	974.0491	5.20442742237464	-0.985077126702982
chr14	102218127	113736676	128084	2626557	2706525.9276	2373409	2445531.6029	0.00329213542382302	-0.00198882781286683
chr14	113736677	113740969	57	632	1198.4	0	1086.43	32.2995419616457	-0.881832577788787
chr14	113740970	114798297	12075	246183	254202.5098	222607	231685.6248	0.0147965181982253	-0.00496664605816715
chr14	114798298	114802065	44	412	929.7105	0	838.4145	32.0485178151468	-1.13285672423574
chr14	114802066	115493372	7489	149288	157187.557	137034	144580.6891	0.00632624608183668	-0.0331083265129563
chr15	0	6108443	55652	1146005	1180428.6113	1019603	1054561.0799	0.00931175700348632	-0.00141696839330475
chr15	6108444	6108968	7	0	146.029	72	135.187	-33.2159068707073	-33.1780004615417
chr15	6108969	6354759	2773	56639	58117.3249	53048	53736.5776	-0.0151923450548424	0.0041079831144828
chr15	6354760	6357043	29	661	607.355	275	569.133	1.1748185439592	0.163390738544982
chr15	6357044	21027877	165672	3414948	3496704.7801	3087155	3162543.2659	0.00404898880675198	0.00714810072162813
chr15	21027878	23324406	545	6808	11491.6267	5047	10409.2076	0.292456242674942	-0.713999603773536
chr15	23324433	29353834	61512	1271693	1304095.3704	1150990	1166853.4355	-0.013176809428666	0.00498153862886917
chr15	29353835	31950404	1694	25466	35650.4002	25927	32491.2224	-0.156377083587643	-0.444065414300016
chr15	31953379	33037253	8561	165055	181324.9214	151251	162739.8962	-0.026633007904191	-0.0943498933573078
chr15	33037254	33047595	132	2117	2819.22	2477	2487.54	-0.403774860557865	-0.371994307248306
chr15	33047596	38646005	49996	1053066	1065710.1302	923210	942293.5808	0.0156726187177405	0.024061263392449
chr15	38646006	38650660	28	685	586.157	30	536.323	4.38825864495222	0.266097338552195
chr15	38650661	38716547	276	10718	5845.8212	4121	5229.7935	1.22169170919768	0.915838599840692
chr15	38716548	38724709	60	316	1267.825	1	1146.615	8.16218009689339	-1.96307867019043
chr15	38724710	39671025	10453	211230	220243.9576	190654	199430.0379	0.00801231055327277	-0.0190072034057772
chr15	39671026	39693820	108	2956	2284.9125	960	2044.2144	1.46532163369586	0.412787838135692
chr15	39693821	61981245	248428	5197045	5265424.6601	4620979	4712820.9312	0.0129080713075297	0.02242214821271
chr15	61981246	61983081	24	2	513.874	197	445.813	-6.82365369804137	-7.96399032467865
chr15	61983082	86827848	271508	5455325	5688491.5879	5120076	5275185.7863	-0.013950239761353	-0.0191005102350341
chr15	86827849	86828523	9	0	189.929	86	169.426	-33.2159068707073	-33.1780004615417
chr15	86828524	95309337	94151	1917677	1975977.5551	1790089	1821283.5647	-0.0149084953112878	-0.00192632869721139
chr15	95309338	95310312	13	0	272.995	130	252.041	-33.2159068707073	-33.1780004615417
chr15	95310313	97728474	26918	540436	563518.5613	514148	525102.2591	-0.0265505764075031	-0.0190588635682177
chr15	97728475	97729435	11	0	230.212	97	214.589	-33.2159068707073	-33.1780004615417
chr15	97729436	105433378	87534	1777211	1841821.7942	1638791	1683752.6329	-0.00909609902612102	-0.0102380164707343
chr15	105433379	105437135	50	625	1058.67	0	947.386	32.4623301676841	-0.719044371779575
chr15	105437136	106498168	13291	276009	282513.9383	249120	250549.3262	-0.02197884984384	0.00767375105107654
chr15	106498169	106521936	311	3283	6677.4	0	5782.26	32.1983833115692	-0.98299122784537
chr15	106521937	109985517	28834	599037	612353.1371	530166	545455.5104	0.0126726916775435	0.00956172370525352
chr15	109985518	109994055	31	790	654.0516	358	597.4765	1.01474465524586	0.313728682192807
chr15	109994056	110183669	2231	44562	46778.3236	41735	43194.7521	-0.0170538248376691	-0.0287456889662056
chr15	110183670	110184119	6	131	124.932	3	118.385	5.37417781358122	0.10970424399728
chr15	110184120	111239624	9808	198552	205358.5355	186122	190947.9064	-0.00832343431160114	-0.00734753200411176
chr16	17697	17157021	183333	3812367	3895823.1717	3394443	3472948.9024	0.0051192148302587	0.0100392992616068
chr16	17157022	17161876	50	0	1042.81	544	975.632	-33.2159068707073	-33.1780004615417
chr16	17161877	30619840	132945	2729134	2821795.5216	2441772	2527954.7728	0.00524601972091886	-0.00688972846153341
chr16	30619841	31101747	131	2102	2773.0777	1293	2510.8737	0.561115892848923	-0.358444883584684
chr16	31101748	50787347	197920	4002510	4158442.8389	3701867	3819429.5992	-0.00666017948033744	-0.0138579064618461
chr16	50787348	50799248	47	775	990.928	1142	902.7274	-0.690410195715105	-0.313303438301068
chr16	50799249	57393129	67644	1369807	1418662.3044	1261810	1308794.1032	0.00555896591797614	-0.00927808858975172
chr16	57393130	57393729	8	84	166.186	10	158.358	3.0041543053777	-0.943057129710047
chr16	57393730	64896286	87566	1803636	1846722.1197	1646791	1674328.7524	-0.00675915001921241	0.00722190140253849
chr16	64920676	64933865	77	12050	1607.85	964	1506.85	3.55363325766471	2.94710890821565
chr16	64934998	64975245	52	5250	1094.2153	1002	1001.8263	2.26554474957923	2.30370127650577
chr16	64975262	64978895	25	2259	520.81	0	492.417	35.3395102429031	2.15813570322827
chr16	64978896	64984693	31	2499	651.385	551	606.856	2.08244447964397	1.98104898573889
chr16	64984694	78865173	150429	3086480	3179466.8705	2796318	2866983.6277	-0.00344312403062405	-0.00154194588444481
chr16	78865174	78866422	16	74	337.016	233	310.866	-1.76788295121413	-2.14593942184495
chr16	78866423	90665174	135065	2794218	2872352.9756	2520712	2560510.0279	-0.0138144745828386	0.00149202025944931
chr16	90665175	90668716	23	358	475.9346	624	432.1909	-0.937307008308204	-0.369523265877036
chr17	545	21080573	233337	4817525	4988569.887	4274460	4379941.3273	-0.0117906839517589	-0.00905364525037071
chr17	21080574	21081773	16	148	339.717	0	301.611	32.023918788027	-1.15745575134987
chr17	21081774	31374200	122916	2521632	2600257.8852	2276293	2336457.3869	-0.00328643133834925	-0.00301647661156812
chr17	31374201	31734355	3685	67482	77971.5763	56970	70203.2178	0.0962632619571089	-0.167165081161877
chr17	31734356	48019145	154489	3160143	3251546.8777	2864074	2963561.6698	0.011501009182231	0.000144107593209895
chr17	48019146	48283895	347	6201	7281.5482	6868	6719.1724	-0.25997675266679	-0.190463851321897
chr17	48283896	62287321	140676	2869327	2961256.5321	2619755	2699296.4906	0.00102854921606603	-0.00421659558044964
chr17	62287322	62288146	11	9	232.02	92	208.873	-3.501886031128	-4.64689986753572
chr17	62288147	85359656	255397	5208355	5387671.1988	4738292	4881285.2504	-0.00256599081360156	-0.00755353502957828
chr17	85359657	85383400	313	7039	6696.9563	4983	5724.3798	0.275343831025836	0.113145419515763
chr17	85383401	89385792	43862	896434	926484.7827	810497	835581.0053	-0.000222982594636648	-0.0062894245250316
chr17	89385793	89420092	122	737	2572.4641	410	2276.9742	0.673381787943287	-1.76213393147336
chr17	89420093	89463173	97	1693	2047.7473	557	1855.8996	1.46528779217905	-0.233175231389658
chr17	89464669	90843705	12726	257163	268272.0617	233513	243762.9191	0.00433615917120401	-0.0197332442005487
chr18	0	29846876	326499	6682205	6889619.9728	6085921	6248750.5647	-0.00263394010632321	-0.00281967640648254
chr18	29846877	29850264	45	527	940.605	0	871.358	32.3868689877123	-0.794505551738266
chr18	29850265	38376908	84118	1758587	1775826.0682	1582582	1607788.7702	0.0120981277329302	0.0272069114984003
chr18	38376909	38512969	412	6199	8639.2754	7312	8037.1981	-0.339074161115587	-0.437594323110205
chr18	38512970	41091250	23829	485357	500541.0655	444325	458942.3396	0.00562953281249228	-0.0031616491514113
chr18	41091251	41094317	40	411	840.992	740	766.537	-0.978749444272964	-0.991673195265914
chr18	41094318	76937454	401856	8304911	8493557.2792	7518925	7663739.5837	-0.00150799760637474	0.00887628387168388
chr18	76937455	76939329	25	6	537.654	201	468.162	-5.26238531364834	-6.4442912331973
chr18	76939330	77216193	2359	49819	51113.3663	43115	43671.9263	-0.0151141807889675	0.00427594099789026
chr18	77216194	77217318	15	0	330.47	125	271.915	-33.2159068707073	-33.1780004615417
chr18	77217319	84407142	78095	1612039	1656297.9011	1449518	1484124.7228	-0.00166236382377068	0.00220495608869055
chr18	84407143	84410543	41	581	858.499	276	805.826	0.985895875537658	-0.521997802568067
chr18	84410544	86399797	22318	448251	467218.7361	415116	434028.3112	0.00785736210192021	-0.0185108403126221
chr18	86399798	86403308	41	0	860.72	377	794.441	-33.2159068707073	-33.1780004615417
chr18	86403309	88201446	12505	244452	261950.0575	227801	243452.2197	-0.000501917248334945	-0.0584600823048284
chr19	0	11438928	123788	2555140	2611211.4	2344729	2376657.9296	-0.0084297576766031	0.0099635673205698
chr19	11438929	11441070	27	3	567.4	211	515.204	-6.27198495515176	-7.52197932504773
chr19	11441071	25563482	157240	3267640	3349542.9793	2904423	2963857.335	-0.0031167142442654	0.00556527240855162
chr19	25563483	25564778	17	8	373.884	199	305.684	-4.92380023081829	-5.5051664294945
chr19	25564779	26332209	8822	193646	192223.5079	158771	161665.6926	0.0400771285599683	0.0519174077447525
chr19	26332210	26378541	99	46	2075.0055	208	1904.2185	-2.29741981446686	-5.45405699523076
chr19	26378542	53500322	287699	5933752	6119819.7046	5320663	5435217.6062	-0.010438673766871	-0.00326403204590551
chr19	53500323	53636308	240	5765	5247.18	3805	4357.21	0.334660598049103	0.177058814097293
chr19	53636309	62275498	100711	2120629	2178772.1479	1842046	1866028.7072	-0.0169869137552058	0.00225740380610204
chr20	747	4008	7	535	145.393	15	136.006	5.06359104908404	1.92086156704413
chr20	44062	198321	374	4136	8005.7	3868	6990.1721	-0.0956771097006637	-0.911510880929874
chr20	198322	200024	22	17	464.436	457	415.906	-4.90443573819681	-4.73059266194486
chr20	200025	266446	743	12745	15707.2854	12409	14206.0961	-0.103005126247386	-0.260222008600082
chr20	266447	266821	5	0	104.774	85	97.1502	-33.2159068707073	-33.1780004615417
chr20	266822	452023	1726	34478	36251.679	32096	33396.533	-0.0116928194168615	-0.031091238758038
chr20	452024	661034	1243	26601	26013.6082	20047	24155.2629	0.304539237130991	0.0734944476318806
chr20	661035	662961	22	563	460.7085	175	435.6731	1.60854590131848	0.330561194069239
chr20	662962	784759	944	19086	19869.0145	17850	18174.7369	-0.0286210556473072	-0.0167250517212581
chr20	784760	795523	125	4439	2612.32	2352	2434.3	0.817896068705663	0.806183563308853
chr20	795524	814764	154	2217	3239.2804	2050	2984.5089	-0.00182086215427615	-0.505784098986675
chr20	814765	1161878	1125	21931	23558.0441	22281	21872.1802	-0.126591039724509	-0.0619676804234184
chr20	1161879	1172808	78	3130	1628.54	11	1531.44	8.0671990707624	0.983863989097011
chr20	1172809	1284340	717	13963	15025.619	12782	13906.698	0.0192249104746508	-0.0645349953900259
chr20	1284341	1286238	16	0	343.642	202	305.0302	-33.2159068707073	-33.1780004615417
chr20	1286239	1603096	1578	29434	33127.1253	27365	30531.7819	-0.00917538862968995	-0.129248913506522
chr20	1603097	1606134	38	1291	791.372	750	740.6	0.691239106178407	0.747341561584306
chr20	1606135	2878790	10442	212357	221402.1529	187102	198029.7365	0.0250885969406232	-0.0188970978336775
chr20	2878791	2883504	12	192	256.495	4	226.672	5.4100120588757	-0.376543904376779
chr20	2883505	3160216	761	15982	16453.3513	11413	13917.5778	0.247670650858293	-0.000653022124217174
chr20	3160217	3240952	313	7470	6767.41	5151	5800.03	0.317086347389166	0.183784934356387
chr20	3240953	3249767	34	34	728.517	367	629.672	-3.63916145435664	-4.38007549618307
chr20	3249768	3250994	4	66	88.7278	113	72.4736	-1.06434140261699	-0.385639685408437
chr20	3250995	3266018	55	29	1184.21	476	1026.88	-4.23912002943759	-5.31044773799951
chr20	3266019	3514792	2909	63029	63105.4992	50365	53608.1044	0.0916537279758829	0.0395305296027799
chr20	3514793	4034151	4657	89551	101914.243	73838	85025.2992	0.0203285382991689	-0.145293753857639
chr20	4034152	4044844	122	2122	2608.15	1041	2284.43	0.839636057119987	-0.256321700512996
chr20	4044845	4046353	20	247	442.586	4	339.599	5.56961569203057	-0.800166286740744
chr20	4046354	4047928	21	398	468.821	243	380.872	0.415455232164714	-0.194988275886348
chr20	4047929	4065740	214	2179	4537.89	13	4046.21	7.22693435654246	-1.01707495392847
chr20	4065741	4071972	82	1164	1768.568	740	1520.956	0.439264687504168	-0.562210144757903
chr20	4071973	4073472	20	237	428.397	25	373.747	3.05137475710758	-0.812780830430097
chr20	4073473	4277401	2227	43234	47765.4814	37970	41776.5277	-0.00259541905231727	-0.102521597030132
chr20	4277402	4281483	28	248	611.302	4	518.757	5.72074398156995	-1.26026467888381
chr20	4281484	19838655	167098	3456636	3606496.2233	3018800	3109097.7003	-0.0153343725048127	-0.0199487365124149
chr20	19838656	19842137	46	513	977.633	800	862.08	-0.819138324135636	-0.889053670707642
chr20	19842138	35572760	176575	3631573	3749949.8202	3261717	3347833.5157	-0.00530645892889182	-0.00499622223398837
chr20	35572761	35576420	46	532	966.082	995	899.903	-1.00227234766729	-0.819438915339608
chr20	35576421	36681139	12320	251684	257789.879	231968	239324.3182	0.0138331593343346	0.00669836854489667
chr20	36681188	36683744	14	162	293.412	3	272.178	5.64988415080435	-0.815653575033679
chr20	36683745	36982749	3108	59700	65050.2962	56643	60427.7963	-0.027135963467329	-0.0825442071459966
chr20	36982750	36984699	26	0	551.792	69	498.721	-33.2159068707073	-33.1780004615417
chr20	36984700	36997999	170	3280	3560.395	3187	3307.565	-0.061396924217148	-0.0770610042892185
chr20	36998000	36999009	13	25	276.66	231	247.162	-3.36717589103551	-3.42683358265516
chr20	36999010	56205872	215358	4335773	4546089.8023	3988598	4125740.7604	-0.0161914313666725	-0.0270564694154658
chrX	598	38341651	351610	7139310	7393816.126	6559042	6764135.6607	-0.00273995920877863	-0.00925403124760803
chrX	38341652	38346652	53	2686	1120.1924	907	1018.522	1.43238952430735	1.30299324676125
chrX	38346653	39068881	7520	151951	157712.0902	139914	145066.6575	0.00186262303666324	-0.0124066044402488
chrX	39068882	39070083	16	255	337.371	0	305.623	32.8188163074764	-0.36255823204073
chrX	39070084	39097245	328	6797	6854.146	6297	6396.4304	0.0138976280992311	0.0292016872951788
chrX	39097246	39103001	23	248	483.092	1	450.222	7.85590891714569	-0.920677353723324
chrX	39103002	39642854	4725	95360	98931.0568	89686	91921.6125	-0.0141438658779239	-0.0117587649206803
chrX	39642855	39644939	27	294	562.701	0	528.246	32.2861026548288	-0.895271884603075
chrX	39644940	53556030	133178	2702782	2790358.6917	2549144	2590726.2802	-0.0192876327995083	-0.00472494813790578
chrX	53556031	53565428	43	420	899.824	867	826.41	-1.16505372234038	-1.05797303129032
chrX	53565429	55847398	21428	430161	449317.0331	401175	415183.1851	-0.00996663370141172	-0.0215765357720193
chrX	55847399	55850717	42	1828	879.734	868	820.756	0.97775922167214	1.09640728222135
chrX	55850718	63559811	77755	1562693	1629731.4415	1478344	1512496.5548	-0.0242759451817519	-0.0193193787594996
chrX	63559812	63594005	266	6165	5956.09	7525	4621.62	-0.650183519941209	0.0910158280496865
chrX	63594006	106141502	401795	8023630	8431325.381	7496116	7789854.1793	-0.0126772352827981	-0.0302238698300588
chrX	106167519	106186533	148	2767	3219.4458	3251	2731.715	-0.466192220949102	-0.17720923067955
chrX	106186534	112384477	61050	1221632	1282056.345	1127478	1177966.4939	-0.00307661106704221	-0.0283694223938183
chrX	112384478	112394903	80	1574	1797.162	1968	1336.1969	-0.746508446939879	-0.150004433962921
chrX	112394904	149661786	366511	7406224	7687721.8834	6887213	7094967.8104	-0.00756803959855443	-0.0125374733539279
chrX	149661787	150631024	287	4085	6030.3682	834	5579.3542	2.18344291688158	-0.520629526441136
chrX	150631025	159969947	80303	1629763	1690329.6512	1496753	1545796.6742	-0.00275396422597961	-0.0113619603910753
