chrom	start	end	binNum	tumor	tumor_expect	normal	normal_expect	log2.copyRatio	log2.TumorExpectRatio
chr1	987	31272479	310258	6926628	7211459.7907	5761036	5950291.1156	-0.00831403020856351	-0.0170078755902789
chr1	31272480	31385444	126	1218	2922.023	10	2424.836	6.66248205355684	-1.22132314224241
chr1	31385445	31518469	1296	30099	30182.668	24746	24963.826	0.0118310584223373	0.037125475769566
chr1	31518470	31522345	50	598	1162.17	1037	972.363	-1.04826059731288	-0.917473470847964
chr1	31522346	38433761	75418	1743049	1756336.7088	1406220	1427083.6356	0.0134833675706404	0.0301739332323203
chr1	38433762	38515330	24	399	572.8507	25	444.532	3.63370896003539	-0.480640178762183
chr1	38515331	61509137	224250	5060869	5223368.2555	4129725	4263107.8216	0.0034566635549829	-0.0044650303494389
chr1	61509138	61511611	30	339	696.938	1	580.317	8.14414437624403	-0.998614786994548
chr1	61511612	62958059	12580	280386	293024.5573	238585	244028.6729	-0.0278678085976502	-0.0224770025967497
chr1	62958060	62995084	43	718	995.124	90	827.476	2.73302022074321	-0.429762205176828
chr1	62995085	63000821	19	460	441.731	1	372.857	8.60413646533923	0.0995960374451263
chr1	63000822	63010649	3	68	70.5691	47	59.2332	0.283435530156437	-0.0123716060664204
chr1	63010650	63097769	173	1802	4022.1736	78	3388.57	4.28587441777042	-1.11724608112336
chr1	63097770	63104322	60	1354	1399.01	901	1172.217	0.335654241444063	-0.00604827755462067
chr1	63104323	63132023	146	1444	3399.262	0	2831.219	31.987322251776	-1.19402056193937
chr1	63132024	65094497	9675	205461	225473.3487	168550	183627.5978	-0.0072939460600328	-0.0929620846418242
chr1	65094498	65111385	90	928	2097.398	5	1745.479	7.27426732137241	-1.1352736827082
chr1	65111386	65187901	407	8913	9474.4812	7758	7861.6842	-0.0657900809411574	-0.0470055826784077
chr1	65187902	65197843	27	426	630.305	7	535.061	5.69420007964467	-0.524066418353281
chr1	65197844	65254277	98	1874	2278.361	1271	1920.2246	0.316627756055853	-0.240745144845187
chr1	65254278	65292422	225	2619	5243.19	137	4388.19	4.00314154665539	-0.960298508279137
chr1	65292423	65370926	327	7345	7617.0277	5835	6356.4019	0.0742041616919361	-0.0113353930942815
chr1	65370927	65420838	19	155	440.801	3	372.45	5.45127327543534	-1.46672902271745
chr1	65420839	65731111	2693	64239	62888.7169	48898	50475.3833	0.0796448602285056	0.0717784921022353
chr1	65731112	70886171	28260	608520	657662.1494	519062	543526.1825	-0.0424071768388021	-0.0709117022863131
chr1	70904589	71083403	46	450	1065.1	51	882.03	2.87245871303731	-1.20186172333861
chr1	71083404	71804812	6715	144374	156308.9858	118000	126954.5216	-0.0058727211813749	-0.0734595053973036
chr1	71804813	71808502	9	1	210.462	87	172.249	-6.72881552089164	-7.67628567200326
chr1	71808503	73406293	14895	333977	348761.8566	268745	280675.6288	0.00336449712272059	-0.0213632536707635
chr1	73406294	73424261	123	2	2861.834	1008	2362.042	-9.25099308584067	-10.4415938113537
chr1	73424262	73424973	6	115	138.429	183	115.306	-0.93069628768418	-0.226382090600897
chr1	73424974	73439407	140	6	3257.557	1210	2714.773	-7.91559552659429	-9.04348187040124
chr1	73439408	81444160	64897	1472323	1525053.0794	1177980	1218498.0736	0.00121579840327921	-0.00963499185296918
chr1	81444161	81446562	31	2	723.249	349	581.894	-7.75762712490109	-8.45721830283801
chr1	81446563	82099175	5159	116605	123575.4485	89854	93492.5897	-0.023301075640975	-0.0426322318656965
chr1	82099176	82560990	5841	143318	138764.7088	106203	106779.3983	0.0575800417397704	0.0877093717906741
chr1	82560991	82600079	490	10519	11642.7443	8661	8978.9151	-0.0912339414722887	-0.105303336443236
chr1	82600080	82600920	11	3	258.673	113	202.987	-5.58176647153032	-6.38889289341188
chr1	82600921	96094217	125587	2858301	2947832.6236	2311864	2353367.7501	-0.0156343864944488	-0.00336650218442754
chr1	96094218	96204580	28	250	649.035	50	534.627	2.04535663646482	-1.33523792596138
chr1	96229688	101678032	49412	1153191	1160806.143	915147	925898.7554	0.0105474918119598	0.0316346816030268
chr1	101678033	101701301	304	7974	7334.06	4724	5431	0.3250925583761	0.161821794850844
chr1	101701302	116496957	149029	3356611	3474323.0169	2761021	2851786.2684	0.000129583576693158	-0.00859628130301483
chr1	116496958	116502790	66	744	1537.12	1202	1255.38	-0.980975913937737	-1.00572501292668
chr1	116502791	148469223	301269	6779086	7018257.0815	5533048	5735775.4062	0.00508419581112918	-0.00889176381850076
chr1	148469224	148620601	8	91	197.945	228	134.879	-1.87533713095703	-1.08003091709504
chr1	148620602	148626298	59	249	1441.9115	179	961.1792	-0.105727007784652	-2.49263471278357
chr1	148626299	148629153	36	192	898.5093	489	612.7963	-1.89766188045929	-2.18529686659327
chr1	148629154	148651923	164	2202	3954.7718	2046	2879.8122	-0.348419270047114	-0.803649722728204
chr1	148651924	148654008	26	317	647.134	895	423.232	-2.10682848376792	-0.988451378632161
chr1	148654009	154086564	49963	1124525	1162213.8335	937239	968575.465	0.00307979659059074	-0.0064295386320073
chr1	154086565	154087852	8	5	184.014	143	151.727	-5.11308880833251	-5.1606133637794
chr1	154087853	164327988	108999	2511955	2540645.9412	2050222	2088191.1653	0.0132810604433101	0.0247455392579376
chr1	164327989	164329321	17	232	392.487	1	324.918	7.58860387108726	-0.717389805906252
chr1	164329322	167755696	41690	977310	977426.2717	770256	782791.8819	0.0263112734023764	0.040958629437195
chr1	167755697	167756296	8	2	188.26	82	157.924	-5.60785593766034	-6.51545241806342
chr1	167756297	179796274	120964	2780226	2818714.7263	2250598	2304614.0354	0.017573580091269	0.0212949459095226
chr1	179796283	180466173	174	249	4065.743	69	3323.984	1.56406400570573	-3.98817111581385
chr1	180466174	181660015	957	12218	22283.7193	13462	18533.1482	-0.4025745702385	-0.825851644137208
chr1	181660016	181794422	94	1467	2166.7787	70	1758.7117	4.09152945034557	-0.52155268451848
chr1	181794423	182074688	131	1879	3044.5654	1994	2559.8749	-0.332671215227529	-0.655140978489454
chr1	182074693	182893066	798	14243	18533.775	11717	15530.4886	0.029788400258853	-0.338773451367812
chr1	182893067	182912785	30	75	696.815	0	584.902	30.0066598924854	-3.1746829202292
chr1	182912786	183115484	80	1098	1859.218	597	1540.248	0.610734061789589	-0.718687628592793
chr1	183115485	183892368	3284	75808	76370.3219	61096	62655.3588	0.02889009947227	0.0304682573414577
chr1	183892369	183893343	13	41	212.352	157	180.417	-2.16899903234394	-2.33163162274873
chr1	183893344	215003458	336919	7800828	7861869.125	6225448	6353603.9917	0.0213445503546586	0.029885174100119
chr1	215003459	215004133	9	0	208.17	75	174.001	-33.2160888255125	-33.1781506906939
chr1	215004134	215451881	3038	64481	71071.1904	51648	56736.9108	-0.00162350498905422	-0.0992604874482357
chr1	215451882	215453375	19	2	438.717	205	359.174	-6.96489564967631	-7.73601651088826
chr1	215453376	215453975	8	142	182.671	134	150.267	-0.194869349079394	-0.322226428480807
chr1	215453976	215465787	142	7	3301.55	1293	2697.47	-7.81749606212279	-8.84044253124958
chr1	215465788	224280532	91696	2169238	2168864.8741	1666222	1695690.4113	0.0287324633348113	0.0413784344980006
chr1	224280533	224294611	17	450	394.702	8	327.18	5.54629404042227	0.230291430198929
chr1	224294612	229094075	43553	998736	1018434.0283	793291	823502.8525	0.0289383400879797	0.0129530093036176
chr1	229094076	229096307	18	98	415.811	1	345.611	6.35112312927364	-2.04394401109456
chr1	229096308	238922228	106681	2410808	2478693.2874	1987893	2057549.331	0.012816032609455	0.00106725175271347
chr1	238922229	238924256	27	0	635.141	304	513.842	-33.2160888255125	-33.1781506906939
chr1	238924257	258520562	207489	4779816	4821222.6698	3905974	3959664.2956	0.0104439194839564	0.0286862781264609
chr1	258520570	258565452	32	323	750.624	42	604.339	2.63353268133598	-1.17542599539105
chr1	258565453	264121274	48167	1127701	1127474.2239	901144	906103.6896	0.0114007639591115	0.0414204076236897
chr1	264121275	264121874	8	93	189.76	0	147.557	32.1935997785715	-0.987743035189133
chr1	264121875	271140489	78873	1842404	1843142.8082	1497187	1494720.4842	0.000235011482737106	0.0405518502907147
chr1	271140490	271141014	7	89	162.551	0	137.069	32.353457882033	-0.827884931758495
chr1	271141015	282763000	122573	2795592	2858783.1294	2270740	2320695.1437	0.00233925696148946	0.00888290205303896
chr2	0	1307273	1199	15990	27957.1835	15052	23074.0494	-0.186540945276769	-0.764918828868928
chr2	1307274	5687042	36305	852519	844759.3709	707525	702101.9107	0.00528299027626928	0.0543217967411554
chr2	5687043	5692478	34	458	789.288	0	658.909	32.4372688552888	-0.744073958517581
chr2	5692479	6036545	3443	79663	80146.343	69221	66632.7519	-0.060513065166007	0.0324033758745344
chr2	6092261	6093389	15	192	346.734	0	287.426	32.3697500720908	-0.81159274170368
chr2	6108381	14630809	87035	2003784	2024867.117	1682922	1688012.0475	-0.00755122152672366	0.0260300249523088
chr2	14630810	14631563	10	142	233.765	0	195.969	32.5033050605738	-0.678037753243651
chr2	14631564	17178776	26060	579733	606939.5149	492739	508511.6039	-0.0175149859122302	-0.0250338821220941
chr2	17178777	17180667	25	268	585.796	2	478.591	6.7776762041845	-1.08703508289564
chr2	17180668	19192565	23453	532578	545571.3045	444390	455750.4023	0.0048347701489294	0.00635532783540487
chr2	19192566	19194729	28	0	649.881	297	537.61	-33.2160888255125	-33.1781506906939
chr2	19194730	20611122	15060	337944	349838.4054	282160	288769.9656	-0.0133051366675014	-0.0087742189559759
chr2	20611123	20614597	30	1	696.52	302	576.612	-8.50777648144354	-9.40289061033342
chr2	20614598	30410201	109449	2453275	2549120.3226	2006020	2071069.9363	-0.00605810529007373	-0.0141602522333698
chr2	30410202	30412056	20	220	465.222	2	377.727	6.48397639883592	-1.03928554015768
chr2	30412057	52404049	229853	5198646	5341213.9209	4287856	4411601.394	0.00520636257802685	0.00209851032200573
chr2	52404050	52409079	60	2	1393.32	1137	1146.87	-9.42864908359614	-9.40318056180033
chr2	52409080	52631181	2258	54425	52512.7994	46095	42923.0455	-0.0480653054421015	0.0927306545188214
chr2	52631182	52662609	14	238	322.307	455	263.803	-1.22068739877633	-0.396343689891603
chr2	52662610	52665654	8	41	184.858	368	150.284	-3.46154388538688	-2.13159140593805
chr2	52681835	52772595	186	3467	4335.5173	4144	3517.4689	-0.55581051668128	-0.281386046555312
chr2	52778739	52779918	8	161	187.107	29	148.868	2.14629814427507	-0.175672586644876
chr2	52779949	52806548	65	895	1532.217	859	1215.9756	-0.271084679178278	-0.734530787282606
chr2	52809537	52824328	35	644	811.623	1403	666.619	-1.40413760321737	-0.292618802468739
chr2	52832619	52842239	65	1724	1527.96	1809	1215.35	-0.39647544092331	0.215283256741183
chr2	52842240	52971658	1069	24522	24928.964	20231	20288.5188	-0.0164582462656623	0.0173839790864286
chr2	52971659	52989887	46	75	1077.9998	437	880.4613	-2.83150406732349	-3.80419224434181
chr2	52989888	53387421	4382	96758	101721.7672	79583	84238.4118	0.0130344982561486	-0.0310453187428399
chr2	53387422	53389395	25	0	581.087	275	486.839	-33.2160888255125	-33.1781506906939
chr2	53389396	105689553	541304	12047282	12592698.2325	10063913	10462028.4752	-0.00471637714070587	-0.0227494883319512
chr2	105689554	105701010	60	569	1399.461	985	1155.815	-1.06446373293792	-1.25724046645124
chr2	105701011	113242099	79266	1763410	1843475.6933	1473895	1534524.6343	-0.00271026942872586	-0.0229301897963833
chr2	113242100	113243149	14	173	324.387	1	266.93	7.15656576629633	-0.865813707548303
chr2	113243150	115810169	21111	475408	490471.5514	387978	400852.3271	0.00528484698173855	-0.00387301989988508
chr2	115810170	115811722	16	213	374.877	0	303.502	32.4069091886731	-0.774433625127913
chr2	115811723	118616927	33559	764236	779330.4153	631490	641709.8383	-0.00186356652994859	0.0129133548369684
chr2	118616928	118618372	19	211	435.58	6	359.84	4.86374665583574	-1.00456445568237
chr2	118618373	133356490	149061	3365458	3465642.3082	2796315	2861294.3217	-0.00598676625135328	-0.00118964976462013
chr2	133356491	133360737	7	11	163.497	153	136.191	-4.05839689449688	-3.85255847482521
chr2	133360738	135522923	18315	411148	426586.0196	353864	357639.3178	-0.0346763982419867	-0.012048616014457
chr2	135522924	135551053	348	3440	8120.47	5972	6819.609	-1.04448768260855	-1.19802440729358
chr2	135551054	137137977	14553	326160	338935.2466	281036	284376.504	-0.0351903658329473	-0.0142995532923951
chr2	137137978	137166958	33	318	769.611	718	633.204	-1.45322400538756	-1.23397239556324
chr2	137166959	137345807	1173	24835	27318.886	20890	22779.3712	-0.00941635383968397	-0.0963936499989179
chr2	137345808	137354863	54	1257	1257.177	1519	1043.567	-0.538609651417244	0.0409271246364214
chr2	137354864	137356729	21	0	491.111	204	391.776	-33.2160888255125	-33.1781506906939
chr2	137356730	140466700	35305	800176	820608.842	664893	681555.9642	0.00252471811618382	0.00475291708129389
chr2	140466701	140467380	8	5	185.113	131	153.469	-4.97876172678683	-5.16920404681776
chr2	140467381	146605684	68973	1585443	1603482.576	1299157	1315665.0531	0.00508591838639554	0.0248075917501128
chr2	146605685	146606687	12	2	279.768	98	229.415	-5.89778894508166	-7.08695686719233
chr2	146606688	151284389	48883	1107432	1136270.8376	909940	941107.1757	0.0146910976407943	0.0040416219159058
chr2	151284390	151285454	14	132	325.339	1	273.013	6.79461207684904	-1.26027558763863
chr2	151285455	151522233	2558	58635	59442.951	49084	49577.586	-0.00211632735559534	0.0213866045241902
chr2	151522234	151529733	55	652	1282.75	1094	1069.02	-1.00642792628617	-0.935165897496758
chr2	151529734	159054826	61132	1346745	1420747.2389	1118892	1178641.4623	0.00107305580576802	-0.0360429443488415
chr2	159054827	159863655	128	1895	2983.3807	1989	2459.5056	-0.34523305178001	-0.613619980476841
chr2	159863656	159927171	57	506	1323.8039	175	1069.7625	1.22757569593338	-1.34634987759581
chr2	159944649	160729202	378	7199	8783.5798	5166	7205.3654	0.196203554142284	-0.245882261840523
chr2	160729203	163374347	847	12228	19742.6523	11497	16182.3988	-0.194767214208551	-0.649997103984094
chr2	163374348	191381053	293132	6642423	6829255.6574	5461246	5626960.2614	0.00629900999485204	0.00111151409711753
chr2	191381054	191382557	17	50	393.229	215	328.913	-2.35880822738465	-2.9342394627034
chr2	191394604	192494546	5649	126147	131337.2581	105250	109322.7454	-0.000204859359427495	-0.0170400866311878
chr2	192494547	192495703	15	0	349.921	293	292.89	-33.2160888255125	-33.1781506906939
chr2	192495704	192528010	259	4872	6049.9396	4548	5026.8865	-0.16478162144948	-0.271276347607986
chr2	192528011	192529921	25	0	582.778	550	490.001	-33.2160888255125	-33.1781506906939
chr2	192529922	210658075	177156	4032180	4129320.7405	3255961	3358813.4358	0.0137159288572826	0.00678581912085108
chr2	210658076	210697349	20	241	464.899	20	377.258	3.2927875337391	-0.906753917702914
chr2	210697350	215820957	52784	1198357	1229173.6004	990569	1015355.3686	0.00221657228439495	0.00449933384986021
chr2	215820958	215821590	8	107	185.892	0	156.854	32.4256191847182	-0.755723629086154
chr2	215821591	216027555	2178	47796	50728.4226	41309	42557.3701	-0.0397594278482106	-0.0447741567040078
chr2	216027556	216029487	23	287	536.315	0	448.707	32.3204432049948	-0.860899608790596
chr2	216029488	223340969	78825	1764487	1832178.9191	1476394	1524172.7237	-0.00517084767207412	-0.0131813355474373
chr2	223340970	223341794	11	136	255.857	0	213.497	32.3107420190818	-0.870600794701766
chr2	223341795	224703484	15662	358211	363393.5271	294530	301451.2923	0.0159793655917635	0.02040717685466
chr2	224703485	224704870	18	2	415.917	145	337.6	-6.47769770430109	-7.65902155583532
chr2	224704871	225010313	3705	83852	86174.4954	67266	70115.6186	0.0236347494336585	0.00171450720927212
chr2	225010314	225011144	11	1	254.728	94	206.842	-6.85182510325814	-7.95168344590207
chr2	225011145	228986850	46492	1055190	1081802.6681	875189	890585.1604	-0.00758347275225805	0.00519569492834267
chr2	228986851	228993785	38	8	881.569	382	736.561	-5.83350517941949	-6.74279940873882
chr2	228993786	248425822	210715	4759949	4898369.7705	3944995	4045699.7732	-0.00179765413441317	-0.000225310540093976
chr2	248425823	248430696	25	5	581.927	271	483.642	-6.0239274639021	-6.82163600510624
chr2	248430697	248432473	16	63	383.097	163	296.057	-1.74009086994983	-2.56315573540173
chr2	248432474	257362914	105309	2398864	2447155.5952	1989495	2016371.4236	-0.0062032017819772	0.0123757929832426
chr2	257362915	257363408	6	0	140.741	71	111.272	-33.2160888255125	-33.1781506906939
chr2	257363409	261360658	47649	1084359	1109339.073	892513	902922.4829	-0.012936850650267	0.00827233162202717
chr2	261360659	261380651	9	2	215.215	86	160.266	-5.84838286317978	-6.70850455005914
chr2	261380718	266433159	57072	1300236	1326163.4606	1086831	1102378.8914	-0.00480043631376297	0.0126451519584946
chr3	534	8071840	77378	1831251	1831697.5809	1426318	1436151.3234	0.0127524422920212	0.040778476125227
chr3	8071841	8154286	856	18814	20434.158	15551	15673.1175	-0.104699248799245	-0.0780459298056947
chr3	8154287	13001303	52240	1230185	1241251.9795	947021	958283.2066	0.00732706371180154	0.0282095297816048
chr3	13001304	13002834	19	160	437.971	4	357.494	5.03220388822366	-1.41163318207226
chr3	13002835	15645058	29419	682107	691076.2664	539407	549321.2521	0.0106211217912004	0.0222833928012747
chr3	15645059	15657578	62	890	1450.62	360	1198.034	1.03299975972782	-0.66366214528753
chr3	15657579	16048986	3351	76456	78122.3953	63794	64837.6807	-0.00450259275075089	0.0100237978500709
chr3	16048987	16054134	66	0	1537.91	657	1279.2	-33.2160888255125	-33.1781506906939
chr3	16054135	20901282	30206	598073	703283.9056	503226	586675.0333	-0.0092383559245316	-0.192655355154273
chr3	20901283	20904987	42	309	978.714	544	825.024	-1.05925893862666	-1.62215024001622
chr3	20904988	20908487	24	6	560.163	251	465.575	-5.65022202437807	-6.50361011077897
chr3	20908488	21141949	2385	53704	55499.5209	47561	46321.3904	-0.0823541370710844	-0.00631551158640672
chr3	21141950	21145686	46	562	1067.64	919	896.452	-0.958429628904712	-0.884652969334254
chr3	21145687	21552794	2367	49978	55064.3349	42942	45701.3219	-0.0467863867835236	-0.0986947618153048
chr3	21597776	23272126	20448	475483	477797.7424	379531	388302.0109	0.0291472965747849	0.0341239824268264
chr3	23272127	23275402	41	1	957.886	386	771.319	-8.90179116366274	-9.86257976144928
chr3	23275403	23690889	4540	106905	105560.5494	85649	86985.5158	0.0437894807773527	0.0593888240818935
chr3	23690890	23695375	59	0	1368.2	598	1139.51	-33.2160888255125	-33.1781506906939
chr3	23695376	25295821	16176	352213	376696.854	301159	314537.2583	-0.0310581551177177	-0.0558255669907956
chr3	25295822	25297056	16	169	371.732	2	317.733	6.17762358818726	-1.09610938081196
chr3	25297057	28256223	34189	774628	795277.9737	654324	666546.9458	-0.00806213875505766	0.00317469475582485
chr3	28256224	28257696	19	238	440.062	3	365.1677	6.04389973108043	-0.845614966295612
chr3	28257697	32014949	41999	946449	976269.5707	785939	812960.2074	0.00720472049603581	-0.0036245385788767
chr3	32014950	32018699	50	570	1165	1038	975.394	-1.11785344766941	-0.990165872014929
chr3	32018700	32337767	3384	74957	78735.07	61851	65724.6342	0.0198862423030682	-0.029812909331769
chr3	32337768	32340992	42	493	973.366	0	814.212	32.2410783371618	-0.940264476608357
chr3	32340993	33624542	14880	333544	345888.4164	273965	287118.887	0.0184191534731618	-0.0112993517506795
chr3	33624543	33626990	16	165	370.893	14	307.613	3.29227284697885	-1.12740675660862
chr3	33626991	33627665	9	172	207.988	151	172.779	-0.076520275509032	-0.232961470277563
chr3	33627666	33631916	39	393	914.953	0	745.87	32.0033047488721	-1.17803806484694
chr3	33631917	40588261	81948	1845747	1904451.4477	1534852	1576855.9699	-0.00302722949808061	-0.0040404361884612
chr3	40588262	40596794	104	1238	2426.27	2098	2019.63	-1.0224603323726	-0.929598532260965
chr3	40596795	40975364	3979	86625	92657.9896	73949	77594.4221	-0.024517500545209	-0.0560016749787806
chr3	40975365	40980736	66	708	1534.1318	1230	1286.7497	-1.04733591311828	-1.07447090875693
chr3	40980737	45519500	44852	1011391	1042731.7001	841271	863987.8974	-0.00239453379483318	-0.0028968892626093
chr3	45519501	45660132	1749	36487	40745.716	31596	33100.742	-0.0889520930538989	-0.118135588306071
chr3	45660133	49254051	41751	949338	970690.3899	779707	801270.0459	0.01045920507851	0.00904088173329611
chr3	49254052	49256020	26	345	606.313	0	508.793	32.4090066784285	-0.772336135372943
chr3	49256021	49305519	601	13782	13971.3	11404	11694.4	0.0197890185925905	0.0214492541515397
chr3	49305520	49308971	44	456	1024.82	840	862.274	-1.12731563169385	-1.12713454815175
chr3	49308972	49553536	2997	68796	69755.419	57437	58365.87	0.00635609857092816	0.0211496450968614
chr3	49553537	49555052	20	239	463.279	0	379.915	32.2676024025926	-0.913740411182764
chr3	49555053	51356216	21388	483555	497006.8075	401966	413534.5784	0.00454099396032627	0.00154463834192774
chr3	51356217	51361393	68	751	1577.79	0	1315.18	32.1514526861485	-1.02989012760335
chr3	51361394	66812094	180419	4133205	4193692.4191	3399718	3446564.7394	0.00197602357199253	0.0201701263261791
chr3	66812095	66815544	46	497	1069.97	1	899.698	8.71023640943793	-1.06512233127516
chr3	66815545	84223366	174667	3966719	4073816.9593	3282911	3352863.287	-0.00482481562329476	0.00269529975909107
chr3	84223367	84225401	19	0	446.242	203	365.254	-33.2160888255125	-33.1781506906939
chr3	84225402	87324081	32956	740813	767198.2169	629945	642004.1429	-0.0199410946328622	-0.00935969331192926
chr3	87324082	87329137	56	708	1311.03	1204	1083.23	-1.03818310200197	-0.847749174930637
chr3	87329138	87808633	5317	118507	123901.2297	103929	103886.7361	-0.0616129111359208	-0.02308796863945
chr3	87808634	87812952	57	613	1325.23	1131	1120.2	-1.12293426139351	-1.07115353050515
chr3	87812953	89248679	14946	322839	347983.0117	280150	291977.4627	-0.0453523602458306	-0.0670717466509155
chr3	89248680	89252452	50	549	1164.12	1023	975.8	-1.14931836084703	-1.0432314691989
chr3	89252453	90527187	13758	302510	320313.6673	256594	268606.5026	-0.0133036047389599	-0.0413722647130526
chr3	90527188	90530262	41	466	955.353	673	802.851	-0.777986064743855	-0.994573689689385
chr3	90530263	99896833	94335	2149986	2193936.6808	1759096	1804474.5687	0.0107420930733311	0.0119356350931472
chr3	99896834	99929464	404	5583	9394.42	8068	7891.49	-0.779484775902623	-0.709633279626848
chr3	99929465	119733013	222563	5101181	5177404.755	4181361	4259187.9786	0.00840010603343812	0.0197324411806528
chr3	119733014	119734297	16	0	371.277	133	301.768	-33.2160888255125	-33.1781506906939
chr3	119734298	124943402	62273	1440555	1454831.4012	1155942	1171459.8175	0.00820335330560764	0.0269030310909024
chr3	124943403	124943852	6	0	139.738	58	117.001	-33.2160888255125	-33.1781506906939
chr3	124943853	140719287	172616	3948642	4009034.4708	3243105	3312607.7754	0.0118855337152609	0.0192320091952495
chr3	140719288	140719887	8	103	186.187	0	153.275	32.3683650654805	-0.812977748313655
chr3	140719888	143318289	30195	688946	701376.7472	560905	575734.718	0.0150411987051031	0.0153315647881748
chr3	143318300	143325801	64	815	1491.76	1361	1249.39	-0.992394539021035	-0.831013225118544
chr3	143339451	143395505	241	5132	5625.2129	4831	4669.0816	-0.178377456351679	-0.0912562709351731
chr3	143395506	143406556	79	843	1838.08	1543	1516.94	-1.14597693812825	-1.08346476461194
chr3	143406557	143647848	1555	31426	36245.5786	28189	30279.9391	-0.0994242386750249	-0.164716107967298
chr3	143647849	143692790	250	3141	5851.1946	1660	4821.8537	0.644089502859594	-0.85637699890755
chr3	143692791	143719751	295	3204	6883.134	5402	5769.977	-1.0049273969556	-1.06206119019804
chr3	143719752	143763802	204	2475	4754.125	3516	3951.8026	-0.769983374958359	-0.900621052847327
chr3	143795111	143862110	219	4400	5110.793	3169	4230.6001	0.203983148117512	-0.174913377638213
chr3	143862111	143931018	493	21825	11498.05	9498	9554.119	0.936283657629826	0.965722702581842
chr3	143931019	143943824	105	2206	2440.124	2011	2041.9756	-0.120277003307066	-0.104391413945588
chr3	143943825	144069991	762	28987	17766.7123	12083	14854.7591	1.00736792910924	0.747359550353874
chr3	144069992	144379745	1630	31731	37978.9775	27666	31610.295	-0.063835525361883	-0.218177817889435
chr3	144379746	144384523	62	712	1439.51	1244	1201.77	-1.06226221352366	-0.974498406286291
chr3	144384524	144540095	1891	43096	44022.2	37790	36758.4	-0.067415699207675	0.0104529832105417
chr3	144540096	144545305	64	732	1484.03	1308	1237.4	-1.09646318127408	-0.978474444563829
chr3	144545306	151772070	79621	1842678	1863862.127	1461324	1495662.5006	0.0202095477804763	0.0246391012355461
chr3	151772071	151773375	17	221	395.574	0	328.269	32.382571837048	-0.798770976748729
chr3	151773376	160755022	99443	2286788	2326801.837	1838156	1866943.5068	0.00058546258109807	0.0161045348575738
chr3	160755023	160793688	122	1400	2823.98	2290	2317.81	-0.991696211029546	-0.971172785544943
chr3	160793689	168951417	89727	2021548	2118513.3808	1621879	1661628.0779	-0.0294683496366497	-0.0264615230177171
chr3	168951418	168952842	19	220	440.583	0	363.832	32.2205627666037	-0.96078004716233
chr3	168952843	170503600	14743	329575	344710.0004	273754	276941.2813	-0.0448841443220832	-0.0236460844311967
chr3	170503601	170750354	3162	66058	75210.8433	55367	58014.0586	-0.116639060089169	-0.146077124189265
chr3	170750355	174800740	42559	966270	1004008.0123	769181	789998.4929	-0.0135536087789001	-0.014142248590133
chr3	174800741	174803892	42	509	997.192	852	777.807	-1.09845474082861	-0.929075394052197
chr3	174803893	177699918	32405	766812	766219.8185	586176	599337.1292	0.0363405473780977	0.0422448305663546
chr4	784	3554248	31280	708082	729043.8557	573798	594762.3703	0.0128733968197077	-0.000958901855499864
chr4	3554249	3561512	36	172	847.726	1	678.942	7.1091470790522	-2.26005921182168
chr4	3561513	13559695	112860	2582415	2631263.6487	2108945	2143489.998	-0.000402610391539937	0.0140953103557371
chr4	13559696	13610415	205	2122	4775.766	14	3970.344	6.98057796253748	-1.12917723530667
chr4	13610416	13662937	24	398	558.01	196	466.7654	0.767513545060766	-0.446392287421691
chr4	13662938	13685606	20	170	465.119	2	392.467	6.16755450862813	-1.41093486987649
chr4	13685607	16163151	25951	587851	603316.5642	491898	503543.8847	-0.000514213460279267	0.00366559373184203
chr4	16163152	16164276	15	179	345.667	1	280.687	7.1865872276667	-0.908293033588705
chr4	16164277	16165057	10	238	238.863	187	184.111	-0.0244921447824431	0.03590843495163
chr4	16165058	16166910	24	278	555.55	0	448.767	32.2236411938736	-0.957701619893037
chr4	16166911	42713107	275137	6220336	6397442.138	5194127	5319920.6116	-0.00278713139878934	0.000627576151693107
chr4	42713108	42718689	73	864	1697.7	1	1424.53	9.50498388128384	-0.93334806728987
chr4	42718690	43045805	3710	87547	86254.1722	71731	71858.501	0.0272177194455914	0.0625937574942464
chr4	43045806	43046480	9	134	209.228	0	174.414	32.5796301393154	-0.601712674514281
chr4	43046481	43326184	3107	72523	72151.4792	61115	59989.8502	-0.0162063317387671	0.0485398912718779
chr4	43326185	43328422	27	356	627.109	3	527.732	6.64505227020504	-0.775708725048098
chr4	43328423	45000820	19367	441026	450062.9781	366024	373981.4577	0.00495743262425889	0.0118670740433889
chr4	45000821	45001420	8	38	174.796	112	124.176	-2.04952109068952	-2.16047058833205
chr4	45001421	45426836	5120	122874	118938.325	97996	98297.884	0.054595633464887	0.0880962700796003
chr4	45426837	45474172	27	497	640.0622	872	511.0461	-1.13264883143841	-0.32383600007084
chr4	45474173	47285511	17353	379694	404100.2758	325363	337938.4781	-0.0319735827998675	-0.0487458764498094
chr4	47285512	47290610	25	274	584.851	1	495.497	7.86203133520669	-1.05276297055899
chr4	47290611	47383093	1007	22442	23429.4892	18951	19715.8149	-0.00185276195493394	-0.0209939905122987
chr4	47383094	47385344	30	342	700.015	0	592.765	32.1890835607258	-0.9922592530339
chr4	47385345	71856741	275158	6262228	6402740.4543	5120395	5267843.4722	0.0121360010605064	0.00911676539443316
chr4	71856742	71860217	39	0	911.515	444	753.577	-33.2160888255125	-33.1781506906939
chr4	71860218	99900421	297533	6795092	6923249.3693	5563170	5708361.21	0.0134053290283164	0.014174028679129
chr4	99900422	99906034	74	862	1760.09	1298	1354.05	-0.965706673345456	-0.988759168253259
chr4	99906035	105073288	33239	731238	774992.7215	595294	632963.3186	0.00786994843500621	-0.0427114583636405
chr4	105073289	105075594	19	0	440.582	228	369.875	-33.2160888255125	-33.1781506906939
chr4	105075595	107168306	21108	460435	491573.7513	396000	411757.169	-0.034924915949559	-0.0532801192391387
chr4	107168307	107169431	15	4	352.788	153	275.499	-5.61095011918158	-6.42152740767182
chr4	107169432	107195131	263	4739	6137.4454	4126	5117.1916	-0.0592550695457249	-0.331925365630009
chr4	107195132	107201966	91	0	2122.34	810	1786.07	-33.2160888255125	-33.1781506906939
chr4	107201967	107844121	6875	153481	160029.3515	131991	133787.147	-0.0375843839385454	-0.019146210494711
chr4	107844122	107851205	34	0	806.777	165	645.511	-33.2160888255125	-33.1781506906939
chr4	107851206	132936092	281132	6502710	6560949.7219	5285614	5330847.1472	0.0026222883689409	0.0282666785303293
chr4	132936093	132937318	15	526	389.43	587	261.276	-0.730894998326895	0.474829030489378
chr4	132937321	136874132	41723	939563	970686.4645	787806	804131.9203	-0.0142315556332853	-0.00588521533029649
chr4	136874133	136874507	5	4	117.758	82	99.7993	-4.59308335041266	-4.83855100135376
chr4	136874508	139052539	25251	578672	587142.5693	483661	490377.4014	0.00212338699843808	0.0201652374769831
chr4	139052540	139053755	16	169	371.897	0	309.627	32.0845932086051	-1.09674960513242
chr4	139053756	139872062	9042	202472	209926.2708	169589	174729.3508	-0.00588881255847709	-0.0110300523155369
chr4	139872063	139880329	77	321	1784.137	648	1481.277	-1.27861334230926	-2.43345093948449
chr4	139880330	142137834	24569	546821	571043.2566	446081	470926.6794	0.0188574957070758	-0.0214011267633459
chr4	142137835	142139490	22	6	514.746	157	434.578	-4.95071169308215	-6.38162413247024
chr4	142139491	143223303	12332	282559	286743.9903	234593	239626.6622	0.0126094894953297	0.019919150661159
chr4	143223304	143232004	116	1289	2686.48	2350	2247.27	-1.12075999857882	-1.01833457549347
chr4	143232005	168430186	255713	5848299	5974488.4535	4707578	4838723.8321	0.0120356048261879	0.0103321384721381
chr4	168430187	168432051	23	270	537.689	419	438.484	-0.925046469922053	-0.952682291628497
chr4	168432052	179457173	129091	2937864	3003567.1339	2430153	2451796.774	-0.0159249214099306	0.00922095986800567
chr4	179457174	179515350	764	18804	17812.2044	14320	14624.2378	0.111695578971074	0.119303771645364
chr4	179515351	184224823	52611	1179470	1225875.7312	963869	994828.7707	-0.00687074210776199	-0.0145437561486207
chr5	34651	4579595	44915	1004619	1044139.2738	832423	862478.5772	-0.00130177640185154	-0.0145354365081422
chr5	4579596	4580779	15	173	348.056	3	288.766	5.58343927703099	-0.967417148887317
chr5	4580780	14505643	101385	2260213	2358004.0924	1880648	1951119.3258	-0.004843194910664	-0.0199772267889763
chr5	14505644	14507518	25	273	578.964	0	469.122	32.1379003792001	-1.04344243454886
chr5	14507519	24753973	106667	2396444	2479247.5355	1976860	2045863.8808	0.00368448556633086	-0.00787683576582771
chr5	24753978	24762231	8	135	186.15	9	151.78	3.61559880019159	-0.422375950534645
chr5	24762232	24918925	966	21813	22548.3067	17376	18272.9111	0.0279717116625809	-0.00670063648529735
chr5	24918926	24932547	16	271	371.623	69	307.2161	1.7022307375505	-0.414416683903482
chr5	24932548	24942652	32	248	742.976	16	615.862	3.68667993293084	-1.5418452296014
chr5	24942653	26010259	11431	254102	265515.3221	208728	217846.1198	0.00149000858851729	-0.022257128064172
chr5	26010260	26022019	140	6	3238.55	2655	2688.83	-9.05471091851332	-9.0350394659246
chr5	26022020	33245596	78720	1754682	1830540.177	1480889	1525217.7346	-0.0153160158794638	-0.0199295847357746
chr5	33245597	33253622	37	2	870.465	186	695.402	-6.85990574577109	-8.72451215939561
chr5	33253623	33374774	1208	25977	28101.7924	21576	23400.1457	0.00685488563805223	-0.072297065403729
chr5	33374775	33380776	36	5	839.066	368	698.349	-6.46327781756461	-7.34958210841595
chr5	33380795	33381023	1	25	23.2602	34	19.386	-0.703262873226556	0.145194851499073
chr5	33381024	33382618	12	0	279.913	113	236.734	-33.2160888255125	-33.1781506906939
chr5	33382619	35214378	20120	452987	467743.015	376248	389359.0105	0.00636276221424052	-0.00511620310317074
chr5	35214379	35215128	10	103	233.101	1	196.557	6.44368517205697	-1.13718059770668
chr5	35215129	35416270	1422	31855	33057.397	25305	27557.5756	0.0727653291488371	-0.0123230328784771
chr5	35416271	35416903	8	100	184.822	3	154.198	4.80073336219692	-0.845006237494847
chr5	35416904	35601224	1016	22435	23650.0941	18415	19626.2631	0.0190014917362202	-0.0349644814863775
chr5	35601225	35602346	11	140	257.895	7	215.16	4.06374630505408	-0.840226717192924
chr5	35602347	41127143	60682	1345252	1411416.8451	1130819	1174097.6387	-0.0118911983418957	-0.0281374236132088
chr5	41127144	41128193	14	166	330.615	0	260.705	32.2285041326289	-0.952838681138719
chr5	41128194	41230777	1118	26030	26026.937	21660	21850.0686	0.0159664642794466	0.0413000330041825
chr5	41230778	41242034	149	1806	3468.09	3031	2914.65	-0.994622523413147	-0.900213186981106
chr5	41242035	68765569	294405	6622725	6864214.3354	5477571	5638646.9982	-0.00666477711622226	-0.0105393899799579
chr5	68765570	68769360	49	6	1136.03	916	955.965	-7.50002036765319	-7.52369243212584
chr5	68769361	69825774	6326	145866	147080.7612	118354	122042.2403	0.0354993218380665	0.0291653538695485
chr5	69825775	69841619	191	6232	4451.5893	2177	3652.0968	1.23495045702782	0.526504994731374
chr5	69841620	77647332	86930	1972754	2020681.2696	1617446	1652101.7907	-0.000853558283141669	0.0064995458885314
chr5	77652421	77697771	81	1482	1877.7563	594	1553.6307	1.04883651010304	-0.300334132493782
chr5	77697772	86869565	101740	2309975	2369616.4524	1903002	1955734.0101	0.00584889066319319	0.00435393380291288
chr5	86869566	86870465	5	57	120.445	0	88.7293	32.1431323920058	-1.0382104217443
chr5	86870466	98670773	122409	2700425	2848575.7348	2280414	2381801.1493	-0.0111049523361339	-0.0359240248850811
chr5	98676243	98875346	90	402	2096.561	565	1742.6712	-0.75458765595322	-2.34162714094195
chr5	98875347	106249094	85626	1933194	1988948.8705	1590398	1639349.972	0.00590838524327931	0.000110490977942822
chr5	106249095	106250938	24	260	556.89	0	459.64	32.1235923089048	-1.0577505048412
chr5	106250939	108800490	25819	575968	600111.6932	481330	496356.8296	-0.0116989602149111	-0.0181121230563643
chr5	108800491	108806374	40	1	932.15	402	782.656	-8.90004328809136	-9.82328792671851
chr5	108806375	110371114	18039	408249	419420.0769	341122	349424.0601	-0.0010632982983435	0.00218368790190279
chr5	110371115	110371414	4	0	94.118	56	79.5909	-33.2160888255125	-33.1781506906939
chr5	110371415	132207667	246273	5621538	5731077.7012	4580414	4704709.1491	0.0139780939137487	0.0132886943341125
chr5	132207668	132557606	2222	42330	51742.0089	37108	43114.1666	-0.0700317099104019	-0.248525321192769
chr5	132557634	132558009	5	0	116.847	62	98.8697	-33.2160888255125	-33.1781506906939
chr5	132558010	147656772	167907	3818888	3939407.5744	3055823	3140606.2154	-0.00215187396340237	-0.00369581942809674
chr5	147656773	147657597	9	116	208.036	0	171.144	32.3797646736085	-0.801578140187737
chr5	147657598	150295611	31899	716488	753804.6244	567462	589864.6289	-0.0141958652529821	-0.0321178453539532
chr5	150295612	150324424	358	7330	8406.057	6691	6617.072	-0.210452784148329	-0.156485782481127
chr5	150324425	167679258	193007	4428841	4564851.5621	3511704	3568928.0247	-0.0171270600749888	-0.00250848580066605
chr5	167679259	167874357	1896	39827	44904.6775	33124	34982.0364	-0.0911894221577543	-0.131988661257759
chr5	167874358	173707145	69770	1614092	1660930.7733	1258678	1279113.3903	-0.0148421017469645	-0.000138873795862825
chr6	0	123769	1366	29914	31770.373	24900	26652.698	0.0144667702052792	-0.04573093406567
chr6	123770	126156	29	321	674.127	1	564.06	8.07244975283416	-1.02931685309957
chr6	126157	7432459	84051	1899032	1957638.8266	1555856	1600911.3649	0.00052661384397247	-0.00272014590857876
chr6	7432460	7433156	9	1	208.655	68	172.521	-6.35861821506786	-7.66384539381085
chr6	7433157	16010398	94202	2150799	2198617.0106	1758087	1790523.3533	-0.00215661507624562	0.00940664932487915
chr6	16010399	17418429	1983	37169	46166.0937	30022	38598.0362	0.0529656905126952	-0.271603532675614
chr6	17418430	20950165	36025	800968	838711.2181	679453	700778.8685	-0.0186519100877531	-0.0252992887634459
chr6	20950166	20951065	12	1	278.844	113	237.351	-7.04942292036111	-8.08218411962161
chr6	20951066	21670456	8796	201009	204198.0825	165869	167995.2501	-0.0011409341550619	0.0184210377620947
chr6	21670457	21678402	84	1034	1944.15	1	1611.02	9.74604723203043	-0.869773089607146
chr6	21678403	21696008	231	5460	5353.42	4522	4413.5	-0.00340556289637082	0.0695703664253166
chr6	21696009	21699721	49	506	1166.39	0	901.796	32.0176321063271	-1.1637107073953
chr6	21699722	31056219	101990	2338000	2381735.5397	1880903	1923837.0557	0.00901498532197631	0.0143919583463873
chr6	31056220	31059423	1	743	23.3844	20	18.9044	4.91165807737659	5.03087415146222
chr6	31059424	34402296	38111	872980	887101.1395	714740	730523.867	0.0115550061397615	0.0179802630170882
chr6	34402297	34403571	17	0	393.664	172	330.401	-33.2160888255125	-33.1781506906939
chr6	34403572	40704181	71551	1634206	1662204.8736	1346671	1375475.1315	0.00921638766931602	0.0166219011639962
chr6	40704182	40705150	12	2	279.899	104	236.819	-5.938369085716	-7.08763224398304
chr6	40705151	51507905	130189	3001630	3030672.4476	2420965	2468543.0303	0.017377911361555	0.0272384751367929
chr6	51507906	51508430	7	81	166.8	0	128.362	32.180347596562	-1.00099521719585
chr6	51508431	52198790	7943	178729	184380.3202	145962	151904.9693	0.0158574271958841	-0.00378067937392183
chr6	52198791	52204143	71	6	1647.12	710	1351.29	-7.1691289110989	-8.05963715178425
chr6	52204144	85228674	362781	8196790	8437197.4472	6823318	7010016.8679	0.000431757606161399	-0.000574568645127518
chr6	85228675	85253624	111	1045	2590.7134	1855	2174.1131	-1.07764655288856	-1.26871622406523
chr6	85253625	86540710	13220	294190	307674.884	248771	257266.289	-0.0130222383157653	-0.0235282127518566
chr6	86540711	86541685	13	0	302.539	269	253.876	-33.2160888255125	-33.1781506906939
chr6	86541686	98357120	128480	2897854	2988015.3985	2396264	2463770.7246	-0.000929402761992717	-0.00307241392702758
chr6	98357121	98358320	16	2	373.327	155	302.32	-6.57729569662766	-7.50316575661575
chr6	98358321	110888278	142980	3265418	3337432.535	2626795	2697806.0148	0.0102041311635423	0.00965926505853295
chr6	110888279	110928823	520	12996	12238.321	8797	9517.0042	0.20335002249052	0.127792261738693
chr6	110928824	147989969	384262	8750788	8986141.5099	7105239	7291771.4135	0.00228943570794332	0.00284141343367687
chr7	794	2344835	4690	84333	109210.0239	70138	90547.8418	-0.00126001305806328	-0.331805840663348
chr7	2344836	2458170	416	14321	9697.832	7773	7905.25	0.58992976431338	0.603528327628244
chr7	2458171	3050351	7255	168156	170295.0879	131697	134809.4824	0.018655054751363	0.0228936935297394
chr7	3050352	3051101	10	112	232.395	0	187.472	32.169392775159	-1.01195003859663
chr7	3051102	3515311	5081	118741	119132.5188	91744	95131.703	0.0507554169670285	0.0363811568349035
chr7	3515312	3527029	66	3034	1546.78	1322	1261.38	0.907425980193511	1.0130833283567
chr7	3527030	3870429	1191	27071	27740.6737	22768	23029.2045	-0.0156055100887448	0.00587561501500013
chr7	3870430	3925163	57	1052	1324.6094	487	1106.275	0.85447620706154	-0.291302038375144
chr7	3925164	4008691	116	1009	2693.029	7	2238.697	6.90797712617658	-1.3751733326385
chr7	4008692	4082433	44	440	1023.169	102	847.6646	1.84064747848972	-1.17633877180605
chr7	4082434	4194700	385	8875	8960.8981	7347	7458.6237	0.0110500777954248	0.0272340451583161
chr7	4194701	4330760	468	5480	10904.7872	23	9105.1819	7.63938841530171	-0.951583560210168
chr7	4330761	4524042	170	2166	3963.934	81	3307.2787	4.48287132518422	-0.830769440280361
chr7	4524043	4674396	936	12803	21800.3	1	18151.088	13.3830918258984	-0.726735827784807
chr7	4674397	4690516	112	1728	2608.087	727	2106.314	0.943996598791413	-0.552758519580813
chr7	4690517	4885894	1167	13355	27180.2	7	22766.1	10.6452601840878	-0.984045837477411
chr7	4885895	4888149	1	28	23.3586	14	18.9398	0.700659410869436	0.302603276731163
chr7	4888150	4967738	169	1889	3935.262	5	3291.2766	8.30685850603949	-1.01770672978737
chr7	4967739	4978709	100	2508	2328.731	1159	1950.6932	0.861291799085257	0.148123608115553
chr7	4978710	5024188	195	2296	4535.57	10	3788.85	7.5866470550082	-0.941030969900223
chr7	5024189	5033036	16	77	370.281	71	311.6475	-0.12847383955068	-2.22455991349649
chr7	5033037	5042896	38	436	886.559	5	748.866	6.20593927672532	-0.982758251382491
chr7	5042897	5468084	1627	39656	37910.4	32387	31678.2	0.0362131324883923	0.106075743493846
chr7	5468085	5522629	49	141	1153.769	11	934.149	3.37868202710707	-2.99145707893666
chr7	5522630	5537631	12	271	279.434	184	235.749	0.316523289213977	-0.00308446075777317
chr7	5537632	5540669	26	287	603.219	1	507.295	7.91824204702993	-1.03050087548736
chr7	5540670	5577115	21	493	486.2577	225	411.2008	0.892976743984885	0.0609968092451945
chr7	5577116	5597803	9	83	211.883	1	171.188	6.07054526406196	-1.31095434054144
chr7	5597804	5674879	190	2320	4428.1522	1468	3644.8438	0.382617139543212	-0.891449746028678
chr7	5674880	5680220	22	589	514.355	438	420.485	0.139818794213592	0.236633462986197
chr7	5680221	5694817	18	155	420.276	1	338.094	6.96540382020288	-1.39793859919416
chr7	5694818	5704284	15	217	349.332	82	295.408	1.16530144270018	-0.645773503479693
chr7	5704285	5722105	23	285	535.549	0	449.539	32.312416411265	-0.868926402518875
chr7	5722106	5752850	158	3351	3682.913	2806	3074.293	-0.00132384674580051	-0.0951253725440308
chr7	5752851	5833396	246	7233	5729.2087	4413	4813.2393	0.464698786953791	0.377388517643523
chr7	5833397	5848138	60	1356	1410.82	1230	1156.88	-0.142403721199297	-0.0160464960831187
chr7	5848139	5853901	24	255	565.051	2	464.656	6.71532747665493	-1.10675358163724
chr7	5853902	5855198	17	497	396.586	278	336.13	0.602738653291316	0.366742360622249
chr7	5855199	5885856	68	726	1582.59	22	1311.65	4.7766814911148	-1.08311583449973
chr7	5885857	5886785	9	226	208.779	66	174.095	1.51687512956832	0.155476424981971
chr7	5886786	5916226	129	1866	2984.9066	2	2491.9937	9.6085398463781	-0.636606544569963
chr7	5916227	5918028	3	32	68.5351	20	56.594	0.40507008894051	-1.05764088471319
chr7	5918029	5931422	38	448	878.125	6	734.922	5.96874934630154	-0.929797329475521
chr7	5931423	5941894	5	105	114.364	60	95.8985	0.556494214124517	-0.0821133994973287
chr7	5941895	5959390	43	543	999.139	11	822.577	5.34803421568194	-0.838602942925106
chr7	5959391	5962806	3	72	69.5678	32	58.6133	0.925925491832486	0.0907074669845305
chr7	5962807	5979494	42	573	973.743	1	810.262	8.90043076524213	-0.723875654623097
chr7	5979495	5994264	176	5677	4077.2605	2727	3389.4407	0.794453260034632	0.518658864984801
chr7	5994265	5995280	12	143	276.015	0	228.526	32.2737415470263	-0.907601266750193
chr7	5995281	5997710	27	784	623.824	347	520.573	0.918071544022722	0.370844854929487
chr7	5997711	6001577	14	147	326.593	1	261.871	6.88422686330629	-1.11054745580214
chr7	6001578	6267119	1159	25414	26995.2575	21965	22570.0453	-0.0446875760553046	-0.0459522557978977
chr7	6267120	6361664	134	576	3104.523	8	2582.445	5.90748308163567	-2.38910064427052
chr7	6361665	6439554	112	2333	2600.2211	1569	2159.4912	0.307590213216747	-0.115317736941669
chr7	6439555	6460059	56	414	1296.4968	4	1086.06	6.44116420418898	-1.60578571388183
chr7	6460060	6476810	43	1343	1001.3	803	831.175	0.476529416462074	0.464715277521311
chr7	6476811	6498546	79	1669	1835.32	1533	1534.87	-0.132096779422054	-0.0959174152414782
chr7	6513636	6527596	18	188	422.413	0	346.479	32.0545514989987	-1.1267913147321
chr7	6527597	6529067	4	71	93.5181	37	78.418	0.689425105303508	-0.356296336056743
chr7	6529068	6554571	128	1723	2977.48	36	2504.48	5.33439337142756	-0.748038857418139
chr7	6554572	6556820	29	914	669.307	339	552.647	1.15779117391302	0.490656320646854
chr7	6556821	6645387	417	5820	9693.1408	63	8105.3369	6.27462356432027	-0.694814796129712
chr7	6645388	6648824	16	202	373.502	36	313.429	2.23850130643767	-0.845630416844909
chr7	6648825	6712623	161	1857	3742.37	32	3125.13	5.60191421209231	-0.969848128014079
chr7	6712624	6722070	80	2367	1870.675	1320	1560.063	0.583759255317875	0.380631029312868
chr7	6722071	6725794	21	287	487.091	0	409.776	32.4593324824453	-0.722010331364767
chr7	6725795	6732569	61	1722	1418.199	956	1185.003	0.593025470168622	0.321155416996306
chr7	6732587	6737161	32	374	746.423	0	630.55	32.225517900806	-0.955824912961051
chr7	6737162	6743419	3	62	69.8707	31	59.1788	0.763584971713985	-0.13128912014886
chr7	6743420	6758591	95	1060	2205.92	6	1865.44	7.22621361427335	-1.01618594776235
chr7	6758592	6809735	5	96	115.696	59	98.6783	0.475977354746801	-0.228102417185809
chr7	6809736	6867614	34	401	787.599	8	663.547	5.40338791578075	-0.932728784333909
chr7	6867615	7365503	2606	53851	60658.6894	47057	50673.2245	-0.061734781380614	-0.130610933373771
chr7	7365504	7377867	67	727	1556.46	5	1295.32	6.92211559399635	-1.05711097322213
chr7	7377868	7446338	22	484	510.781	383	424.336	0.0733569977333599	-0.036567554926096
chr7	7446339	7476354	81	851	1880.596	8	1570.717	6.47644073235974	-1.10282865892218
chr7	7476355	7565968	321	6381	7492.1767	4459	6250.5876	0.258861352094237	-0.190472133000597
chr7	7565969	7570719	24	252	557.852	1	470.943	7.73614201352206	-1.10532842877786
chr7	7570720	7624374	241	6508	5595.358	3820	4710.0173	0.523335654829763	0.259114069211476
chr7	7624375	7647646	132	1451	3063.6159	7	2579.0474	7.4502718095983	-1.03705765321809
chr7	7647647	7766097	914	27163	21286.805	17289	17847.024	0.400704620231615	0.392813656556608
chr7	7766098	7785393	232	5316	5404.3	4656	4530.76	-0.0599125215773647	0.0173636001016303
chr7	7785394	7810942	215	5774	5014.277	3596	4179.749	0.423744822887237	0.244659669769301
chr7	7810943	7822693	35	419	813.51	0	684.736	32.2652632359509	-0.916079577824006
chr7	7822694	7903046	676	16041	15724.1274	12960	13214.8895	0.060074891308241	0.0699143829680249
chr7	7903047	7950170	91	625	2115.671	0	1761.104	31.4632858702806	-1.71805694328598
chr7	7950171	7978557	44	731	1025.772	491	854.225	0.313318434492373	-0.447636526747075
chr7	7978558	8225671	225	1970	5229.355	8	4354.933	7.68318947020854	-1.36730712406221
chr7	8226136	8238906	153	3304	3552.95	2672	2988.12	0.0597065027726339	-0.0636734409426097
chr7	8238907	8240715	22	234	510.192	0	425.143	32.0979413249196	-1.08340148882084
chr7	8240716	8350972	698	14470	16257.5731	12300	13570.3789	-0.0230521780622189	-0.126916730466306
chr7	8350973	8376156	74	807	1718.73	2	1435.94	8.40026942551977	-1.04957208860017
chr7	8376157	8376985	3	53	70.2203	47	59.5757	-0.0606404357669977	-0.364765541766186
chr7	8376986	8385860	34	397	791.471	4	665.452	6.38598541267938	-0.954267224232906
chr7	8385861	8388689	19	363	440.497	144	362.062	1.05419743346804	-0.238032387144514
chr7	8388690	8394267	15	188	348.054	3	292.544	5.72216093424043	-0.847448234828962
chr7	8394268	8795068	2664	60195	62060.7063	51706	52025.9605	-0.0319443422029097	-0.00290620080493245
chr7	8795069	8819593	37	346	863.043	10	726.821	4.86805990790655	-1.27753014520576
chr7	8819594	8862264	73	1839	1695.799	968	1428.1953	0.68126274602372	0.15808655807192
chr7	8862265	8870858	24	261	560.832	15	467.958	3.86301790208485	-1.06238860382862
chr7	8870859	8908943	52	723	1208.1896	400	1019.0296	0.611536855553418	-0.699649062426512
chr7	8908944	9022867	42	254	973.339	23	817.068	3.21582863727483	-1.89698360676897
chr7	9022868	9093102	169	1614	3930.947	2	3292.311	9.40384045957	-1.24310607524083
chr7	9093103	9510047	2461	55966	57324.7213	47688	47839.8025	-0.0268295180693767	0.00652346173423674
chr7	9510048	9513654	28	334	653.04	577	537.001	-1.06777768027177	-0.926193001260238
chr7	9513655	9851244	3207	75147	74608.8534	62531	61806.9424	-0.00324189582597157	0.0514989318051092
chr7	9851245	9858905	7	75	162.728	0	135.291	32.1049730614316	-1.07636975231033
chr7	9858906	10930690	4390	94727	102341.8658	81827	83924.3195	-0.0718447428531962	-0.0704185819868306
chr7	10930691	11760267	10397	261730	252126.5485	184083	184983.6065	0.0641644045111605	0.0950615171371959
chr7	11760268	11765845	56	708	1321.14	4	1036.47	7.12069263941245	-0.858831831892525
chr7	11765846	12051673	3608	91119	87381.9355	63323	64105.4924	0.0813273379789749	0.101547110695929
chr7	12051674	12121093	879	19816	21207.0804	16396	15780.319	-0.14990564546934	-0.0567499852367744
chr7	12121094	12401581	3594	90399	87256.716	65488	63642.645	0.0129959832297866	0.0921708944927698
chr7	12401582	12436358	463	13028	11203.2	6557	7992.99	0.506596265565712	0.258835011158566
chr7	12436359	13134105	7945	199311	192240.3195	141478	142041.4526	0.0610367966652875	0.09324064190402
chr7	13134106	13225978	594	24036	13860.2779	11227	11493.1345	0.831232608952173	0.835370901298014
chr7	13225979	13514965	2514	56569	58479.34	47950	48546.138	-0.0268975238054782	-0.00678510281641286
chr7	13514966	13532315	28	176	653.124	0	534.785	31.3306915779292	-1.85065123559043
chr7	13532316	13559330	30	874	699.884	999	574.552	-0.474337631555841	0.36164771095302
chr7	13559331	13578283	37	97	864.652	6	713.63	3.74119911084227	-3.11493269035871
chr7	13578284	13606597	125	903	2918.94	1525	2396.812	-1.03714703038953	-1.65151640449621
chr7	13606598	15145264	14186	320641	331418.784	261921	267506.2583	-0.0140634282095431	-0.00656620188575738
chr7	15145265	15145789	7	80	165.161	0	132.002	32.1766719186112	-1.00467089514593
chr7	15145790	15952312	6605	143125	153894.867	121241	125817.056	-0.0480274430537532	-0.0635391613618137
chr7	15952313	16013618	65	688	1516.13	14	1266.84	5.36294280654988	-1.09878273362197
chr7	16013619	16017543	6	80	139.128	57	115.458	0.223185547211393	-0.757210633015576
chr7	16017544	16067423	63	582	1478.34	16	1219.17	4.90998865365903	-1.30375679295095
chr7	16067574	16238089	347	3714	8105.34	1	6726.37	11.5929046881255	-1.08476863091699
chr7	16238090	16287554	306	6147	7139.716	5485	5833.473	-0.123928642745831	-0.174853945186828
chr7	16287555	16379747	226	2507	5260.452	24	4387.684	6.4482487367899	-1.0280945125709
chr7	16379748	16443204	337	8736	7835.3546	4597	6538.5376	0.668441746665586	0.198104547197039
chr7	16443205	16472823	378	8213	8806.655	7016	7402.7155	-0.020086891663491	-0.0595545931234916
chr7	16472824	16515143	231	7231	5382.6936	4092	4519.3965	0.572382984018882	0.46699712963278
chr7	16515144	38017696	192425	4323344	4481007.0095	3550743	3652098.3002	-0.00787857212994915	-0.0105450917110191
chr7	38017697	38017996	4	98	93.142	0	77.7007	33.2958229605723	0.114480146654416
chr7	38017997	38309004	3390	76274	78676.5519	63483	65289.7294	-0.00106449218798864	-0.00361211243674452
chr7	38309005	38309679	9	0	209.741	185	166.816	-33.2160888255125	-33.1781506906939
chr7	38309680	40057271	19837	447717	461131.183	371010	384462.6412	0.0119873374002553	-0.00145987084557184
chr7	40057272	40067414	88	10	2035.45	840	1694.75	-6.65340059706249	-7.62807368492692
chr7	40067415	41887893	21189	480777	492359.1437	397154	407241.4709	0.00503490282166361	0.00678708764846196
chr7	41887894	41888118	3	0	69.9678	31	58.0494	-33.2160888255125	-33.1781506906939
chr7	41888119	64512559	250214	5658181	5818536.7662	4729302	4818346.4455	-0.0102150836255531	0.000812193558213173
chr7	64512560	64517482	65	923	1506.81	351	1253.18	1.13214787778388	-0.665964701529477
chr7	64517483	64524406	90	1048	2086.79	0	1729.22	32.2288263640806	-0.952516449687107
chr7	64524407	67054937	27376	622115	636131.1499	508806	521899.2314	0.00770477539395775	0.00898731649369942
chr7	67054938	67055999	10	96	231.585	0	187.46	31.952037571678	-1.22930524202896
chr7	67056000	87181225	224997	5097268	5238586.395	4199609	4316852.2166	0.00346346155918928	0.00167690580239193
chr7	87181226	87183441	29	345	676.351	1	572.883	8.19411297581576	-0.930045523401499
chr7	87183442	87741381	5112	115117	118924.011	97424	100009.5581	-0.005958239314961	-0.00580886882168062
chr7	87741387	87743708	29	381	671.394	0	560.662	32.4051044256925	-0.776238388108207
chr7	87743709	88068911	2059	45752	47926.8716	39439	40258.9519	-0.0341211959768195	-0.0258697029257413
chr7	88068912	88070793	25	262	581.891	0	495.014	32.0712909516318	-1.11005186210272
chr7	88070794	88798737	8213	181156	191331.7389	155306	160243.1589	-0.0305023012474365	-0.0377133658782884
chr7	88798738	88799112	5	77	115.238	0	92.994	32.6407868958569	-0.540555917982195
chr7	88799113	91946183	35660	811335	828960.9424	673711	691802.6748	0.0104164570806376	0.010123855349833
chr7	91946184	91947534	17	210	396.745	1	334.207	7.46996750238987	-0.876692455190204
chr7	91947535	100834539	97440	2204612	2265289.9996	1801898	1866074.349	0.0145102617044213	0.00195927567434954
chr7	100834540	100835023	6	2	140.482	57	117.279	-5.09013846827897	-6.09311121080903
chr7	100835024	110453863	99468	2253895	2309368.487	1814037	1908214.5542	0.0411335513883912	0.00605217547992513
chr7	110453864	110456858	33	660	767.671	299	643.981	0.892042637888875	-0.176891866196344
chr7	110456859	113595696	34447	788880	800147.6608	651034	665875.7089	0.0152517454486286	0.0206698582702828
chr7	113595697	113599105	35	468	811.539	803	669.35	-1.05359897550821	-0.753021639565597
chr7	113599106	117081234	38332	902606	904740.5325	692153	710819.4461	0.0381765564581697	0.0377225212592367
chr7	117081235	117091691	134	4913	3122.35	2564	2521.45	0.633021452220487	0.695102231997637
chr7	117091692	127459900	120872	2845650	2862312.6133	2207007	2230048.4047	0.00975292438525868	0.0327072396439981
chr7	127459901	127556147	1120	23477	26342.3525	19876	20783.4347	-0.0985373529163717	-0.125005866720271
chr7	127556148	145280771	207316	4738341	4850597.5923	3824254	3895749.3125	-0.00386585028487899	0.00734978791612453
chr7	145280772	145442654	101	3303	2366.536	968	1912.1304	1.46629418443677	0.522130359231313
chr7	145442655	145481469	51	292	1187.472	253	987.363	-0.0562179003829061	-1.98272296282772
chr7	145481470	145683106	136	1232	3161.73	244	2614.6072	2.0651213753276	-1.318581657575
chr7	145683107	145729228	508	11762	11859.803	9396	9704.1391	0.0377989900786445	0.0291836080743108
chr8	510	4283987	38851	856604	905089.164	735682	756099.8346	-0.0367449418393694	-0.0383012525408012
chr8	4283988	4290397	22	635	510.5581	142	426.7484	1.90536838444504	0.355811705311692
chr8	4290398	4322945	196	4642	4558.847	109	3818.755	5.15997197321352	0.0672077894465124
chr8	4322946	4324841	8	282	186.708	77	156.869	1.62473346906355	0.636041675911224
chr8	4324842	4328222	22	538	512.353	7	434.64	6.02998236892852	0.111598293001252
chr8	4328223	4329114	5	141	115.771	70	96.5277	0.751201456129323	0.3255515095283
chr8	4329115	4339180	63	1590	1469.92	93	1237.66	3.85072176500822	0.154419384913452
chr8	4339181	4377022	8	169	185.68	68	154.791	1.0541118817644	-0.0946649229493218
chr8	4377023	4420836	14	158	328.4056	1	268.9357	7.01875538363338	-1.01442391140104
chr8	4420837	25789142	213413	4872422	4972813.2115	4019372	4086610.729	-0.00229630993073182	0.0117071069239036
chr8	25789143	25794499	31	266	719.098	564	591.172	-1.36368725056172	-1.39363189290455
chr8	25794500	37996372	139576	3232245	3245140.6455	2617877	2660805.1817	0.0209132424381216	0.0353858085078751
chr8	37996373	37998354	26	0	604.716	245	509.638	-33.2160888255125	-33.1781506906939
chr8	37998355	41412899	24065	530122	560873.9603	435047	459963.6923	0.00218864745215317	-0.0402219327016973
chr8	41412900	41416849	32	2	741.719	225	619.335	-7.07074179635645	-8.49359860390081
chr8	41416850	61302942	214505	4928893	5006980.4655	3970814	4050922.3499	0.00933060575769644	0.0184530937749656
chr8	61302943	61303242	4	5	99.5917	82	70.2624	-4.53570443933091	-4.27489525164363
chr8	61303243	66087131	57510	1319871	1347881.7213	1051016	1078476.9703	0.0101058895470886	0.0108332870102849
chr8	66087132	66210882	1622	34543	38184.214	29867	30138.889	-0.128316916379705	-0.103452684755865
chr8	66210883	122339384	619769	14083325	14443925.1029	11449200	11782000.8572	0.0080550337828909	0.00465540082482181
chr8	122339385	122340144	7	0	160.468	66	132.543	-33.2160888255125	-33.1781506906939
chr8	122340145	122447549	885	20569	20813.414	16235	16444.642	0.00466036797826781	0.024088286537377
chr8	122447550	122448439	10	2	232.02	100	189.504	-5.93268492736895	-6.81697508511279
chr8	122448440	126318254	44125	972014	1029083.391	811971	829807.5759	-0.0477701459778812	-0.041180637993696
chr8	126318255	126540157	2593	61664	60295.616	49019	49383.15	0.0462453016209135	0.0735056252300466
chr8	126540158	127146310	4021	81791	93792.997	70276	75578.7797	-0.089396835505359	-0.156407847717882
chr8	127146311	133306290	71764	1653002	1685910.4818	1314642	1339878.1579	0.00218449216159346	0.0126907941760747
chr9	501	17796659	146894	3272285	3444641.6266	2651455	2771428.9616	-0.00701760212897547	-0.0329252319676282
chr9	17796660	17841593	538	13859	12776	8743	9788.04	0.283470666797455	0.15851720361954
chr9	17841594	21436752	41246	939686	959486.899	766356	782529.8186	0.00323876616246231	0.011045905325682
chr9	21436753	22071110	150	1378	3486.586	341	2896.896	1.75061719040508	-1.29810892093859
chr9	22071111	48180431	291766	6605981	6791124.1407	5478415	5593363.5237	-0.00672792129236471	0.00125267369933617
chr9	48180432	48181706	17	176	395.87	363	330.225	-1.30277939131609	-1.12832105317333
chr9	48181707	63804547	167213	3776464	3887424.9041	3139352	3223495.8519	-0.000427321813100721	-0.000648513580154594
chr9	63804548	63805646	13	7	302.228	100	252.933	-4.0901911911079	-5.39100832890011
chr9	63805647	89159436	294108	6741864	6840521.8199	5523904	5624742.6401	0.0083321051059113	0.0201713998925449
chr9	89159437	89161928	25	0	578.421	219	482.567	-33.2160888255125	-33.1781506906939
chr9	89161929	96204106	76067	1751503	1772382.9272	1419501	1441841.3832	0.0086238447827366	0.0240333825552395
chr9	96204107	96268537	146	3644	3400.6258	2373	2690.5699	0.284114507201309	0.140852954773987
chr9	96268538	101201615	60195	1409476	1417779.2461	1106074	1117783.0073	0.00991035752099794	0.0326562541267926
chr9	101201616	101204025	8	1	184.524	76	154.846	-6.49770973341206	-7.4865343767021
chr9	101204026	101221287	110	2403	2550.04	2020	2125.17	-0.00926814633431314	-0.0445529706164665
chr9	101221288	101246227	199	2641	4614.335	3620	3836.161	-0.718172749460437	-0.763908187320842
chr9	101246228	103939179	26319	589659	612357.7312	494628	510733.2952	-0.00507549199737216	-0.0133635594265692
chr9	103939180	103947327	64	848	1483.5706	342	1221.8982	1.03331057424048	-0.765807154936785
chr9	103947328	104609892	6835	155775	158923.2168	128740	132507.9145	0.0159440978265712	0.0122640744868681
chr9	104609893	104610793	12	2	276.978	138	230.147	-6.37254807418162	-7.07249730106165
chr9	104610794	106204873	12623	276610	293249.6572	230711	242846.046	-0.00712877948989633	-0.0431458497374043
chr9	106204874	106454426	206	1595	4795.6469	1888	3956.3535	-0.517664318927279	-1.54703875547032
chr9	106454427	113760658	85614	1951882	1991634.1592	1628873	1643298.0287	-0.0131746761938213	0.0120434316080041
chr9	113760659	114017086	1360	27831	31587.3373	20800	25615.1113	0.12095017454104	-0.141523322513414
chr9	114017087	120358648	70328	1591546	1636420.0004	1304486	1334058.9274	-0.00458116339331753	0.00101603857666224
chr9	120358649	120360898	30	0	694.89	643	580.829	-33.2160888255125	-33.1781506906939
chr9	120360899	121416511	9749	215436	226999.1322	179626	189741.598	0.00680450413307916	-0.0342971752007284
chr9	121416512	121417575	7	180	160.4	0	133.533	33.3887958369968	0.20745302307042
chr9	121417576	121641977	2003	42427	46575.0881	36389	38789.8488	-0.0392069579582646	-0.0934455700722047
chr9	121641978	121652090	90	2901	2093.0656	1650	1744.9592	0.554852169975437	0.512063025163737
chr9	121652091	122086633	3867	86795	89920.7453	70015	74506.912	0.0418602984198469	-0.00991179920406542
chr10	1186	491742	912	11807	21282.8402	9491	17213.0493	0.0120145605768297	-0.808917991358371
chr10	494889	5729917	49134	1137321	1148729.4962	909769	924922.4462	0.0126246395516506	0.0267306485550891
chr10	5729918	5733943	53	1	1235.06	502	988.699	-9.28932919279168	-10.2292349788556
chr10	5733944	55969912	582465	13381375	13604437.8065	10767475	11006774.6676	0.0110529529643274	0.0172792862120153
chr10	55969913	56008466	501	12522	11854.7	8722	9244.33	0.166107746825439	0.120136110810538
chr10	56008467	56026475	174	3553	4241.116	1693	3082.926	0.612504156186828	-0.214275996025513
chr10	56026476	57042140	12685	292924	298746.1175	231700	234877.2412	-0.00555255520681393	0.0127366960473401
chr10	57042141	57042590	6	0	138.823	72	111.823	-33.2160888255125	-33.1781506906939
chr10	57042591	63321003	68750	1569927	1608184.8241	1246181	1297078.431	0.0262084715821169	0.00639451428401319
chr10	63321004	63321548	6	100	139.07	0	114.554	32.7466618350946	-0.434680978759762
chr10	63321549	65217111	22591	522984	530717.7354	413392	420451.6841	0.00644372585777918	0.0199523069398531
chr10	65217112	65321586	908	17864	21285.0075	16153	17010.3162	-0.174982492637171	-0.21165218384407
chr10	65321587	69406509	46215	1058992	1079527.8828	850633	868680.1992	0.0057716353796924	0.0134214422931723
chr10	69406510	69406809	4	0	92.2035	69	76.5171	-33.2160888255125	-33.1781506906939
chr10	69406810	74768302	60611	1406802	1413906.5439	1131855	1146240.7979	0.014145653108881	0.0338627850872985
chr10	74770066	74778367	95	3386	2205.33	1793	1798.76	0.626406762651691	0.659717678336115
chr10	74778368	79802687	60151	1359744	1402376.7189	1104242	1140955.1236	0.00583889998607956	-0.00340863286097399
chr10	79802688	79804941	22	604	515.727	193	431.639	1.39235747076493	0.269071230521633
chr10	79804942	86673881	80690	1836641	1894994.0012	1469592	1511709.541	-0.00116621159481195	-0.00399336621392673
chr10	86673882	86742256	890	21956	20868.8732	14893	16380.2004	0.213773274637514	0.114392797436305
chr10	86742257	109381214	266709	6115805	6280673.2204	4878129	4969790.4909	-0.00832755373303838	0.00275345725776082
chr10	109381215	109398058	218	4170	5119.726	3846	4053.604	-0.21698069947236	-0.254888959405712
chr10	109398059	110014660	7576	183473	180730.8965	132185	137632.3385	0.083177750510986	0.0628548686974136
chr10	110014661	112626397	14353	314467	335207.2597	251293	269823.6509	0.013693684886339	-0.0510145065932865
chr11	797	8860931	89986	2013058	2094451.6855	1701487	1752293.8236	-0.0115431648625193	-0.0160536067589445
chr11	8860932	8862446	19	0	440.947	134	368.062	-33.2160888255125	-33.1781506906939
chr11	8862447	10646262	20417	456087	474795.6953	387145	395148.1406	-0.0252860727388323	-0.0168675474580711
chr11	10646263	10648223	24	132	556.583	3	460.713	5.18989518271311	-2.03492865599618
chr11	10648224	23020145	133703	3022168	3109987.4403	2532829	2600165.1178	-0.000279207312499055	-0.000194634666073203
chr11	23020146	23120157	18	79	418.682	0	351.078	30.8165427356517	-2.36480007763872
chr11	23120158	38015362	165209	3780848	3853130.5822	3090107	3136080.8073	-0.00282316673849924	0.0138090290826681
chr11	38015363	38028567	27	11	633.886	276	511.496	-4.95540115770461	-5.80751770964131
chr11	38028568	38030545	19	230	439.985	279	364.681	-0.546258440881187	-0.89469022050071
chr11	38030546	38031855	17	5	397.913	134	318.19	-5.06353350532306	-6.27325085853579
chr11	38031856	38048711	169	2722	3947.534	2609	3193.047	-0.241655657200104	-0.49515436680021
chr11	38048712	38049836	15	21	348.622	155	290.864	-3.14193372630014	-4.01207212089172
chr11	38049837	40565220	17629	396270	410828.7409	327474	338104.4965	-0.0027724041305331	-0.0109231045892442
chr11	40565221	40572702	43	0	1004.372	337	825.153	-33.2160888255125	-33.1781506906939
chr11	40572703	40688625	1277	29042	29723.0586	24716	24974.3312	-0.0152488837845318	0.00768848584591868
chr11	40688626	40691989	4	0	92.7401	89	77.0532	-33.2160888255125	-33.1781506906939
chr11	40691990	40874959	1967	43599	45787.266	38810	38420.693	-0.0820041460407803	-0.0295211193098692
chr11	40874960	40878262	44	0	1023.52	829	861.564	-33.2160888255125	-33.1781506906939
chr11	40878263	90043982	535158	12196509	12464480.2536	10000091	10235964.9208	0.00547164197577413	0.00977579710533762
chr11	90043983	90463331	4336	85785	100875.8527	73056	83594.1125	-0.0361928611126899	-0.192653298880152
chr12	322	8204082	63217	1382938	1479008.1909	1136457	1189521.613	-0.0278630530503585	-0.055763305013883
chr12	8204083	8204382	4	0	93.277	52	77.6114	-33.2160888255125	-33.1781506906939
chr12	8204383	9284479	7529	168576	176225.1667	137195	141390.1912	-0.0173745570181226	-0.0228905559684516
chr12	9284480	9285890	17	168	394.635	0	330.291	31.990415391531	-1.19092742218504
chr12	9285891	10010128	8677	188091	203390.2297	154685	161990.3394	-0.0430529614890416	-0.0716893007348848
chr12	10010129	10017326	91	3916	2127.97	1630	1712.58	0.954394494291239	0.921033211249889
chr12	10017327	10169720	1792	41125	42195.5918	32232	33277.7475	0.0121795878800738	0.0040536496286847
chr12	10169721	10440877	3134	60909	73375.0159	51938	58458.7206	-0.0948135741828588	-0.227503233951316
chr12	10440878	20376702	101384	2283263	2386259.2241	1829019	1887682.1424	-0.0149158088192838	-0.0225234686081443
chr12	20393218	20802923	426	3082	9917.142	3964	8088.9559	-0.653868895084382	-1.6449272928069
chr12	20815326	22382720	6135	119958	144964.2378	95586	113859.13	-0.0175967917937086	-0.23203740348098
chr12	22382721	22478692	1202	26967	28692.6788	20016	21869.1351	0.0414469611520869	-0.048357373770246
chr12	22478693	22597119	1259	20124	29709.6971	17182	23295.1181	-0.119695011133754	-0.520886543375558
chr12	22597120	22597729	8	87	185.772	2	154.462	5.17985449328194	-1.05331550709825
chr12	22597730	24609380	25305	586080	596994.0648	464183	468200.667	-0.0109935564529819	0.0145112759206379
chr12	24609381	24665436	668	11997	15710.2198	10494	12255.1836	-0.16201015214122	-0.34789942001437
chr12	24665437	26853479	25335	575620	593404.8084	472011	474788.7724	-0.0322424363344654	-0.00276963919774314
chr12	26853480	27196765	4053	79238	94170.4536	70993	76459.7621	-0.13886595774346	-0.207951754011038
chr12	27196766	34956111	82219	1838879	1919702.3259	1525575	1544425.5574	-0.0411467182700161	-0.020925809707864
chr12	34956112	35049419	19	272	441.601	11	364.004	4.35243420625082	-0.658006529195265
chr12	35049420	36537502	4567	96840	107404.6205	79800	85157.4034	-0.0524457372769908	-0.108250815981487
chr12	36537503	36708850	2025	49651	47939.2198	36238	37378.6169	0.0985183210485641	0.0917466034406007
chr12	36708851	42744960	72190	1639470	1708502.8051	1306838	1331176.5382	-0.02968938982104	-0.0183728554453065
chr12	42744961	42831340	1124	22918	26389.9341	21302	20985.121	-0.22193658225393	-0.162376340694023
chr12	42831341	44173875	16622	366325	392772.4836	302087	307876.1403	-0.0699916118332107	-0.0594394424776421
chr12	44173876	44174775	12	491	223.866	211	172.811	0.848231768480319	1.17421784953066
chr12	44174776	49092886	58240	1336895	1379866.1962	1060951	1072591.3372	-0.0267076142464583	-0.00451195890276912
chr12	49092887	49306108	135	1606	3134.97	825	2573.265	0.679346390474805	-0.923849485950497
chr12	49306109	52716696	41248	949883	977168.6371	753893	760784.1918	-0.0245381208531734	0.000272521487674753
chr13	0	28273732	245121	5411851	5704585.3687	4610372	4757632.7246	-0.0274470457748651	-0.0348696520078707
chr13	28273733	28278308	59	657	1368.19	0	1139.48	32.1641697572735	-1.01717305648103
chr13	28278309	30937628	24652	550495	574152.5838	470407	481031.298	-0.0252913709739306	-0.0195744724117368
chr13	30937629	30938078	6	65	140.207	0	119.073	32.1134263160887	-1.0679164976551
chr13	30938079	33517306	23373	529959	544498.6575	461958	456286.7035	-0.0536766961509844	0.0020825170963125
chr13	33539748	33594375	31	185	719.1108	409	602.9197	-1.39563165670582	-1.91755854757338
chr13	33594844	33890590	571	11605	13273.7889	10227	11022.3226	-0.0825963373390372	-0.152703454565664
chr13	33890591	33900790	85	628	1977.387	0	1647.508	31.5677142838383	-1.61362852976239
chr13	33900791	33909395	92	2444	2147.4444	1691	1795.7375	0.276515443113214	0.22775376478052
chr13	33909396	33936617	231	1983	5395.761	21	4472.06	6.293456729591	-1.4030115107848
chr13	33936618	33942282	3	47	70.5459	20	58.0565	0.95474824150007	-0.544771223248304
chr13	33942283	33955505	101	1191	2350.22	10	1957.76	6.63562980393517	-0.939492139614553
chr13	33955506	33962089	2	29	48.6709	17	37.4081	0.394001516137102	-0.705876293857185
chr13	33962090	34029634	360	3680	8394.394	15	6920.304	7.66320074784705	-1.14859015448061
chr13	34029635	41811314	87949	1980292	2050147.1356	1643964	1676853.3873	-0.0182443060451773	-0.00888401920074028
chr13	41811315	41812762	18	212	416.731	0	344.369	32.24742091305	-0.933921900721378
chr13	41812763	41947599	1518	34803	35275.432	28349	28865.932	0.00981000458058991	0.0216781784297359
chr13	41947600	41949672	27	247	628.482	4	519.376	5.67646726002952	-1.30623012546226
chr13	41949673	46159166	45400	1020687	1055487.3924	841274	861927.427	-0.0101860561360899	-0.00723856508349057
chr13	46159167	46159621	6	0	138.689	53	116.701	-33.2160888255125	-33.1781506906939
chr13	46159622	52600516	78629	1808225	1845612.8425	1441953	1473096.5107	0.0044941921049071	0.0116045158308678
chr13	52600517	52601171	8	3	187.108	73	152.659	-4.89522852861223	-5.92163466572224
chr13	52601172	53504856	11210	259758	264089.2982	204429	208748.5463	0.00950074683901601	0.0172726003517627
chr13	53504857	53512425	99	324	2338.843	539	1798.3317	-1.11023520886076	-2.81059904340716
chr13	53512426	56937407	40064	882037	931008.2196	727829	768832.2915	0.00430678988718576	-0.0368244709080299
chr13	56937408	56939973	34	345	790.742	0	667.937	32.02586237917	-1.15548043455428
chr13	56939974	57482305	6324	147801	147321.532	121772	123282.243	0.0256624234375163	0.0458179838575582
chr13	57482306	57482760	6	0	140.202	121	118.516	-33.2160888255125	-33.1781506906939
chr13	57482761	58419058	9914	211367	230951.0568	180389	193314.4719	-0.0248065952478497	-0.0867067381311541
chr13	58419059	58422103	13	3	303.819	150	255.24	-5.89202171375944	-6.62097551108231
chr13	58422104	58731910	3343	74729	77884.025	64167	65479.3259	-0.0272591684243598	-0.018528968537414
chr13	58731911	58739638	92	2200	2136.45	0	1784.39	33.2647610424087	0.0834182284938324
chr13	58739639	59185508	4902	109588	114121.136	95214	95879.4651	-0.0452359180515481	-0.0173459245039214
chr13	59185509	59186408	12	0	280.1825	41	234.0586	-33.2160888255125	-33.1781506906939
chr13	59186409	59199956	174	3514	4059.84	3504	3415.44	-0.242047883327794	-0.167178421620435
chr13	59199957	59211739	42	0	987.412	556	801.592	-33.2160888255125	-33.1781506906939
chr13	59211740	64170771	53739	1194199	1250761.8403	1005970	1046510.6898	-0.00657195393905105	-0.0256335855533901
chr13	64170782	64217311	419	8360	9773.5509	7937	8142.3043	-0.185344413368259	-0.184249612828258
chr13	64217312	69883462	62942	1418796	1463894.2497	1182645	1214961.1255	-0.0030589719858311	-0.00401391215468222
chr13	69883463	69884287	11	129	253.49	6	211.554	4.16855400192546	-0.933427510947335
chr13	69884288	76101517	73506	1667502	1712164.995	1351273	1394173.7802	0.0101501059205607	0.00299701448887046
chr13	76101518	76103317	24	272	553.828	0	460.485	32.1966417295216	-0.984701084239639
chr13	76103318	82450357	74623	1697363	1732850.8203	1388610	1430966.0292	0.016687755382445	0.0112779332061356
chr13	82450358	82450882	7	0	161.649	62	135.552	-33.2160888255125	-33.1781506906939
chr13	82450883	83798428	16924	385531	393601.6143	312162	321944	0.0178176922235872	0.0112409904961524
chr13	83798429	83799423	12	106	276.236	5	228.674	4.13657546987544	-1.34070682535034
chr13	83799424	84625803	10440	242966	243607.3138	192155	197108.6348	0.0361095782961662	0.0373272516718244
chr13	84625804	84636000	135	4805	3131.48	2582	2566.73	0.612326432451612	0.658822024442501
chr13	84636001	87422610	31684	717154	736692.3249	591154	602530.9712	-0.00808574736181102	0.00235099929949639
chr13	87422611	87428935	37	0	862.745	131	707.781	-33.2160888255125	-33.1781506906939
chr13	87428936	94676803	81264	1859295	1890524.0806	1511807	1548157.3469	0.013439720170284	0.0170997222337249
chr13	94676804	94678304	20	1	467.112	430	382.394	-9.03370927198279	-8.82649437232341
chr13	94678305	110579625	184534	4215724	4306008.1984	3435924	3480134.7689	-0.00893347467455464	0.010559610011524
chr13	110579626	110649764	93	1079	2173.837	511	1730.461	0.752404451497261	-0.96941864406619
chr13	110649765	114025099	40759	943964	949613.832	761276	772250.6401	0.0152325797275936	0.0325211495169009
chr14	322	726156	288	2587	6730.6406	2416	5514.6701	-0.18561751660539	-1.33833350971121
chr14	726157	748360	85	1464	1983.727	2371	1625.024	-0.980140456235258	-0.39716768406728
chr14	748361	1962908	6465	122638	150951.6254	103074	124681.3005	-0.0219234497721529	-0.258549958466783
chr14	1962909	2097047	1684	42138	39750.9	30299	31180	0.128677188350079	0.125264574500128
chr14	2097048	17278107	161475	3661027	3760391.9913	3000522	3057218.5668	-0.00843633316321009	0.00249561249921008
chr14	17278108	17279137	13	0	304.955	126	244.957	-33.2160888255125	-33.1781506906939
chr14	17279138	46639902	323916	7305965	7534194.3457	6055557	6221255.3891	-0.00224021845552322	-0.00324814764395235
chr14	46639903	46662097	19	112	436.2479	6	338.9715	3.86160032977158	-1.92051919550259
chr14	46662098	47868730	7782	173712	181188.1994	147511	150978.7951	-0.0240760585245585	-0.0196613202210666
chr14	47868731	48253953	1048	20333	24435.2129	19426	20447.4385	-0.188015202350177	-0.224008325229231
chr14	48253954	82359144	364775	8264389	8502294.5915	6806862	7009365.2529	0.00454198165168688	0.000186173929614834
chr14	82359145	82376808	223	5541	5161.743	3827	4171.283	0.229757471990608	0.143418313031787
chr14	82376809	85308029	34446	804097	810142.8558	640413	641382.3701	-0.00543255151338346	0.0303234789810511
chr14	85308030	85315005	93	2924	2205.02	1600	1597.13	0.407753535251021	0.448281828186133
chr14	85315006	95519623	101977	2318535	2377722.2882	1901963	1943171.7556	-0.00225034860786825	0.00476354187081881
chr14	95519624	95529143	15	159	349.926	12	281.576	3.41758708346829	-1.09689283884897
chr14	95529144	95531139	8	231	185.503	125	151.625	0.598222006728677	0.357580591284248
chr14	95531140	95550871	32	417	740.906	27	609.0943	3.66958327794119	-0.788112874870134
chr14	95550872	95572277	126	1290	2930.974	4	2448.897	8.07709931086308	-1.14287884611041
chr14	95572278	101967556	40797	907879	948691.4458	758107	789326.8741	-0.00202540095709701	-0.0223086490504323
chr14	101967557	101989322	24	274	557.8279	15	468.8947	3.94377748514783	-0.984513941518429
chr14	101993268	102173977	65	915	1511.6713	969	1253.6719	-0.349517442780782	-0.683170565030335
chr14	102173978	102218126	51	503	1187.728	13	974.0491	4.99102890273914	-1.19844392063924
chr14	102218127	102568365	3136	68308	72856.0573	56226	60555.9977	0.0172301933981742	-0.0518641136135764
chr14	102568366	102571152	36	399	834.505	706	689.77	-1.09489262377408	-1.02340168870143
chr14	102571153	102766785	2279	52006	52904.9332	42676	44037.6109	0.0237791903861182	0.0164060819107811
chr14	102766786	102771314	34	612	788.3215	263	642.4674	0.926500105706266	-0.324122210608749
chr14	102771315	115493372	142264	3211710	3312357.8785	2633179	2717796.4104	0.00430699052002469	-0.00338666545187236
chr15	0	20651645	219672	4995063	5108079.832	4080367	4187078.035	0.00815881272078693	0.00885205990188596
chr15	20651646	20651945	4	4	92.1754	55	76.8666	-4.0401925040681	-4.48517960536684
chr15	20651946	29234041	66458	1494234	1547992.6256	1234912	1260584.5128	-0.0181157760750728	-0.00986224567455957
chr15	29234042	29895296	259	2584	6019.853	3437	4967.3808	-0.685594568061119	-1.17899192940734
chr15	29905967	29952152	52	946	1209.385	732	986.952	0.079966894516917	-0.31323124342756
chr15	29952153	30406082	239	3267	5554.7672	4711	4597.4846	-0.797756461255915	-0.724629736407349
chr15	30406083	30571143	352	6566	8186.9871	5533	6783.8569	-0.0210819349292292	-0.277187613851414
chr15	30571144	30721414	213	3360	4954.3389	4076	4104.2892	-0.547060863173532	-0.519101067665455
chr15	30721415	30985145	197	3639	4583.016	3364	3760.34	-0.168877740966647	-0.291625012845954
chr15	30985146	31018343	55	582	1284.0007	1446	1051.1843	-1.5984147258134	-1.10042467223176
chr15	31018344	31904139	450	5478	10464.5049	6502	8604.2242	-0.526429199943193	-0.892652626348188
chr15	31904140	31950404	105	2350	2440.09	2030	2026.28	-0.0537276625618098	-0.0131433458483031
chr15	31953379	32138539	146	1882	3396.688	4249	2792.1285	-1.45442795952252	-0.810731820222501
chr15	32159991	34892234	28954	666821	678610.606	527624	542149.921	0.0170893507760412	0.0158458196471504
chr15	34892235	34894492	22	920	507.842	370	421.603	1.04880613152402	0.898384404463241
chr15	34894493	61632237	284636	6529965	6626096.0727	5282189	5401697.0233	0.0143850606270605	0.0200463959993241
chr15	61632238	61632705	5	65	116.136	4	95.7222	3.7466701428683	-0.796173368469903
chr15	61632706	61981095	4256	98887	98762.0482	78591	81175.7905	0.0517016588419807	0.0429543740265602
chr15	61981096	61983858	36	735	839.171	367	673.047	0.68689874198862	-0.150090313950726
chr15	61983859	72468242	109422	2432663	2545774.0133	2066059	2126268.7335	-0.0209332654913367	-0.024437623814094
chr15	72468243	72481667	144	1631	3349.26	1	2803.37	10.4180525797465	-0.996955334966693
chr15	72481668	73728860	13870	305905	322919.3276	262182	271072.9456	-0.0267854904811888	-0.0369598465679322
chr15	73728861	73736408	34	396	787.772	3	673.663	6.8218351340633	-0.951147450979225
chr15	73736409	74097842	3702	84709	86168.5367	72389	72382.176	-0.0215898097652081	0.0164843322570791
chr15	74097843	74107642	54	2540	1256.07	1144	1066.1	0.917359470212356	1.0570418882811
chr15	74107643	75542225	15352	340394	357456.9666	292578	300135.0522	-0.0305813126532346	-0.0294337039723592
chr15	75542226	75543079	9	119	210.028	0	177.707	32.4028529713606	-0.778489842439778
chr15	75543080	86827848	128909	2882390	2998366.3717	2425456	2500384.2941	-0.00982516499125663	-0.0157808675838773
chr15	86827849	86828523	9	0	207.478	86	169.426	-33.2160888255125	-33.1781506906939
chr15	86828524	95309262	94144	2125702	2189319.216	1789858	1821151.253	-0.0143452254159496	-0.00141270410643915
chr15	95309263	95310312	14	3	325.664	143	271.288	-5.83527571919891	-6.7211476633714
chr15	95310313	96729426	16045	358637	373551.2239	306542	313094.6589	-0.0250754856749177	-0.0176514940643558
chr15	96729427	96731694	29	0	670.466	288	564.477	-33.2160888255125	-33.1781506906939
chr15	96731695	97045738	3769	84693	87782.8957	72180	73431.4084	-0.0237068766489698	-0.0105668692917117
chr15	97045739	97046402	7	0	162.29	74	138.548	-33.2160888255125	-33.1781506906939
chr15	97046403	105433378	94667	2128351	2202310.6444	1775590	1822890.9516	-0.00815999217076645	-0.00815162807689373
chr15	105433379	105437135	50	592	1157.96	0	947.386	32.2545567347607	-0.926786079012047
chr15	105437136	106444061	12584	286885	293009.2407	235482	237260.3676	-0.0164271586011223	0.0106566320290375
chr15	106444062	106451357	91	865	2119.389	1566	1707.425	-1.16494625211817	-1.25174611286497
chr15	106451358	106498168	616	14696	14312.9	12072	11581.5	-0.0185429497330727	0.0792377773745765
chr15	106498169	106521936	311	3625	7290.73	0	5782.26	32.2143907926382	-0.966952021126584
chr15	106521937	107482986	4571	103798	107368.6649	83081	85240.9831	-0.00857359011057223	-0.00766410601648169
chr15	107482987	107788196	70	1442	1621.7929	1640	1332.1046	-0.466314757928766	-0.128388178866803
chr15	107788197	109992075	24236	557127	564404.9311	446522	459704.8784	0.0264444836277393	0.0224059006796413
chr15	109992076	109998201	42	816	977.544	335	806.9	1.01082842883369	-0.219462230134756
chr15	109998202	111239624	12025	274668	279865.4885	227860	233875.7816	0.0137421588345613	0.0140855058499059
chr16	17697	5785472	61536	1420644	1435447.8893	1137692	1161508.2247	0.0181255707192402	0.0261743747088305
chr16	5785473	5785997	7	71	167.054	0	128.058	31.9880494744784	-1.19329333923711
chr16	5785998	17157096	121787	2784124	2845745.1673	2256505	2311253.6823	0.00619475769683188	0.00954724982783957
chr16	17157097	17161876	49	0	1146.57	536	956.866	-33.2160888255125	-33.1781506906939
chr16	17161877	17531413	4456	101527	103822.4974	85931	86003.89	-0.0278402947091059	0.00887460920619092
chr16	17531414	17613328	1078	26712	25414.6	19288	19904.6	0.120420920922897	0.112960732420771
chr16	17613337	19657335	21149	468948	495555.2582	382152	399389.1326	-0.0127773615802443	-0.0384877233631629
chr16	19664265	20071961	4912	121279	117435.3803	88608	88981.8574	0.0557290197232683	0.0875928999787906
chr16	20071962	57056851	364315	8166978	8483850.9682	6778563	7011243.4219	-0.00303395504618997	-0.0137866782057501
chr16	57056852	57058051	16	197	371.69	0	312.584	32.3065688276647	-0.874773986118054
chr16	57058052	57393279	2745	63856	63934.0225	52521	53466.6788	0.0271761193525951	0.0393685763773125
chr16	57393280	57393729	6	157	139.756	0	118.382	33.3903274092175	0.208984595290919
chr16	57393730	59897698	29318	667172	681870.0668	557887	564900.4476	-0.0102222777323491	0.00969214723310297
chr16	59897699	59901598	49	553	1137.56	880	930.38	-0.957082572075779	-0.999460997455242
chr16	59901599	64896286	58180	1318381	1352170.5443	1087380	1108140.2321	-0.00603338155227205	0.00462048962701908
chr16	64920676	64933865	75	9041	1743.87	886	1467.45	3.10531472509576	2.41532011641599
chr16	64934998	64984693	108	9092	2519.6221	1553	2101.0993	2.29066895392594	1.89252057187998
chr16	64984694	66894516	19371	427902	449987.2295	359797	374599.898	-0.0112441639846105	-0.0314733783608759
chr16	66894517	66894891	5	0	117.023	110	99.9233	-33.2160888255125	-33.1781506906939
chr16	66894892	78865173	131041	2965362	3050327.0892	2436007	2492056.9032	-0.00474486277793839	0.000374540116138383
chr16	78865174	78866122	12	35	283.145	143	235.581	-2.29271406169104	-2.97498396727486
chr16	78866123	90668716	135088	3092814	3158205.1904	2521067	2560945.4277	-0.00435065998815377	0.0109454245725017
chr17	545	6665836	66973	1529533	1561369.6535	1242891	1268784.8126	0.00321884971978973	0.0114093569138503
chr17	6665837	6668445	34	1157	733.667	572	592.035	0.710051008564471	0.698321822735932
chr17	6668446	16027105	103760	2359747	2441430.2803	1887998	1928767.498	-0.0150802580666916	-0.00796413182748924
chr17	16027106	16068239	485	9986	11365.782	8990	9095.21	-0.166740181154468	-0.145587879205807
chr17	16068240	36929852	234031	5261840	5441957.9452	4306899	4443920.1569	-0.000182899419910443	-0.00742816907028334
chr17	36929853	36931919	24	236	556.166	1	459.045	7.60895514254031	-1.19559843324677
chr17	36931920	36933570	17	401	394.628	311	326.54	0.0966461842411369	0.0642391719155492
chr17	36933571	36943290	23	83	535.316	0	441.518	30.533265539959	-2.64807727316549
chr17	36943291	43608255	69543	1552548	1616307.5795	1294705	1338316.2827	-0.00707607845860784	-0.0169336345106375
chr17	43608256	43647063	493	12973	11519.6113	8935	9403.108	0.248282185424632	0.21255036148686
chr17	43647064	48038209	39019	885725	906337.6742	718991	749575.7728	0.0301029205702914	0.00794044323379019
chr17	48038210	48492738	376	7535	8770.8922	7626	7289.4035	-0.281049738961321	-0.177985834990208
chr17	48492739	84831862	389480	8761452	9054085.8291	7234353	7454954.906	-0.000871247903855237	-0.0062687428377796
chr17	84831863	84848011	195	4873	4475.3	2997	3682.3	0.423106034873121	0.163956084721357
chr17	84848012	88135728	36233	814381	842630.6518	668764	687821.2701	-0.00546782859003472	-0.00806623559769214
chr17	88135729	88136253	7	1	162.504	73	134.894	-6.45528147374736	-7.30320113834795
chr17	88136254	89385792	14283	325894	331803.2818	266088	274326.2876	0.0212561857858278	0.0152048935687574
chr17	89385793	89463173	215	3555	4995.8027	755	4055.7537	1.93774667366134	-0.449736683267889
chr17	89464669	89642016	1708	34372	39770.825	29363	32850.3473	-0.0453753179781249	-0.169346431056024
chr17	89642017	89653336	99	2262	2311.4441	1962	1932.1103	-0.050151004831582	0.00993471481842658
chr17	89653337	89659072	32	523	758.182	3174	604.01	-2.92619892301346	-0.494603001028892
chr17	89659073	90616851	8031	183009	186508.6161	149300	154222.6211	0.022664669675736	0.0138025774018236
chr17	90616852	90617165	4	4	93.8425	75	75.8578	-4.53257048003078	-4.51103928114761
chr17	90617166	90843705	2871	66433	66812.3651	52755	54449.6322	0.0405915270361757	0.032915193930022
chr18	0	11711898	126017	2795732	2932951.8876	2327711	2416652.2718	-0.0118372605287964	-0.0279970768503423
chr18	11711899	11805830	1123	36778	26081.2641	20185	21554.7931	0.593746483142075	0.536959490488096
chr18	11805831	32667964	231609	5278662	5395607.1848	4348361	4421143.5096	-0.00447305819823471	0.0095172296417624
chr18	32667965	32673664	76	1930	1702.39	1103	1385.82	0.513538480711095	0.222169524350953
chr18	32673665	38380544	51814	1183919	1203047.8837	970017	996241.0132	0.0185532108744353	0.0180065722393328
chr18	38380545	38538212	683	13325	15938.2836	12940	13249.4145	-0.221077626784918	-0.21723048196295
chr18	38538213	40902962	21568	485916	501130.4487	401264	415544.3916	0.00916373877701651	-0.00334900271195696
chr18	40902963	40905621	35	444	822.322	686	665.479	-0.929767062026644	-0.848013491535302
chr18	40905622	44747895	42066	945033	977886.9167	791099	812088.3472	-0.00833237058557522	-0.00817267428452685
chr18	44747896	44754130	83	968	1937.04	1591	1562.39	-1.02376188506821	-0.959644534912776
chr18	44754131	46142204	14691	325220	341499.4953	272044	284143.2734	-0.00449678894849843	-0.0293372067186328
chr18	46142205	46146029	51	665	1193.83	969	999.114	-0.796826409095591	-0.803040908971549
chr18	46146030	54524786	96355	2211785	2237842.2516	1831856	1848156.1809	-0.00092448671769693	0.0242330688435828
chr18	54524787	54529551	62	700	1443.22	0	1199.43	32.1786086628353	-1.0027341509222
chr18	54529552	60530586	67828	1571732	1581844.7792	1276818	1285801.1612	0.00405398758408854	0.0318774590856012
chr18	60530587	60535612	67	2	1556.47	624	1264.18	-8.58228591442477	-9.56293168422406
chr18	60535613	61798643	13391	301307	312444.2897	246266	251797.104	-0.017128429622438	-0.0112345248178076
chr18	61798644	61799384	9	101	208.023	2	171.06	5.37916299056117	-1.00125749687152
chr18	61799385	73209558	129289	2917713	3011247.4128	2391821	2458248.5207	-0.00280979551813885	-0.0043930106505124
chr18	73209559	73210043	6	93	140.441	3	111.426	4.62351016299227	-0.553531294242834
chr18	73210044	76937454	39971	917675	932261.188	744429	756830.1176	0.00427646556935066	0.0183793577007791
chr18	76937455	76939329	25	3	587.264	201	468.162	-6.38989841905439	-7.57177260421141
chr18	76939330	77216193	2359	54775	55727.0879	43115	43671.9304	-0.00315263971391948	0.0162690722831583
chr18	77216194	77217318	15	1	360.608	125	271.915	-7.36986780184314	-8.45315728253102
chr18	77217319	84407142	78095	1776125	1821617.4361	1449518	1484124.7259	0.000744329130659416	0.00464337168271952
chr18	84407143	84409719	34	532	793.952	194	668.621	1.21069859505802	-0.536495284789254
chr18	84409720	86399647	22315	501214	519032.2187	414919	433968.1739	0.0175542604849609	-0.00926712486187557
chr18	86399648	86403308	43	9	1002.37	394	834.933	-5.71261749238094	-6.7581441508725
chr18	86403309	88201446	12511	273574	291257.2553	227904	243566.4057	0.0087181756298439	-0.0492326043234263
chr19	0	25563482	281050	6406169	6558216.8393	5249250	5340931.3092	-0.00566960119461914	0.007288512981725
chr19	25563483	25564778	17	2	409.012	199	305.684	-7.05353460801857	-7.63486907309794
chr19	25564779	26338581	8900	210891	210943.7244	158857	163163.3464	0.0414198213945329	0.0407696183557855
chr19	26338582	26360588	11	48	255.806	212	212.33	-2.40850770997384	-2.37281353352987
chr19	26360589	26624920	262	1662	6096.6969	1196	4979.0246	0.185730435292266	-1.8339771827339
chr19	26624921	27105279	163	894	3791.1547	1009	3136.2362	-0.444990424897475	-2.04316033230345
chr19	27105280	27182738	18	28	419.407	179	350.3519	-2.93281495141436	-3.86372194792632
chr19	27183225	62275498	388313	8841146	9091990.7089	7166608	7299175.9096	-0.0107275546034876	0.000767434068357241
chr20	747	4008	7	266	161.645	15	136.006	3.90242537759843	0.759727621254698
chr20	44062	184652	231	3010	5416.6319	1877	4313.2258	0.355898151578053	-0.806502306970609
chr20	184653	452023	2600	54327	60562.1073	45826	50079.9474	-0.0254872166438488	-0.115615765504397
chr20	452024	504623	131	1842	3048.9411	7	2551.9878	7.78620764661808	-0.685904960523261
chr20	504624	504716	1	24	22.9142	49	18.9607	-1.29978491042009	0.107922746153648
chr20	504717	521973	56	618	1292.07	17	1071.38	4.91697833831449	-1.02287523078279
chr20	521974	653822	978	22838	22704.501	18823	19004.693	0.0255092462828976	0.0495882433997335
chr20	653823	665321	131	2742	3048.68	1738	2565.894	0.412269456475109	-0.111825898574507
chr20	665322	782771	912	20626	21257.0377	17487	17552.4539	-0.0348944410789965	-0.0023462375358695
chr20	782772	791693	86	2898	1995.649	1578	1673.3889	0.626067285340802	0.579329855188634
chr20	791694	1162879	1201	25201	27954.9817	20454	23333.2899	0.0435744357330639	-0.108494159812484
chr20	1162880	1172808	77	1855	1793.97	8	1513.36	7.61499502136831	0.0893936804450215
chr20	1172809	2878790	12815	285075	298432.9963	228664	243993.8365	0.0307420463604402	-0.0249352720069945
chr20	2878791	2883504	12	207	278.614	4	226.672	5.39901751034059	-0.387506727257399
chr20	2883505	3517768	4111	94056	96832.2467	68288	75704.3502	0.109968656796457	-0.000837331131165554
chr20	3517769	4034151	4619	95637	110046.0192	73349	84319.982	0.00182320756411951	-0.161335919308637
chr20	4034152	4044844	122	2091	2854.96	1041	2284.43	0.68777881971715	-0.408147212252066
chr20	4044845	4046353	20	259	466.752	4	339.599	5.56117640515527	-0.808573847961509
chr20	4046354	4048153	24	428	588.938	245	433.239	0.365068526807905	-0.419374708421838
chr20	4048154	4065202	204	2280	4748.83	9	3861.14	7.68953992348037	-1.01740802823297
chr20	4065203	4073472	109	1487	2557.07	767	2027.41	0.62344450491257	-0.740956749196504
chr20	4073473	4276617	2225	46771	52193.908	37918	41739.905	-0.0165305826967814	-0.117136893914097
chr20	4277402	4281483	28	283	664.365	4	518.757	5.79093317498393	-1.19004375983356
chr20	4281484	4432845	1629	39805	39368.5337	27084	29129.8609	0.124156794212493	0.0570369411773694
chr20	4432846	5381107	6543	146780	156480.8937	108768	118476.5014	0.0342077822875312	-0.0512008543380601
chr20	5381108	5403017	60	50	1402.089	204	1115.0982	-2.35578419345129	-4.7683757624552
chr20	5403318	5497967	966	22561	23313.8583	15648	17301.1212	0.100722616943479	-0.00622650747512187
chr20	5497968	5498492	7	0	171.224	71	127.337	-33.2160888255125	-33.1781506906939
chr20	5498493	18211334	138430	3135265	3270525.6278	2510948	2576249.7906	-0.0207026770851284	-0.0198048729153283
chr20	18211335	18216533	43	327	998.221	561	811.092	-1.07501170163128	-1.56893836040471
chr20	18216534	20868256	32114	707718	748678.7726	590960	605064.4206	-0.0439518435617269	-0.0400419786819396
chr20	20868257	20868631	5	78	114.978	3	95.1354	4.43032817071042	-0.518681553453033
chr20	20868632	56205872	394968	8841177	9209899.2858	7308305	7539970.9999	-0.010732681459994	-0.0178166774160277
chrX	598	14951859	128755	2899635	2995762.8469	2411906	2474990.1957	-0.00661086041384749	-0.00592185391954071
chrX	14951860	14972988	246	4699	5859.591	4510	4556.8496	-0.300344755437375	-0.277315941814303
chrX	14972989	21257874	56852	1256716	1323451.7167	1044501	1089258.6919	-0.0109220289730841	-0.0335166458594471
chrX	21257875	21260346	29	0	676.014	597	550.966	-33.2160888255125	-33.1781506906939
chrX	21260347	22597280	12120	271206	282108.9953	223708	232580.9589	0.00244469190423384	-0.0157333138078526
chrX	22597281	22608838	76	0	1766.133	1176	1477.491	-33.2160888255125	-33.1781506906939
chrX	22608839	23823061	9945	216502	231384.4378	180319	191469.2804	-0.00615783798325808	-0.0547812258508974
chrX	23823062	23997754	1101	21252	25579.2326	18965	21238.8686	-0.10081469762044	-0.226244106442088
chrX	23997755	24000875	10	7	236.247	182	187.853	-5.02793944358379	-5.03566701394871
chrX	24000876	35250059	111684	2518573	2594334.999	2105558	2153725.6377	-0.00693425120292592	-0.00162797670420518
chrX	35250060	35275535	187	2828	4393.57	2871	3509.111	-0.342867182998493	-0.59448130112717
chrX	35275536	38341651	30588	681415	710880.0566	564016	590282.5232	0.00778920611786566	-0.019942197142824
chrX	38341652	38346652	53	2434	1233.6195	907	1018.522	1.1509265027633	1.02156195087168
chrX	38346653	106141502	647197	14353759	15069467.5065	12171328	12560151.9178	-0.0216403858184211	-0.0290695774112796
chrX	106167519	106186158	131	2589	3097.1282	2861	2426.3579	-0.49307114003865	-0.217405878400682
chrX	106186159	113106640	68850	1528088	1601899.2937	1274623	1328781.7798	-0.00483010398261368	-0.0269255664999728
chrX	113106641	113110167	46	558	1064	842	885.556	-0.855205691769379	-0.890030865217164
chrX	113110168	150611837	358964	8029132	8349481.5645	6741436	6948886.5141	-0.00952457995685119	-0.015312330600392
chrX	150611838	150631788	57	743	1331.1208	240	1108.1023	1.36896950219778	-0.800077128304586
chrX	150631789	155776346	48524	1072702	1129720.3231	906565	942104.7977	-0.0160471018611934	-0.0335860541457223
chrX	155776347	155847540	219	3756	5270.3389	3344	3853.6593	-0.280852366545054	-0.447568413473281
chrX	155847541	159908582	31202	713920	727045.1692	579638	592933.6862	0.0096281287986915	0.0148476796487954
chrX	159908583	159969947	351	7118	8188.369	7052	6765.135	-0.258825811896117	-0.160973926125773
