chrom	start	end	binNum	tumor	tumor_expect	normal	normal_expect	log2.copyRatio	log2.TumorExpectRatio
chr1	987	1103291	992	14924	22669.48	13028	19129.1057	-0.0447719395600641	-0.560991841863964
chr1	1103292	1115154	42	111	958.7435	454	800.2274	-2.28867619395679	-3.0684600226839
chr1	1115155	1135969	105	1613	2400.5546	1391	1995.7353	-0.0486320565530672	-0.531496120297187
chr1	1135970	1139922	20	146	458.059	511	386.798	-2.04711673179307	-1.60743987506214
chr1	1139923	1149440	55	718	1255.199	590	1049.735	0.0295692449410556	-0.763735167536677
chr1	1149441	1371494	739	8648	16852.5438	14008	14020.407	-0.957059414937666	-0.920402755268645
chr1	1371495	1452024	538	8300	12291.7674	7562	10205.3259	-0.129835339838192	-0.524383938965327
chr1	1452025	1454706	11	4	252.283	151	209.927	-5.49936870431353	-5.9367739836804
chr1	1454707	31272479	308186	6791432	7039002.7544	5737565	5910628.03	-0.00459111730242604	-0.00953005488781068
chr1	31272480	31385444	126	1176	2882.436	10	2424.836	6.63253410603855	-1.25127532381568
chr1	31385445	31518769	1300	29329	29725.792	24834	25043.626	-0.00306926978215041	0.0227378241510583
chr1	31518770	31522345	46	565	1051.54	949	892.621	-0.980350006400425	-0.854055766432246
chr1	31522346	35816514	52510	1187908	1198642.5939	985422	991377.9975	-9.35886146072682e-05	0.0291467529301824
chr1	35816515	35819214	36	428	820.289	0	674.856	32.284950753654	-0.896396294186912
chr1	35819215	36025388	2435	55813	55625.569	46712	46159.958	-0.00810700846812122	0.0469781973666244
chr1	36025389	36026796	18	187	411.314	1	341.478	7.28263815760544	-1.09507671653081
chr1	36026797	54969502	189404	4197385	4324277.4022	3496278	3591975.6881	0.000180696991963884	-0.000843084891241352
chr1	54969503	54978712	28	91	636.4861	0	530.6216	30.4172816816829	-2.76406536542544
chr1	54992873	61509137	55104	1189651	1258872.1399	1002838	1056486.7696	-0.00221593703014065	-0.0394681670219712
chr1	61509138	61511611	30	332	685.687	1	580.317	8.13852165998235	-1.00424173731732
chr1	61511612	62958059	12608	277255	288276.2562	239428	244580.7924	-0.0213280152430685	-0.0141133451777197
chr1	62958060	62995084	43	716	980.832	90	827.476	2.75086539051955	-0.411921269465002
chr1	62995085	63010649	22	453	503.0807	48	432.0902	3.02313869503668	-0.109153602146121
chr1	63010650	63096081	165	1625	3777.905	69	3234.667	4.33792160414675	-1.17502151429687
chr1	63096082	63098328	14	223	320.021	52	271.705	1.86852600726174	-0.478997677421926
chr1	63098329	63102473	47	1181	1074.35	858	916.803	0.236370303516733	0.178670087212501
chr1	63102474	63132023	153	1361	3499.644	0	2968.832	31.8609311341544	-1.32041591359201
chr1	63132024	63708935	1094	23589	25043.6062	19914	21253.9533	0.0118114064295178	-0.0442028692790633
chr1	63708936	63711056	20	245	458.439	0	374.585	32.3195242071861	-0.861822840661372
chr1	63711057	63714502	20	359	455.881	226	372.519	0.380509089975484	-0.302548247145738
chr1	63714503	63720583	76	925	1733.739	71	1437.378	3.43730650413377	-0.864236267049788
chr1	63720584	63722383	24	390	547.821	148	455.675	1.1363688883497	-0.448105255655513
chr1	63722384	63734371	65	1272	1487.584	1072	1248.7606	-0.00148915655111618	-0.183747274073253
chr1	63734372	63739021	36	547	818.965	213	669.964	1.07516047114974	-0.5401357725871
chr1	63739022	63748026	111	2998	2539.954	2988	2124.378	-0.248750349536728	0.281323205288839
chr1	63748027	63757691	22	254	504.913	45	419.056	2.23213110598743	-0.949081134572756
chr1	63757692	63769750	127	2865	2898.47	2364	2414.44	0.0178934527071745	0.0253687768416763
chr1	63769751	63777290	34	325	775.698	3	643.194	6.49328353316434	-1.21293017233714
chr1	63777291	63780536	23	358	523.987	89	432.637	1.73589966951437	-0.507446240471796
chr1	63780537	63830461	96	1050	2198.101	62	1857.193	3.84303465866807	-1.02374315856118
chr1	63830462	63832965	33	307	750.191	232	634.853	0.167469760143141	-1.24689410812877
chr1	63832966	63978783	108	1479	2474.069	546	2053.732	1.17320268012249	-0.700138492827501
chr1	63978784	64071494	14	145	320.21	0	268.794	32.0805067762407	-1.1008402715581
chr1	64071495	65094497	7825	171617	178607.3465	142485	147998.1229	0.00136116686253545	-0.0154737614586684
chr1	65094498	65111385	90	839	2064.135	5	1745.484	7.15287994800054	-1.25666942276994
chr1	65111386	65186757	404	8941	9220.736	7758	7802.3978	-0.0320216440900623	-0.0023205223917795
chr1	65186758	65197843	30	406	686.6234	7	594.3579	5.65398517775133	-0.715914106168202
chr1	65197844	65238148	3	63	68.917	63	59.3368	-0.211741485955429	-0.0873828816505619
chr1	65238149	65239642	15	118	343.176	2	294.67	5.66698584578448	-1.49803661044426
chr1	65239643	65254724	81	1770	1852.65	1210	1585.9268	0.328669431438174	-0.0237158036611491
chr1	65254725	65292195	223	2383	5096.16	128	4348.31	3.99379874494572	-1.05450643050032
chr1	65292196	65370926	328	7150	7513.4493	5840	6376.5719	0.059471813031628	-0.029406944052486
chr1	65370927	65420838	19	180	434.435	3	372.449	5.68898441904067	-1.22901823970425
chr1	65420839	65675920	2113	47185	48169.5369	37799	39459.3122	0.0364162812903991	0.0123324403877167
chr1	65675921	65678778	38	1147	864.849	1450	701.981	-0.635012500272912	0.44947041286506
chr1	65678779	67781910	14679	309566	335386.0024	268149	283191.9424	-0.0326388163892231	-0.0734502596102884
chr1	67781911	67785453	47	538	1077.19	1011	920.912	-1.13205116294308	-0.959469472602923
chr1	67785454	68577480	2533	55545	57979.5098	49050	49362.8169	-0.0485232072069237	-0.0197608944062272
chr1	68577481	68581141	48	499	1098.31	0	938.195	32.0852986447597	-1.09604840304014
chr1	68581142	70324370	9593	208995	219030.4432	178288	183037.0782	-0.0255453621627878	-0.0255377860893058
chr1	70324371	70326579	29	359	665.357	0	562.596	32.3333274510202	-0.848019596829834
chr1	70326580	71489945	6659	146486	151989.028	120550	125964.3588	0.0143708345330261	-0.0110791992726445
chr1	71489946	71502095	64	1190	1457.2046	491	1208.8646	1.01180714277753	-0.250116689594188
chr1	71502096	74948122	28931	622886	660717.5526	521655	551503.005	-0.000601474240460487	-0.0429403338229181
chr1	74962201	75014974	235	8873	5371.065	4620	4590.859	0.719276349146386	0.76633897874657
chr1	75014975	75080998	543	25652	12431.2658	10804	10628.2194	1.02562376791446	1.08722329874249
chr1	75080999	92249610	151350	3348761	3456809.3462	2753061	2822010.3518	-0.00593562751458156	-0.00368843039202301
chr1	92249611	92252760	42	1116	959.038	364	776.394	1.3157189502776	0.260802332934449
chr1	92252761	97687380	50461	1132305	1152172.316	940073	952659.4343	-0.00171482409735168	0.0170313102903841
chr1	97687381	97694760	82	3072	1878.48	1634	1577.287	0.662840960971636	0.751737651418039
chr1	97694761	97697849	40	427	918.001	1	783.132	8.51304321174987	-1.06213446395182
chr1	97697850	113348724	154004	3432955	3518539.9695	2857065	2923300.9782	0.00172985030765392	0.00659923579936132
chr1	113348725	113358651	34	662	774.988	333	661.114	0.766225424227516	-0.185217563414981
chr1	113358652	113361026	26	0	590.15	266	504.936	-33.2150896585361	-33.1771557577799
chr1	113361027	116435784	31863	692457	727865.4608	582501	614002.7731	0.00822861491878939	-0.029822129110733
chr1	116435785	116518732	464	4962	10600.6907	8446	8923.3279	-1.01165972989731	-1.05303943653423
chr1	116518733	123876281	33796	698078	773303.8514	598108	657785.5834	-0.00624448786642174	-0.105521961582274
chr1	123876282	125641126	20842	467589	475879.3623	380735	393223.37	0.0253982585308241	0.0167702924322835
chr1	125641127	125641726	8	14	182.299	113	150.806	-3.28224556718519	-3.66068272224915
chr1	125641727	154086564	296801	6574364	6778499.803	5493502	5656806.2428	0.00233823446065696	-0.00198948885041567
chr1	154086565	154087852	8	16	182.459	143	151.727	-3.42177452258521	-3.46930331230533
chr1	154087853	158845789	44083	985697	1007196.2242	831230	851618.7743	0.00802268208412813	0.0109965516458326
chr1	158845790	158851245	71	263	1617.3757	450	1354.2585	-1.02682260700943	-2.5783949445808
chr1	158851246	167755696	106569	2407562	2434581.7903	1989159	2018579.9193	0.00927237915047098	0.0260241732750202
chr1	167755697	167756296	8	1	184.037	82	157.924	-6.57412610817324	-7.48172681640287
chr1	167756297	169032247	12332	277595	281959.9713	234324	239581.5232	0.013694433444968	0.0196164101145425
chr1	169032248	169039717	77	0	1762.73	749	1509.22	-33.2150896585361	-33.1771557577799
chr1	169039718	180048114	108640	2421265	2481110.2136	2015832	2065157.3683	0.00384276638009788	0.0069003550220928
chr1	180048115	182074688	1249	13681	28511.5614	14636	24108.7037	-0.335149311993389	-1.01724817090118
chr1	182074693	215451956	344212	7742898	7858289.7921	6351829	6491788.9972	0.0142935910948228	0.0207834569738544
chr1	215451957	215453375	18	0	408.983	185	340.585	-33.2150896585361	-33.1771557577799
chr1	215453376	215453900	7	145	158.933	126	131.643	-0.0649674430443043	-0.0902406177971198
chr1	215453901	215465787	143	5	3262.59	1301	2716.09	-8.28377223099224	-9.30774860416005
chr1	215465788	233200861	177108	3970009	4047202.2176	3238529	3328803.1163	0.0160735146070472	0.014342534438787
chr1	233200862	233203420	34	427	775.62	0	647.887	32.3623583040536	-0.818988743801719
chr1	233203421	238922228	64839	1442979	1481309.9979	1209254	1248268.8311	0.0121793664123524	0.00430190629396681
chr1	238922229	238924256	27	0	619.709	304	513.842	-33.2150896585361	-33.1771557577799
chr1	238924257	240554568	19521	434789	445650.6964	361253	374722.8967	0.0214079361326786	0.00652727208411308
chr1	240554569	240583910	357	9021	8166.334	8781	6919.2726	-0.195974781775198	0.18572398540115
chr1	240583911	277933742	386800	8746613	8832577.0002	7275358	7345308.2645	0.00388612896222521	0.0280152322069554
chr1	277933743	277934717	13	2	297.21	167	243.362	-6.66789173100198	-7.17321363520349
chr1	277934718	278559985	6685	142613	152617.4392	119621	125332.1102	-0.0263376380406517	-0.0556891355987931
chr1	278559986	278560360	5	0	113.928	51	97.0661	-33.2150896585361	-33.1771557577799
chr1	278560361	282763000	43820	982493	1000421.7216	811610	830456.837	0.0112205817606731	0.0160359375385776
chr2	0	5579160	36307	820232	829703.9862	697259	702310.447	-0.00195915347476894	0.0255605029648757
chr2	5579161	5580085	12	182	230.598	26	168.945	2.362719865036	-0.299316358702077
chr2	5580086	5687042	993	22321	22637.9	19225	18975.2	-0.0350156864943752	0.0217867207569535
chr2	5687043	5692478	34	363	774.627	0	658.909	32.1299399993537	-1.05140704845582
chr2	5692479	6036545	3443	79451	78614.148	69221	66632.7519	-0.0355106119767079	0.0574015950014772
chr2	6092261	6093389	15	170	341.107	0	287.426	32.2187826241682	-0.962564423659757
chr2	6108456	14630809	87034	1972330	1990077.6034	1682847	1687992.1003	-0.00432830778673407	0.0292014573897847
chr2	14630810	14631563	10	112	228.749	0	195.969	32.1932055349747	-0.988141512848088
chr2	14631564	15637668	10904	239939	249404.9585	206338	212621.3527	-0.00835423337159946	-0.0136972826552478
chr2	15637669	15645082	49	914	1116.991	1	939.199	9.59012672581557	-0.247226299886943
chr2	15645083	17178776	15107	333022	345819.1835	286400	294951.1781	-0.00776444460361047	-0.0122752227122415
chr2	17178777	17180667	25	260	569.309	2	478.591	6.77614042885211	-1.08857509228992
chr2	17180668	18735804	18424	410041	421409.631	346478	358164.8824	0.0125963162321256	0.0026700770222813
chr2	18735805	18737074	13	164	298.811	0	255.304	32.3579347956417	-0.823412252212851
chr2	18737075	20211044	15863	350854	362546.7786	300426	305621.5851	-0.0183682887023904	-0.00517115329352363
chr2	20211045	20212095	14	153	320.568	0	261.895	32.1563734733286	-1.02497357448656
chr2	20212096	20593090	4105	91913	93622.1974	77945	78417.0139	-0.0136801832564071	0.0155434923898907
chr2	20593091	20611122	111	1024	2532.314	1776	2126.956	-1.04189069317438	-1.26411539930326
chr2	20611123	58649823	405764	9000767	9266203.188	7530944	7756262.7503	0.00479187781057051	0.000194819191245657
chr2	58649824	58666909	128	831	2926.788	1460	2458.958	-1.06012785211979	-1.77427267513687
chr2	58666910	92248331	342520	7435091	7830976.1194	6338446	6630006.8132	-0.0057692828077561	-0.0327165573440558
chr2	92248332	92250066	17	14	388.732	212	324.541	-4.17674936476937	-4.75315194628663
chr2	92250067	95906110	39970	879195	912985.5073	739205	763815.845	-0.0029671540031455	-0.0122835861829585
chr2	95906111	95907689	21	526	480.148	0	409.58	33.355055870488	0.173708822502255
chr2	95907690	128656018	345959	7647860	7903929.1803	6479895	6656959.5291	-0.00442965457860655	-0.00538871518946342
chr2	128656019	128663523	4	2	90.5088	92	73.2689	-5.82422777078746	-5.45786096679934
chr2	128663524	135522923	55602	1213703	1272165.2995	1056378	1084591.0642	-0.0256543929041142	-0.0257455198013472
chr2	135522924	135551278	351	3366	8057.9659	5980	6879.37	-1.05305826590352	-1.21725533214192
chr2	135551279	137354863	15797	345369	361577.5574	303362	308516.0793	-0.0376699492344055	-0.024041349562781
chr2	137354864	137356729	21	0	479.317	204	391.776	-33.2150896585361	-33.1771557577799
chr2	137356730	140466700	35303	782540	807009.3538	664896	681518.1461	-0.00460623470106411	-0.00229570604726266
chr2	140466701	140467380	8	5	182.157	131	153.469	-4.95453878102363	-5.14498533512949
chr2	140467381	183182872	385989	8510496	8819773.494	7201697	7438999.2115	-0.000535456094400913	-0.00937319824684647
chr2	183182873	183200953	48	127	1093.9243	0	922.6021	30.1168597348116	-3.06448731206311
chr2	183200954	187744094	53136	1181885	1213631.2644	978008	1004712.6382	0.00481555690276658	0.00388469970121404
chr2	187744098	187748374	47	525	1070.62	4	888.477	6.77132469699393	-0.985931989384153
chr2	187748375	192524162	42763	951397	976487.2793	786571	807490.9484	0.0045066074631118	0.00457141711407558
chr2	192524163	192529921	76	485	1746.037	746	1455.089	-0.879976326316892	-1.80590228719326
chr2	192529922	202656060	85958	1895790	1962588.8373	1573853	1631763.1377	0.00636335129534947	-0.00783360514280281
chr2	202656061	202659208	32	372	733.731	2	620.258	7.30096725457069	-0.937823427336429
chr2	202659209	203662923	12258	271875	279986.2793	224439	231492.0185	0.0064177188441616	-0.000287442683305487
chr2	203662924	203663374	6	0	135.912	58	107.561	-33.2150896585361	-33.1771557577799
chr2	203663375	215240914	125186	2787751	2858931.5216	2320438	2383208.1313	0.006324732997069	0.00575083336548481
chr2	215240915	215247492	32	0	734.05	308	634.744	-33.2150896585361	-33.1771557577799
chr2	215247493	246888958	346824	7704291	7923450.4068	6504004	6668878.4062	-0.000159327473828168	0.00165857347606831
chr2	246888959	246892433	37	336	848.368	735	725.42	-1.35096540927038	-1.29410377972567
chr2	246892434	248425929	17258	379965	394448.7978	321303	332758.1853	0.000759485623199721	-0.0118463166588606
chr2	248425930	248430696	24	2	544.652	261	464.142	-7.25448316070356	-8.04706568793815
chr2	248430697	248432473	16	39	364.719	163	296.057	-2.36004503785362	-3.18311413715589
chr2	248432474	249204195	8530	189370	194746.3196	157855	163919.6098	0.0181915205900403	0.00173692449559983
chr2	249204196	249205395	16	0	365.468	173	311.392	-33.2150896585361	-33.1771557577799
chr2	249205396	257362914	96761	2166879	2209656.2187	1831434	1852102.9296	-0.00782147897913102	0.0139218552155866
chr2	257362915	257363408	6	0	136.756	71	111.272	-33.2150896585361	-33.1771557577799
chr2	257363409	261990977	54810	1229092	1251244.0618	1027839	1041047.748	-0.00315708319837707	0.0163548773262938
chr2	261990978	261992552	21	1	481.247	233	410.812	-8.08829403840515	-8.86850847649499
chr2	261992553	266433159	49778	1106638	1137469.4143	947611	961657.1291	-0.0142254341544007	0.00248080774833299
chr3	534	8697239	84470	1923108	1931398.7241	1554584	1566448.701	0.00895399737735169	0.0359189470438063
chr3	8697240	8699948	31	370	705.326	605	572.199	-1.00699182668275	-0.888639759764972
chr3	8699949	14421969	61069	1376258	1396034.9217	1109321	1126989.5607	0.00640446824337958	0.0215411103454814
chr3	14421970	14424671	36	319	822.01	0	670.1714	31.8578727183665	-1.32347432937915
chr3	14424672	23971461	79696	1689903	1821738.9758	1414345	1524398.4171	0.00392140531431318	-0.066250630487737
chr3	23971462	23988296	106	843	2431.2361	1494	2025.7349	-1.08462893662671	-1.48596027407527
chr3	23988297	24554416	5893	128626	134734.083	111764	114498.3165	-0.0278704388070235	-0.0248073636322848
chr3	24554417	24560047	68	791	1552.2	1358	1308.08	-1.02240627276946	-0.930439668668935
chr3	24560048	25295821	7811	167493	178751.4707	146801	152299.4049	-0.0366145101505407	-0.0517291180679191
chr3	25295822	25297056	16	167	367.792	2	317.733	6.17682039775348	-1.0969168053078
chr3	25297057	28256223	34189	767110	782362.7287	654324	666547.152	0.00248886362306633	0.0137210167658265
chr3	28256224	28257696	19	243	433.944	3	365.1687	6.09509551093849	-0.794427371277555
chr3	28257697	32720588	49821	1103511	1139045.9222	929200	964349.4061	0.0120331974380598	-0.00359971046906207
chr3	32720589	32720888	4	1	91.6526	91	76.5902	-6.76261933619487	-6.47597869827451
chr3	32720889	33443473	8191	176863	187124.0511	149646	158592.4222	0.00659867748667254	-0.0392375435288343
chr3	33443474	33443998	7	0	160.678	138	138.629	-33.2150896585361	-33.1771557577799
chr3	33443999	33624542	2332	53329	53259.2972	43718	44436.3625	0.0295914967854398	0.0440120756495321
chr3	33624543	33626668	14	281	318.019	4	270.134	5.90317987298813	-0.136417639991736
chr3	33626669	40588108	81996	1815423	1872730.1174	1534973	1577775.5031	-0.0009673100572988	-0.00271207341548192
chr3	40588109	40596794	106	3	2424.88	2138	2057.21	-9.7101165083555	-9.61660983067367
chr3	40596795	40718894	1390	31072	31808.691	26716	27137.7169	-0.0070192743208859	0.00831929419522515
chr3	40718895	40720877	20	0	456.7669	60	383.9096	-33.2150896585361	-33.1771557577799
chr3	40720878	40736166	187	4230	4273.18	3685	3623.61	-0.0346980647438457	0.0274727653592581
chr3	40736167	40741064	12	11	274.391	231	222.109	-4.69309143785367	-4.59853253846478
chr3	40741065	40975439	2371	50645	54287.2812	43285	46246.8329	-0.000515688656563859	-0.058069197862802
chr3	40975440	40980813	66	679	1510.301	1206	1286.1403	-1.05634321244993	-1.11122743347478
chr3	40980814	44133207	29692	653338	678523.1036	559849	574837.2301	-0.0122613556502183	-0.0124431953311635
chr3	44133208	44136057	38	0	866.164	350	729.609	-33.2150896585361	-33.1771557577799
chr3	44136058	49254051	58611	1308731	1338400.6374	1091964	1122581.266	0.0117444395608369	0.00978374611721473
chr3	49254052	49256020	26	329	595.728	0	508.793	32.366906053931	-0.814440993925184
chr3	49256021	51356216	25050	561793	572694.3056	471647	484837.0036	0.016257001015948	0.0143985811204786
chr3	51356217	51361393	68	790	1553.24	0	1315.18	32.2481160315984	-0.933231016235336
chr3	51361394	58408869	78824	1775574	1800061.8462	1489434	1509977.4633	0.00419312450781941	0.022364204305181
chr3	58408870	58410528	22	194	501.973	425	419.601	-1.38580654902861	-1.32942792305825
chr3	58410529	61261065	35081	793654	800755.7399	659969	665813.0627	0.00405816085532084	0.029273146453271
chr3	61261066	61262750	21	1	475.488	162	397.159	-7.595350920331	-8.85113986200136
chr3	61262751	73326109	134088	2986606	3062457.2041	2509805	2575094.8965	0.00505885438235135	0.0059424342561894
chr3	73326110	73327159	14	159	321.521	0	279.083	32.2075860351102	-0.973761012715488
chr3	73327160	80623107	64771	1444804	1481676.8048	1232817	1253926.1385	-0.00767199870388496	0.00576819356525816
chr3	80623108	80624195	14	116	319.554	313	266.57	-1.68939187996003	-1.41980974950633
chr3	80624196	87318135	75204	1692956	1718898.7418	1418175	1435197.0884	-0.000535492312921964	0.0201851093164817
chr3	87318136	87328342	53	587	1215.85	1120	1024.98	-1.17424452777174	-1.00840765393728
chr3	87328343	87808708	5323	117886	121783.108	104066	104004.2462	-0.0435867148355145	-0.00479645022864088
chr3	87808709	87812952	56	618	1284.6	1105	1100.1	-1.05786086555317	-1.01351526692134
chr3	87812953	89248679	14946	320619	342134.3875	280150	291977.3384	-0.0298549946708342	-0.0515780009573572
chr3	89248680	89252602	52	597	1189.69	1061	1015.87	-1.05330043210992	-0.952657668468498
chr3	89252603	90046608	8613	186769	197141.8539	160389	168287.3869	-0.00443594136157795	-0.0358538910522863
chr3	90046609	90048633	25	273	572.181	500	484.487	-1.1088494901224	-1.02544544938608
chr3	90048634	94830681	52248	1146773	1193402.1253	956930	996194.2573	0.00470458171958069	-0.0153752172181635
chr3	94830682	94836026	47	5	1074.96	937	900.077	-7.8019484655729	-7.70601394480427
chr3	94836027	94918483	913	20686	20845.8	18027	17683.3	-0.0346825441723281	0.0310231535123661
chr3	94918484	94921115	35	0	801.551	641	681.884	-33.2150896585361	-33.1771557577799
chr3	94921116	95404188	5828	130676	132969.1139	109000	110346.7705	-0.00318941301835462	0.0170282157607485
chr3	95404189	95404863	9	0	204.84	175	167.178	-33.2150896585361	-33.1771557577799
chr3	95404864	115420630	213822	4799695	4884096.8915	4027539	4098537.1661	0.00425272240123845	0.016976101888756
chr3	115420631	115424943	55	0	1255.16	545	1061.03	-33.2150896585361	-33.1771557577799
chr3	115424944	117145887	18605	412665	424958.9614	349929	358323.923	-0.00395901860604175	-0.000227252621845385
chr3	117145888	117146262	5	0	113.696	56	94.8716	-33.2150896585361	-33.1771557577799
chr3	117146263	119733013	30885	699415	705163.5483	580988	587992.906	0.00967251099654181	0.0303160283538729
chr3	119733014	119734297	16	0	364.81	133	301.768	-33.2150896585361	-33.1771557577799
chr3	119734298	125592489	70035	1582875	1598740.8733	1299651	1318586.9311	0.0106709215513767	0.0277363980100398
chr3	125592490	125594810	29	304	665.016	0	554.819	32.0941545112241	-1.08719253657772
chr3	125594811	143278255	194807	4352075	4447699.5882	3656328	3736549.5178	0.00414650687262381	0.0107692631036912
chr3	143278256	143287040	28	239	638.2074	425	543.6849	-1.05751550923183	-1.37488952704477
chr3	143287041	143350179	366	7942	8363.303	7127	7075.516	-0.0808387415020377	-0.0324452802231072
chr3	143350180	143406556	215	2531	4909.2887	4252	4149.0216	-0.986985640577185	-0.913681310784933
chr3	143406557	143647848	1555	31378	35578.6744	28189	30279.9855	-0.0738358545245496	-0.139134168617023
chr3	143647849	143673542	129	2904	2957.6109	1457	2481.6325	0.746089086002242	0.015734379008265
chr3	143673543	143719751	416	3411	9524.1503	5605	8110.1962	-0.944181899326152	-1.43927044141719
chr3	143719752	143721677	13	358	296.219	188	250.138	0.689478278100491	0.315420598147904
chr3	143721678	143812890	221	2503	5043.4022	3861	4288.6202	-0.855008697760721	-0.968613799162192
chr3	143812902	143857741	165	3336	3772.3888	2365	3190.5029	0.258775866274635	-0.135233894522207
chr3	143857760	143931018	535	23040	12232.719	10361	10359.601	0.917392081875322	0.95552079665836
chr3	143931019	143943824	105	2284	2395.4337	2011	2041.9703	-0.0424841415097009	-0.0265990416539878
chr3	143943825	144071376	767	28126	17551.8984	12091	14950.9548	0.990772653398674	0.722402502656237
chr3	144071377	144379820	1621	30579	37048.3909	27465	31433.8055	-0.0779557165002644	-0.234744464740524
chr3	144379821	144384523	61	649	1393.8	1224	1182	-1.14891540863956	-1.06060798523992
chr3	144384524	149739201	59522	1337630	1359395.0759	1096690	1119602.171	0.0107360084741704	0.018839498403015
chr3	149739202	149754312	88	368	2005.44	0	1687.028	30.7773311072546	-2.40401594007662
chr3	149754313	151772070	21984	495396	501726.1035	404446	412711.9913	0.0150617740376322	0.0238074113350574
chr3	151772071	151773375	17	170	388.752	0	328.269	32.0301568881247	-1.15119015966284
chr3	151773376	152955550	12253	276456	279538.7664	227700	229215.7454	-0.00223533779672718	0.0261267047686505
chr3	152955551	153027469	663	12349	15146.0522	12997	12404.2581	-0.357699501085179	-0.252422395058108
chr3	153027470	153048792	202	4198	4613.2012	8645	3826.3453	-1.30777364967772	-0.0939408575458016
chr3	153048793	153058859	53	878	1211.5676	621	1019.9999	0.255513069390388	-0.422456866736248
chr3	153058860	153070173	109	2202	2491.3216	4723	2059.2019	-1.37152375448672	-0.13597160821894
chr3	153070174	158905228	67997	1529430	1552846.7393	1261399	1280418.7198	0.00386090068160072	0.0202038217423472
chr3	158905229	158909290	49	879	1120.252	1612	952.2235	-1.10517654614269	-0.307763040395451
chr3	158909291	160754644	18523	416337	423077.667	339337	344718.473	0.00372040343678027	0.0189544360136649
chr3	160754676	160797075	137	1704	3123.8	2513	2604.94	-0.818345990635828	-0.832251561562833
chr3	160797076	167072155	73620	1627188	1683229.9321	1331673	1357892.2778	-0.0165308588014282	-0.00672612858234568
chr3	167072156	167134687	785	14104	17928.1812	12984	14635.9801	-0.16914901102142	-0.303999564295335
chr3	167134688	168951417	15327	333106	349841.2002	277564	289199.4028	-0.00728346183720694	-0.0285936712684057
chr3	168951418	168952842	19	455	432.911	0	363.832	33.2952683255203	0.113921277540133
chr3	168952843	171475985	26397	580946	603710.7411	480810	489629.8738	-0.0250374284467587	-0.0133282095727673
chr3	171475986	171476963	13	0	296.288	133	245.623	-33.2150896585361	-33.1771557577799
chr3	171476964	174800740	34057	752063	778074.6319	617393	635129.0009	-0.0040032106950137	-0.0069298311054601
chr3	174800741	174803892	42	0	961.835	852	777.807	-33.2150896585361	-33.1771557577799
chr3	174803893	177699918	32418	730946	740861.6594	586631	599584.7213	0.0162622541946369	0.02268584536167
chr4	784	54483183	574502	12749939	13128035.576	10788953	11064589.2029	-0.0015743966915241	-3.55175616317815e-05
chr4	54483184	54483783	8	0	182.138	88	156.574	-33.2150896585361	-33.1771557577799
chr4	54483784	54937344	4790	109749	109630	94836	93217.7	-0.0190744546969746	0.0436903431138338
chr4	54937345	54941172	47	2	1073.72	455	900.5	-8.07935104732885	-9.02627683878962
chr4	54941173	71856741	191235	4267859	4366614.2698	3547358	3642723.1637	0.00946113350509607	0.00912261042814119
chr4	71856742	71860217	39	0	894.001	444	753.577	-33.2150896585361	-33.1771557577799
chr4	71860218	105073288	330777	7344130	7556008.8937	6157979	6341364.3301	0.00549480574387786	0.00109238783790656
chr4	105073289	105075594	19	0	436.187	228	369.875	-33.2150896585361	-33.1771557577799
chr4	105075595	107168456	21110	456154	483089.121	396028	411794.734	-0.0222541601414702	-0.040643204803211
chr4	107168457	107169431	13	0	295.941	125	237.988	-33.2150896585361	-33.1771557577799
chr4	107169432	107195131	263	4928	6007.9057	4126	5117.1846	0.0289378354231434	-0.243734721207232
chr4	107195132	107201966	91	4	2081.46	810	1786.07	-7.87839398382654	-8.98125485256529
chr4	107201967	107844121	6875	152218	157278.2461	131991	133787.0852	-0.0234895834029256	-0.00505497760048555
chr4	107844122	107851205	34	0	778.989	165	645.511	-33.2150896585361	-33.1771557577799
chr4	107851206	118680611	115300	2584158	2634770.2173	2178935	2199800.663	-0.0100419369383722	0.0141423253903464
chr4	118680612	118683462	38	925	862.698	352	714.59	1.12632934044219	0.14272294548768
chr4	118683463	126484524	92769	2109879	2119523.5391	1735124	1741503.144	0.00290587463709253	0.035545466220463
chr4	126484525	126485124	8	26	182.051	131	150.739	-2.60108193082185	-2.76563394500913
chr4	126485125	137917092	126262	2826852	2883999.5602	2382564	2416895.6036	-0.00404311146349187	0.0132505994321043
chr4	137917093	137917325	3	0	68.6259	36	59.6127	-33.2150896585361	-33.1771557577799
chr4	137917326	168430261	315677	7014723	7211984.0541	5822911	5995959.329	0.00643124796962672	0.00211511959736348
chr4	168430262	168432051	22	236	503.186	393	419.489	-0.994009965246247	-1.05017973209613
chr4	168432052	173210044	53734	1204028	1226880.3907	1011267	1019000.6181	-0.0119434023794723	0.0149995273380902
chr4	173210045	173214594	24	274	552.36	0	468.918	32.2120392840013	-0.969307763825252
chr4	173214595	184224823	128706	2857663	2938469.4026	2396960	2441742.3375	-0.00933265857797584	0.00189610674547487
chr5	34651	24753561	253035	5567799	5780136.7289	4690932	4860756.6188	0.00150111217754461	-0.0118712985795037
chr5	24753562	24762231	11	149	251.416	36	210.279	1.79566312259698	-0.712638943112282
chr5	24762232	24918925	967	21866	22055.3128	17430	18291.9817	0.0613932090066718	0.0296882984539449
chr5	24918926	24919801	10	195	227.591	5	192.33	5.04673381026448	-0.180844192705882
chr5	24919802	24932547	6	100	138.439	64	114.8861	0.379001312210444	-0.427125234199689
chr5	24932548	24942652	32	236	732.286	16	615.862	3.63703423335588	-1.59149516322377
chr5	24942653	26010259	11408	247986	260279.4665	207987	217409.6952	-0.001688615096754	-0.0276776346298629
chr5	26010260	26022019	140	6	3194.48	2655	2688.83	-9.03394484178492	-9.01427762327198
chr5	26022020	35214378	100134	2200868	2288985.0241	1879443	1939663.2668	-0.00694305856091101	-0.014510212451837
chr5	35214379	35215128	10	124	229.032	1	196.557	6.73778613231314	-0.843083871572689
chr5	35215129	35362427	834	18726	19064.19	15178	16180.269	0.0706227115353868	0.0163027192448176
chr5	35362428	35370670	67	1076	1527.75	546	1284.45	0.732638761997601	-0.463605211831876
chr5	35370671	35601299	1546	33931	35373.4936	28005	29892.7143	0.0382360016097804	-0.0179395708636633
chr5	35601300	35602346	10	116	230.566	1	195.777	6.62620375918744	-0.94892978751454
chr5	35602347	39145711	39292	860703	897729.5818	734339	759677.7514	-0.00763279977693532	-0.0186402465967131
chr5	39145712	39146334	8	101	183.275	0	153.428	32.3638175266477	-0.817529521207904
chr5	39146335	52172509	139679	3066484	3192345.7403	2609413	2697523.1865	-0.00593013598716629	-0.0159062933888088
chr5	52172510	52190367	168	1956	3852.87	3267	3289.21	-0.964061182590622	-0.935901947059941
chr5	52190368	68765494	177163	3926447	4048408.3469	3284644	3375992.8121	-0.000364285373230749	-0.00200520162418595
chr5	68765495	68769360	50	521	1146.18	938	975.112	-1.07730704793427	-1.09535315858858
chr5	68769361	68987107	2408	54527	55021.799	46154	46437.9196	6.41697697905536e-06	0.0290926628247553
chr5	68987108	68989963	38	424	866.889	0	719.354	32.1916892272786	-0.989657820543857
chr5	68989964	68990263	4	100	91.136	63	78.3753	0.453145565303347	0.1760322346956
chr5	68990264	68992157	25	297	570.819	0	489.017	32.2809018137879	-0.900445234052206
chr5	68992158	86869565	192801	4289990	4403864.205	3595869	3687505.1138	0.00270017829870181	0.00432949255579645
chr5	86869566	86870465	5	57	113.379	0	88.7293	32.2313526138099	-0.949994434020517
chr5	86870466	89464026	26004	563915	594660.0887	486167	505504.5707	-0.0161240744243097	-0.0344623407761707
chr5	89464027	89466568	33	0	754.898	280	645.721	-33.2150896585361	-33.1771557577799
chr5	89466569	89477233	135	3122	3089.92	2529	2646.17	0.0844310531161934	0.0570262422341034
chr5	89477234	89482177	63	2	1439.68	621	1217.51	-8.5160726704279	-9.44940716685966
chr5	89482178	89549018	741	15205	16950.2025	12907	14465.2154	0.0118686930434312	-0.114631501372634
chr5	89549019	89553539	59	1324	1350.32	548	1165.51	1.06450665778572	0.0137269744756558
chr5	89553540	90187096	6338	131798	144967.8375	113405	123162.6024	-0.0141330848479602	-0.0952791908137835
chr5	90187097	90191365	23	1	529.043	250	450.074	-8.19481571474702	-9.00511591003693
chr5	90191366	90555772	4028	90121	92029.979	77632	78105.556	-0.0172755650487511	0.0118846140106033
chr5	90555773	90557502	23	0	525.741	209	441.304	-33.2150896585361	-33.1771557577799
chr5	90557503	90605204	536	11259	12258.2464	9463	10391.079	0.0164933166288797	-0.0805487221455912
chr5	90605205	90608281	36	1	824.165	316	704.445	-8.52603553090806	-9.6446640774444
chr5	90608282	91364177	6265	130964	143184.5267	111844	121377.0886	-0.00650575611069253	-0.0865801128246892
chr5	91364178	91370689	17	31	388.107	151	330.053	-2.5137738808416	-3.60398914067344
chr5	91370690	92815607	15484	335021	354149.9683	289007	300985.4735	-0.0173281692642185	-0.0379836915702298
chr5	92815608	92838999	74	919	1685.822	463	1439.966	0.765826490395625	-0.833190257254309
chr5	92839000	108800490	174072	3830561	3977497.6211	3245839	3355952.9791	-0.00198302075410873	-0.0121801807382882
chr5	108800491	108806374	40	2	915.178	402	782.656	-7.87253439820673	-8.7957833041951
chr5	108806375	118809417	112257	2513290	2564975.3012	2115142	2161996.6456	0.00643326782150643	0.0127574059253831
chr5	118809418	118811518	28	2	636.53	327	523.23	-7.63173875561107	-8.27195946348447
chr5	118811519	120256689	17256	380577	393623.8704	316140	327399.1355	0.00604888057606117	-0.00650414533747216
chr5	120256690	120257064	5	0	113.347	78	93.0775	-33.2150896585361	-33.1771557577799
chr5	120257065	121007905	7214	156145	164501.3811	131681	137643.4446	-0.00713332831743183	-0.0330881323509519
chr5	121007906	121009626	6	1	136.268	88	114.912	-6.70115766208032	-7.04817779089685
chr5	121009627	121468974	340	5957	7752.062	5058	6479.3964	-0.0185104744306226	-0.337868958926553
chr5	121468975	121474807	76	3	1733.279	321	1452.725	-6.99201794969969	-9.1322004083772
chr5	121474808	131944757	124874	2787874	2851029.1226	2313012	2374543.4597	0.00975128359000312	0.00980777412001641
chr5	131944758	132286483	2881	57277	65901.5011	51221	56058.7192	-0.0679607428922227	-0.16023020548129
chr5	132286484	132367307	147	851	3363.308	1334	2866.104	-0.875126280633976	-1.94052467319962
chr5	132367308	132404961	40	731	912.747	597	768.2553	0.0477025577775868	-0.278218424392953
chr5	132404962	133057251	6050	65645	138364.0944	112461	117630.0373	-1.00668956148473	-1.0335873852738
chr5	133057252	133335849	3475	75399	79362.9939	62221	65682.111	0.00836914253001381	-0.031795870442348
chr5	133335850	133338861	37	2	844.64	348	714.003	-7.68115861124707	-8.6800675088743
chr5	133338862	133402069	838	19308	19164.9	15674	15603.8	0.00844756175071636	0.0528574527724148
chr5	133402070	133402669	8	2	182.454	82	148.524	-5.65019741220853	-6.46926376547424
chr5	133402670	147656772	158914	3525015	3629684.8059	2888930	2968272.0825	0.00106450729116868	-8.96852263220713e-05
chr5	147656773	147657597	9	218	204.872	0	171.144	33.313077550535	0.131730502553178
chr5	147657598	173707145	296893	6593367	6788192.6403	5376595	5478790.9796	-0.0106560679676557	0.000113070812176354
chr6	0	123769	1366	29616	31279.575	24900	26652.698	0.0234830192233522	-0.0367189191101022
chr6	123770	126156	29	326	666.773	1	564.06	8.11157231017328	-0.990198529830784
chr6	126157	608573	5299	114457	121161.0979	98782	102557.284	-0.0238196902835622	-0.0399956666004051
chr6	608574	609403	11	141	250.539	0	211.685	32.3941322046936	-0.787214843167443
chr6	609404	736114	1348	30014	30820.5707	25701	25944.6744	-0.0204527484105866	0.00386721633104772
chr6	736115	740646	60	732	1370.42	1205	1142.63	-0.977186100017764	-0.862577366489154
chr6	740647	784057	555	12695	12678	10630	10630.3	0.00616522739998634	0.0440584131165518
chr6	784058	785032	13	141	297.06	0	242.721	32.1484130467013	-1.03293400111215
chr6	785033	8131838	85234	1897267	1946656.042	1582486	1620773.5393	0.00160580734947586	0.00504991862706282
chr6	8131839	8136772	18	6	413.231	310	338.409	-5.97515115496071	-6.06371697520998
chr6	8136773	16212396	87187	1943714	1991661.4363	1623331	1658309.0214	-0.00020950204158568	0.00696872255729742
chr6	16212397	16907674	286	100	6532.707	2	5542.706	5.41095663100121	-5.98748382889963
chr6	16907675	20950165	36259	788686	829441.0961	681054	705313.9015	-0.0180009233519942	-0.0305633050403014
chr6	20950166	20951065	12	0	274.745	113	237.351	-33.2150896585361	-33.1771557577799
chr6	20951066	34402296	149271	3337965	3409108.3549	2766435	2829475.6267	0.0062723463947679	0.0116995640011362
chr6	34402297	34403571	17	0	387.254	172	330.401	-33.2150896585361	-33.1771557577799
chr6	34403572	40704181	71549	1595393	1634048.3791	1346560	1375436.6029	0.000263574655067231	0.00758634642984854
chr6	40704182	40705150	12	2	276.34	104	236.819	-5.91890799252432	-7.0681753849978
chr6	40705151	51047447	124445	2794210	2840881.4752	2315888	2358842.1254	0.00680647946511457	0.0182270004923817
chr6	51047448	51060142	167	1921	3808.38	2	3222.18	9.6706925129736	-0.945194727496873
chr6	51060143	51507905	5575	126094	127281.4881	105032	106440.7499	0.00988995130360905	0.0286022119701141
chr6	51507906	51508430	7	85	160.828	0	128.362	32.3034883853723	-0.87785866247211
chr6	51508431	51564245	641	13303	14625.8836	11059	12179.3333	0.0066333585853624	-0.0946469652881484
chr6	51564246	51567997	9	238	207.453	13	172.933	3.93599801130203	0.240302244425117
chr6	51567998	52198940	7294	160133	166432.9536	134882	139573.0307	-0.00215680965253281	-0.0135452758475708
chr6	52198941	52204143	69	0	1574.39	684	1311.91	-33.2150896585361	-33.1771557577799
chr6	52204144	75733942	262327	5844941	5995243.7033	4945151	5067128.0975	0.00271507923501858	0.00549525364351871
chr6	75733943	75734789	11	144	252.38	0	210.836	32.4139434632368	-0.767403584627793
chr6	75734795	84189779	89131	1959750	2036864.2203	1662623	1721421.3603	-0.00134969472952161	-0.013554995183868
chr6	84189780	84194674	65	710	1485.65	1210	1265.22	-0.996630836245676	-1.02307815441537
chr6	84194675	85231143	11264	248562	257858.6171	214770	220325.2108	-0.011941113023383	-0.0108493120238893
chr6	85231144	85253624	109	1018	2494.909	1842	2134.527	-1.07641499320571	-1.25112444240387
chr6	85253625	91197040	63066	1389406	1442355.3015	1187346	1225519.3215	-0.00411424730709135	-0.0118331697235872
chr6	91197041	91197539	3	71	67.6855	0	55.3779	33.2924444598456	0.111097411865702
chr6	91197540	137484544	518161	11551195	11835580.4178	9589263	9808058.3965	0.00165057258911284	0.00703684332586958
chr6	137484545	137485819	17	14	388.714	83	316.056	-2.86202208422431	-4.75308514161937
chr6	137485820	147989969	88163	1936258	2014001.287	1607741	1685243.6749	0.0153200819229056	-0.0146682142388931
chr7	794	7479142	31219	546602	713249.5634	458006	595932.3489	5.71352759307642e-05	-0.341791028763528
chr7	7479143	7517780	92	2624	2111.004	1440	1793.734	0.634926849277815	0.355963598811963
chr7	7517781	10900535	17112	352469	391385.1318	304293	331238.5523	-0.024491834792978	-0.108967383064611
chr7	10900536	70672424	609822	13568302	13928789.0137	11353631	11633505.3757	0.00149375537119814	0.00429554408786655
chr7	70672425	70674392	22	284	502.103	0	426.005	32.4013798239947	-0.779967223867687
chr7	70674393	72498858	20479	452872	467647.5916	379238	389435.4807	-0.00384632329199751	-0.00419322267221479
chr7	72498859	72511957	126	1436	2878.21	2456	2423.75	-1.017994480582	-0.960990917311243
chr7	72511958	72934087	3455	72675	78903.807	60822	65946.5724	0.00225996642611013	-0.0765105523546343
chr7	72934088	72936317	29	338	661.718	571	539.552	-1.04673072478793	-0.927068086279732
chr7	72936318	77096998	48042	1064151	1097002.3696	883901	910557.9256	0.00319353406741943	-0.00173857113448329
chr7	77096999	77098652	22	1	502.156	472	410.455	-9.1693632362896	-8.92986654830783
chr7	77098653	85584336	94109	2100418	2150404.1264	1774051	1818620.4639	0.00605695043020451	0.0081938439572905
chr7	85584337	85598386	11	116	253.4623	16	217.7401	2.64300823212688	-1.08552117986408
chr7	85598387	86567234	9536	198371	218236.2674	174203	186210.7249	-0.0373317529215963	-0.095564550817128
chr7	86567235	87181225	7062	159219	161630.4927	134880	138141.8688	0.0169786032647787	0.0204382997166744
chr7	87181226	87183441	29	360	665.039	1	572.883	8.28084588389541	-0.843316849400584
chr7	87183442	87741381	5112	113298	117049.7304	97424	100009.5474	-0.0050193169247452	-0.00487402614028975
chr7	87741387	87743708	29	357	662.757	0	560.662	32.3309163106333	-0.850430737216276
chr7	87743709	88068911	2059	46186	47146.1516	39439	40258.9591	0.00419378253508291	0.0124407835088843
chr7	88068912	88070793	25	290	573.867	0	495.014	32.2388087242815	-0.94253832355039
chr7	88070794	88798737	8213	179833	187983.3128	155306	160243.0775	-0.0146070582154053	-0.0218216240512213
chr7	88798738	88799112	5	76	113.763	0	92.994	32.6415121475564	-0.539834900345095
chr7	88799113	91946183	35652	795090	815279.1887	673467	691650.0904	0.0064503769773526	0.00594917796342687
chr7	91946184	91947534	17	212	389.862	1	334.207	7.50989010625289	-0.836774085396865
chr7	91947535	99285457	82065	1812741	1874593.9827	1519602	1572760.5808	0.00539149656940397	-0.00628015459107376
chr7	99285458	99484468	46	64	1051.084	151	874.947	-1.49882388658402	-3.99553706167975
chr7	99484469	117081234	187655	4167450	4286494.7868	3440667	3578863.7938	0.0203711600678907	0.00149169266469887
chr7	117081235	117092214	139	4806	3170.27	2626	2616.96	0.599447181095471	0.642356125136364
chr7	117092215	128587549	135148	3055383	3088900.2983	2470094	2498067.2181	0.00469757455494214	0.0263851228393757
chr7	128587550	128588153	8	110	143.684	7	105.325	3.53014457679804	-0.343270703716382
chr7	128588154	145202271	193252	4321344	4412329.5221	3564504	3631236.4651	0.000890374084059787	0.012064733812634
chr7	145202272	145204476	22	278	503.113	1	422.777	7.87214672705193	-0.813672393779829
chr7	145204477	145280696	851	18460	19417.704	16040	16335.04	-0.0424829337423934	-0.0308448785855694
chr7	145280697	145677524	217	3238	4962.4856	1465	4158.5205	0.893401039108829	-0.573834738934821
chr7	145677525	145729228	580	11426	13246.802	9396	11078.3591	0.0284932046097715	-0.171198484654874
chr8	510	4283987	38850	842449	888686.8535	735651	756080.088	-0.0333769441563688	-0.0349606036731928
chr8	4283988	4290397	22	666	504.3479	142	426.7484	1.9927890311998	0.443228117999505
chr8	4290398	4322945	196	4690	4481.951	109	3818.76	5.20035654443774	0.107586237645881
chr8	4322946	4324841	8	280	182.52	77	156.869	1.64819348667731	0.659497459461786
chr8	4324842	4328222	22	504	502.86	7	434.64	5.96378043614615	0.0453921261628813
chr8	4328223	4329114	5	193	114.146	70	96.5277	1.22549991502785	0.799845734355278
chr8	4329115	4339180	63	1524	1445.67	93	1237.66	3.81455643925823	0.118249825104236
chr8	4339181	4411374	17	327	388.4356	69	330.5831	2.01615120240244	-0.206259602372743
chr8	4411375	8265120	41095	900525	938642.9427	762212	789500.2945	-0.00487136370046811	-0.0176849454138078
chr8	8265121	8266712	7	2	158.384	72	131.812	-5.43067858893234	-6.26515758854131
chr8	8266713	38251476	313464	7054398	7160122.5534	5903963	5988333.669	0.00320091264731877	0.0206638832676998
chr8	38251477	38584600	93	1573	2124.337	1941	1808.801	-0.531069112250227	-0.39136878812198
chr8	38584601	43127050	23722	507293	541973.7775	425404	453223.6963	0.000177186778334283	-0.0532786063747269
chr8	43127051	43130376	21	44	480.097	206	401.252	-2.48169495546338	-3.40562529947201
chr8	43130377	43135362	46	667	1056.18	783	912.884	-0.437486529430624	-0.620971869822949
chr8	43135363	43168516	334	11	7644.8	3394	6539.04	-8.49054779928185	-9.39870613357329
chr8	43168517	43173919	59	997	1350.875	1295	1164.069	-0.587813005947435	-0.396103583465565
chr8	43173920	43270628	881	20792	20176.52	18045	17160.7	-0.024948274292923	0.0854763669949575
chr8	43270629	43272105	19	0	433.918	210	363.402	-33.2150896585361	-33.1771557577799
chr8	43272106	43819272	4878	111288	111619.3405	95255	94938.8646	-0.00489372575963585	0.0378362014977051
chr8	43819273	43820038	10	4	229.611	79	197.676	-4.51564349096398	-5.80092274942234
chr8	43820039	88824020	508819	11369061	11619586.6786	9402019	9621604.4974	0.0060525438571328	0.0106795430808613
chr8	88824021	88824810	9	103	205.189	0	176.312	32.2291631852011	-0.952183862628948
chr8	88824811	127887845	438237	9724529	10008568.4998	8080874	8321629.432	0.00501063467080261	0.000589828421603773
chr8	127888460	127911084	218	2451	4986.784	3905	4092.08	-0.953036138464964	-0.982614039166081
chr8	127911085	131972473	47136	1050301	1076877.8316	859359	876311.1764	-0.00367814720168636	0.00607344248951085
chr8	131972474	131978476	30	365	682.813	12	569.853	4.67008071843705	-0.861468870579692
chr8	131978477	132314032	4096	93534	93437.3567	78705	77286.304	-0.020559800899496	0.0436166156412527
chr8	132314033	132314857	11	123	251.411	0	212.557	32.1920827813169	-0.989264266505681
chr8	132314858	133306290	10888	246172	248498.4694	201723	207782.3212	0.0333183254318732	0.0285549022466078
chr9	501	23532304	204085	4460082	4662274.3035	3713336	3862809.024	-0.00283787229311069	-0.0218384614580158
chr9	23532305	23536440	54	1276	1234.4	585	1048.37	0.893649097852575	0.0899435533147672
chr9	23536441	26805439	33243	728618	760063.2762	622034	643715.8965	-0.00733494590368626	-0.0188317021468052
chr9	26805440	26806296	11	110	249.848	8	208.8783	3.5271629517037	-1.14142195436683
chr9	26806297	33240568	73809	1627014	1686144.7114	1374689	1420416.4434	-0.000101707291924232	-0.0093765029159682
chr9	33240569	33246824	21	92	478.738	1	404.494	6.28463516581987	-2.33740536691095
chr9	33246825	34176859	10662	232325	244013.9875	201381	208248.2779	-0.0182511591899388	-0.0286942499977572
chr9	34176860	34178142	16	170	365.001	0	311.204	32.1211065689977	-1.06024047880996
chr9	34178143	35455184	14090	314415	322328.3043	269199	275012.6632	-0.000844543183476873	0.00626435813842519
chr9	35455185	35461655	61	723	1394.74	1222	1194.23	-0.976900934062013	-0.905803463934208
chr9	35461656	89159314	605956	13579628	13840611.3255	11387670	11596701.1064	0.00296945395936333	0.0146614834806548
chr9	89159315	89161928	26	3	594.611	229	502.643	-6.49246204106505	-7.58871462197943
chr9	89161929	104609892	169840	3825330	3879750.0036	3154116	3210895.346	0.00955173087677857	0.0217457078823807
chr9	104609893	104610793	12	2	273.095	138	230.147	-6.35118041847726	-7.05113387953189
chr9	104610794	110936277	64923	1442644	1484221.3037	1231266	1254171.1886	-0.0102077878058115	0.0011343024399476
chr9	110936278	110937973	22	291	411.837	82	301.803	1.38304832535971	-0.458929105059338
chr9	110937974	119866831	100178	2231527	2286316.0333	1863552	1898954.9737	-0.00365166390344684	0.00713161514856147
chr9	119866832	119866988	2	50	45.9441	270	36.4492	-2.76276057280953	0.164173679164153
chr9	119866989	120358723	4960	105727	113206.0268	90100	95420.6303	-0.0116415136911089	-0.0564817227957569
chr9	120358724	120360898	29	0	660.558	616	561.74	-33.2150896585361	-33.1771557577799
chr9	120360899	122094282	15715	339242	359326.8258	287783	304914.932	0.00463487102246626	-0.0408566591081499
chr10	1186	489151	880	11755	20110.925	9489	16615.7445	0.0377093649135005	-0.732579709453148
chr10	489152	509628	58	540	1323.57	847	1106.2662	-0.903947186945506	-1.25127799321282
chr10	509629	5729917	49109	1107624	1121667.432	908888	924433.8063	0.010482015403933	0.0239484222253703
chr10	5729918	5733943	53	1	1207.85	502	988.699	-9.25619019819737	-10.1961002202561
chr10	5733944	34030411	333893	7490447	7627273.0501	6184059	6328171.6196	0.0113104004402822	0.0160096588014288
chr10	34030412	34035708	45	929	1026.99	6	878.463	7.05339484867904	-0.102546440950464
chr10	34035709	38338371	44534	1007406	1016776.0303	824272	835509.8571	0.0103709541781033	0.0287684944588838
chr10	38338372	38339646	17	731	387.495	280	314.723	1.08854078924442	0.957818902501
chr10	38339647	41295276	36007	805071	822106.2296	662799	676700.1638	0.00392779793385783	0.0119163869689425
chr10	41295277	41295954	9	103	204.702	3	173.303	4.8655007392831	-0.94875566920497
chr10	41295955	57738819	189995	4278402	4337925.2444	3494983	3574908.691	0.0168790994630524	0.0221920449762873
chr10	57738820	57745017	36	186	824.339	429	692.221	-1.45348877778762	-2.10580993822814
chr10	57745018	74768302	190430	4269927	4348427.1293	3502695	3587298.454	0.0123414469389371	0.0158429388143323
chr10	74769747	74777841	95	3462	2165.6	1792	1799.04	0.686686848869609	0.718964123222987
chr10	74777842	110410565	420989	9386950	9617893.2753	7687428	7869228.2459	0.00284800850152556	0.00706074850887881
chr10	110410566	110412649	27	672	617.428	268	511.206	1.05805338186274	0.164315514414321
chr10	110412650	112626397	9570	201233	218289.7432	165909	180607.507	0.00927956746949616	-0.0752522419554584
chr11	797	8860931	89986	1990267	2058655.2162	1701487	1752293.7785	-0.00210041199791167	-0.00661505082516931
chr11	8860932	8862446	19	0	433.477	134	368.062	-33.2150896585361	-33.1771557577799
chr11	8862447	10646262	20418	450984	466644.8664	387175	395166.732	-0.0155817885277878	-0.0071235827394578
chr11	10646263	10648223	24	146	547.606	3	460.713	5.3597833796	-1.8650446932385
chr11	10648224	12596824	23608	535870	539944.0713	453294	459196.3088	0.011928343902696	0.0311982648954029
chr11	12596859	12598283	19	187	434.849	0	364.608	32.0059959928917	-1.1753510548902
chr11	12598284	39258849	283041	6324061	6468550.0334	5312561	5422859.3253	0.00124645893664341	0.00953411561434767
chr11	39258850	39273709	7	5	160.909	146	135.634	-5.1102313194418	-4.96604792062697
chr11	39273710	40565652	10238	223720	234085.597	191727	198838.7524	-0.0086052070038551	-0.023216743241506
chr11	40565653	40572702	39	0	894.253	335	755.917	-33.2150896585361	-33.1771557577799
chr11	40572703	40685907	1275	28346	29198.4544	24679	24934.4812	-0.0236972981973938	-0.000621645869274282
chr11	40685908	40691989	6	8	136.671	126	116.912	-4.1983727653452	-4.05243814848981
chr11	40691990	40874959	1967	43838	45019.794	38810	38420.693	-0.0487310763827516	0.00374771628574424
chr11	40874960	40878262	44	0	1006.55	829	861.564	-33.2150896585361	-33.1771557577799
chr11	40878263	46701593	59532	1323313	1360736.1009	1118282	1151460.0778	0.00613867987001757	0.00189223048725189
chr11	46701594	46706378	16	148	365.975	1	303.05	6.94145535439279	-1.26402273309566
chr11	46706379	47462957	6642	147523	151600.972	123048	127088.662	0.0114663062133116	0.00278608731877188
chr11	47462958	47473156	35	235	799.777	2	672.856	6.63140817789885	-1.72481184432213
chr11	47473157	52148872	53164	1181043	1215932.212	1004414	1034196.9609	0.00434690893752383	0.000123882254097471
chr11	52148873	52149247	5	128	114.355	2	95.1343	5.73870933018121	0.204749554653221
chr11	52149248	60119816	87505	1940400	1999374.9856	1638282	1689219.739	0.00516959699870866	-0.00106980106257075
chr11	60119817	60120641	11	50	250.444	240	211.83	-2.50042424091927	-2.28236285689693
chr11	60120642	60123790	36	458	820.433	600	687.877	-0.639658515830986	-0.798912732346791
chr11	60123791	60563845	4987	111825	113919.5434	94773	95961.4868	-0.00460181622553217	0.015352680608969
chr11	60563846	60564745	12	2	273.384	241	232.288	-7.14371220976198	-7.05265978958512
chr11	60564746	60621076	715	16121	16357.9	13604	13868.7	0.0109466292686694	0.0210788801641754
chr11	60621077	60621751	9	0	205.259	195	172.641	-33.2150896585361	-33.1771557577799
chr11	60621752	60782651	1986	44886	45352.4558	38044	38037.8516	-0.0109570235416881	0.0272100542865372
chr11	60782652	60784027	18	180	410.157	364	347.653	-1.25027846492352	-1.14605415264461
chr11	60784028	64478085	44412	1001872	1014671.9654	842305	853296.932	0.00458122943047313	0.0238099995691427
chr11	64478086	64487126	116	1215	2652.97	5	2200.04	7.65892512324839	-1.0845268563065
chr11	64487127	90463331	280272	6252354	6401040.4123	5198234	5311116.9582	0.00127805886203938	0.0082182384365454
chr12	322	1242041	10120	218252	230923.0063	182554	190806.1532	-0.0134413315128656	-0.0392918468725753
chr12	1242042	1504094	3251	75887	74236.5191	61332	61603.1111	0.0422782028664715	0.0738488887341746
chr12	1504095	1506828	30	35	685.3786	180	575.8762	-2.60952123593292	-4.24934912531155
chr12	1506829	2752607	12466	271269	284651.9616	226428	232357.7924	-0.0279879063378759	-0.0273496612962093
chr12	2752608	2773229	198	13	4517.55	1916	3779.5	-7.45659599182943	-8.39875989414231
chr12	2773230	3744954	2337	43316	53367.1552	37716	44687.8156	-0.052155946889336	-0.258926893563591
chr12	3744955	10007312	51169	1104387	1168954.2216	922461	962006.8414	-0.0172220952211799	-0.0398474303000529
chr12	10007313	10018460	133	4049	3038.94	2342	2501.79	0.51340836140474	0.45612264325117
chr12	10018461	36708850	259424	5689692	5925185.8796	4706186	4843697.1677	-0.0127682373270732	-0.0163846651480206
chr12	36708851	36709453	8	88	182.181	0	151.932	32.1736751624744	-1.00767188534434
chr12	36709454	37668191	11739	265675	268299.8392	214991	214645.6875	-0.0123115020365055	0.0279414779974458
chr12	37668192	37669016	11	108	205.842	7	150.91	3.50387489632424	-0.888380875994287
chr12	37669017	50369892	149626	3324643	3420960.7957	2714051	2759038.5541	-0.0132930622841508	0.000923052773378633
chr12	50369893	50382597	162	4009	3725.45	2312	2915.76	0.44474958400222	0.147952908361154
chr12	50382598	52716696	28021	628762	640382.4013	514590	519183.9495	-0.00940597959433261	0.0157055595283578
chr13	0	28273732	245135	5351270	5605337.9296	4610785	4757905.0945	-0.017414638809234	-0.0247948379113098
chr13	28273733	28278308	59	682	1351.42	0	1139.48	32.2368397723808	-0.944507275450709
chr13	28278309	28934387	6539	139474	149520.5856	119191	127221.323	-0.00209143540809047	-0.0582227257036242
chr13	28934388	28938952	21	167	480.789	349	406.4383	-1.3015551737793	-1.48343059471304
chr13	28938953	30937628	18092	402620	414161.7264	350867	353403.6807	-0.026191306430878	0.00134979354264462
chr13	30937629	30938078	6	78	137.868	0	119.073	32.4017306308712	-0.779616416991251
chr13	30938079	33369130	23270	525819	532551.7834	461524	454292.2971	-0.036949079638174	0.0237696500527202
chr13	33369131	33818936	266	2622	6066.0598	3088	5156.3126	-0.466233767724185	-1.16796684331886
chr13	33820044	33890590	466	10720	10636.791	9097	8991.588	-0.00138169673819559	0.0533671253914011
chr13	33890591	33900790	85	534	1941.004	0	1647.508	31.3615807950917	-1.81976625250137
chr13	33900791	33909395	92	2402	2104.8883	1691	1795.7435	0.28138839915035	0.2326176663648
chr13	33909396	33955505	335	3139	7665.311	51	6487.8748	5.70725689630193	-1.2459141062937
chr13	33955506	33962089	2	38	46.6778	17	37.4081	0.845270087815869	-0.254611956276281
chr13	33962090	34029634	360	3595	8232.465	15	6920.301	7.65858699978638	-1.15320751118399
chr13	34029635	41811314	87949	1945132	2009464.2176	1643964	1676853.5759	-0.0141735246251222	-0.00481763410674173
chr13	41811315	41812762	18	192	410.956	0	344.369	32.1255946136227	-1.05575243418596
chr13	41812763	41947674	1519	34212	34624.916	28352	28884.7849	0.0137424064655633	0.0248170651595466
chr13	41947675	41949672	26	293	596.125	1	500.509	7.94672920632871	-0.982589021584881
chr13	41949673	56937407	175392	3876089	4005934.9277	3215293	3314217.5919	0.000372113832451137	-0.005412097727243
chr13	56937408	56939973	34	387	779.692	0	667.937	32.212901473691	-0.96844557413577
chr13	56939974	57482305	6325	143581	144693.911	121794	123301.843	0.010803230465107	0.0309858301909244
chr13	57482306	57482760	6	2	138.207	121	118.516	-6.13642078481281	-6.06856167686556
chr13	57482761	58419058	9914	208495	226837.9845	180389	193314.4771	-0.0176198495878419	-0.079524265340948
chr13	58419059	58422103	13	3	297.547	150	255.24	-5.86092802412927	-6.58988605563895
chr13	58422104	59186258	8347	181903	191080.2544	159381	163338.7945	-0.0314302447382346	-0.0288841748957524
chr13	59186259	59186408	2	0	45.5848	41	38.3516	-33.2150896585361	-33.1771557577799
chr13	59186409	59199881	173	3345	3959.13	3476	3395.85	-0.272641286463827	-0.201052037622801
chr13	59199882	59211739	43	2	985.908	584	821.177	-8.44939302579569	-8.90318395536646
chr13	59211740	69883462	117113	2586311	2678203.4956	2197140	2269868.0309	0.000803096206925673	-0.00824462513880484
chr13	69883463	69884287	11	124	249.546	6	211.554	4.13514528001591	-0.966840466912683
chr13	69884288	94676803	288656	6436897	6591375.1453	5349991	5498976.3972	0.00960382059526572	0.00791109179982372
chr13	94676804	94678304	20	2	458.364	430	382.394	-8.00543537447533	-7.79822470460499
chr13	94678305	95947407	14469	324319	330503.1904	270697	275442.3744	0.00201226109986347	0.0148745384168237
chr13	95947408	95947941	6	0	138.35	119	119.246	-33.2150896585361	-33.1771557577799
chr13	95947942	96212620	2803	57817	63965.605	48668	53192.0774	-0.0133734246467141	-0.103677417160757
chr13	96212621	96213343	8	1	182.947	156	149.528	-7.57222099653125	-7.47315673056829
chr13	96213344	114025099	208103	4666675	4751440.2919	3878144	3925267.9744	-0.00435383683955773	0.0161552886322613
chr14	322	413287	180	845	4110.9223	686	3459.9309	0.0562151761446908	-2.24031366566789
chr14	413288	726156	108	1247	2469.117	1822	2055.31	-0.80750939394789	-0.943408544178586
chr14	726157	748360	85	681	1950.168	2371	1625.024	-2.05871505549638	-1.47574651749077
chr14	748361	15502192	154720	3429768	3531829.8464	2867238	2931567.343	-0.00610302264571018	-0.000179657048170058
chr14	15502193	15956385	2114	42930	48285.431	36699	40563.9549	-0.0209529252270248	-0.127476591175219
chr14	15956386	16150160	170	2320	3883.959	3998	3255.835	-1.03546275941107	-0.701277974715559
chr14	16150180	16614536	4734	105475	108020.0239	87233	89471.2411	0.00634362838373666	0.00772750619225589
chr14	16614537	16914855	3494	71652	79736.6538	61690	65495.6382	-0.063682613390558	-0.112110897177735
chr14	16914856	17278107	4639	107130	105898.503	86744	87457.615	0.0326916696649142	0.0588055357123858
chr14	17278108	17279137	13	0	298.294	126	244.957	-33.2150896585361	-33.1771557577799
chr14	17279138	22662338	57259	1266087	1307223.4047	1054977	1097111.154	0.0145602687763868	-0.00400398387676862
chr14	22662339	22671458	83	863	1903.549	1471	1615.462	-1.00191838401828	-1.0991340514272
chr14	22671459	39922548	192087	4257295	4390039.0127	3607200	3699652.7574	-0.00359495489056946	-0.0021715072886021
chr14	39922549	39924236	21	0	478.715	367	412.521	-33.2150896585361	-33.1771557577799
chr14	39924237	39961188	335	7636	7653.4652	6278	6530.8435	0.0578596076488749	0.0388292004292063
chr14	39961189	39962088	12	0	273.886	249	232.053	-33.2150896585361	-33.1771557577799
chr14	39962089	40510414	4904	110726	112200.1335	95457	95803.1928	-0.00966633494668259	0.0230448254159472
chr14	40510415	40512682	23	9	525.2622	283	439.8743	-5.226488398772	-5.82484375485579
chr14	40512683	40887862	4181	89558	95670.7158	78456	81621.4289	-0.0339996073808155	-0.0531298907893862
chr14	40887863	40891098	40	301	913.807	0	772.999	31.6213462321871	-1.56000081549238
chr14	40891099	47918419	72707	1620958	1659953.6497	1356005	1387141.9989	0.00264802514130964	0.00782894321194944
chr14	47918420	48226552	948	17833	21699.518	17330	18510.1916	-0.183874108369752	-0.24098838165079
chr14	48226553	61953389	142196	3119841	3252201.0539	2664094	2757092.9359	-0.00624974222809785	-0.0178187523337792
chr14	61953390	61957549	35	3	800.48	619	674.033	-7.93268790432198	-8.01763381690817
chr14	61957550	62269526	3651	81589	83498.4148	70356	70951.3102	-0.0170269970688328	0.00875104079735584
chr14	62269527	62270651	15	179	341.702	0	288.564	32.2906931347379	-0.890653913104145
chr14	62270652	62365169	1093	22607	24990.0706	19572	21221.6396	-0.0236491946033593	-0.102460230068564
chr14	62365170	62379043	84	646	1923.681	10	1631.028	5.77956549591156	-1.53213831828327
chr14	62379044	97969404	362437	8110933	8280895.061	6747985	6903623.3945	0.00716945229366311	0.0122063549186009
chr14	97969405	97975580	23	434	525.197	740	449.436	-0.990381923324156	-0.233038441436922
chr14	97975581	102568213	36280	791998	829196.5297	667698	700748.2226	0.00767446000310086	-0.0240921002097006
chr14	102568214	102571077	37	447	844.301	715	708.069	-0.927344587775504	-0.875357400080779
chr14	102571078	102766785	2280	50307	52085.1817	42701	44056.9746	-0.000821961147287633	-0.0079886323427793
chr14	102766786	102769041	30	9	683.349	263	566.893	-5.13434881782654	-6.20442856622531
chr14	102769048	115493372	142249	3152336	3248990.2886	2632617	2717510.1565	0.00640895300004751	-0.00144492371670937
chr15	0	6108368	55645	1225760	1270347.6075	1019525	1054431.6441	0.00121292332979612	-0.00942159554069447
chr15	6108369	6108968	8	0	182.377	89	154.287	-33.2150896585361	-33.1771557577799
chr15	6108969	6354834	2774	61320	63430.9953	53064	53756.4509	-0.0259345315512922	-0.00670509153336912
chr15	6354835	6357043	28	667	642.196	259	549.257	1.1433936256915	0.0967982735615572
chr15	6357044	6597371	2535	53672	57972.1417	45620	48941.4822	-0.00560749816368873	-0.0690649449029114
chr15	6597372	6598196	11	10	249.611	120	207.596	-3.84667407582543	-4.59948441330202
chr15	6598197	6681080	964	22065	22024.9	18673	18669	0.00650649159318008	0.0447494696820447
chr15	6681081	6681680	8	0	182.776	69	156.282	-33.2150896585361	-33.1771557577799
chr15	6681681	7646684	11428	256320	261310.136	220028	221817.4851	-0.0119397786611364	0.0143081574316969
chr15	7646685	7654167	96	0	2193.41	941	1834.02	-33.2150896585361	-33.1771557577799
chr15	7654168	7654917	10	197	228.741	185	193.779	-0.144441098123013	-0.173394159565055
chr15	7654918	7656636	20	0	459.007	243	392.519	-33.2150896585361	-33.1771557577799
chr15	7656637	20651720	146171	3267245	3337060.5413	2722477	2786476.3773	0.00721013386783082	0.0116219727672528
chr15	20651721	20651945	3	0	68.2789	40	57.5795	-33.2150896585361	-33.1771557577799
chr15	20651946	29707357	66534	1469015	1518997.5196	1234950	1262044.4681	-0.0127689838710904	-0.00614519557649879
chr15	29707358	31950404	1528	24186	34892.1552	22262	29305.1822	-0.127966634549338	-0.486605331576352
chr15	31953379	35519139	31489	708654	718955.7435	572172	590423.1766	0.0286701837428515	0.0213036294595228
chr15	35519140	35533756	129	2	2952.84	1301	2524.66	-9.56722792197988	-10.4857620665468
chr15	35533757	61981320	286474	6404913	6540095.1473	5321345	5436719.8165	0.00500417885539198	0.0119925407050202
chr15	61981321	61983633	30	751	684.071	322	561.796	0.941843791268881	0.176792028192637
chr15	61983634	65194592	32636	727450	745897.0744	619292	632141.2347	-0.00231007174179009	0.00599671340491859
chr15	65194593	65339051	43	105	983.3416	5	831.2909	4.15416943081923	-3.18517815667282
chr15	65339052	86827848	238824	5257013	5462414.7624	4500671	4642115.8195	-0.00646185884983193	-0.0131703686462267
chr15	86827849	86828523	9	0	204.826	86	169.426	-33.2150896585361	-33.1771557577799
chr15	86828524	95309337	94152	2096824	2152201.0669	1790108	1821302.4404	-0.00849192221364816	0.00451809672290874
chr15	95309338	95310312	13	0	297.291	130	252.041	-33.2150896585361	-33.1771557577799
chr15	95310313	96729351	16044	355176	367154.6985	306532	313074.4238	-0.0131947087809847	-0.00572877210031025
chr15	96729352	96731694	30	2	687.047	298	584.791	-7.44746489226045	-8.38213974444913
chr15	96731695	97012942	3416	76742	78153.1975	64880	66552.1279	0.0146137298229439	0.015836655498218
chr15	97012943	97017906	49	984	1119.39	1495	951.156	-0.834182854531078	-0.143857352743592
chr15	97017907	97045738	304	6648	6954.338	5805	5928.129	-0.0305207403890356	-0.0228676143732204
chr15	97045739	97046402	7	0	160.897	74	138.548	-33.2150896585361	-33.1771557577799
chr15	97046403	105433303	94666	2099050	2163292.2307	1775589	1822871.4695	-0.00138557915767255	-0.00136684279394827
chr15	105433304	105437135	51	1236	1164.47	1	966.796	10.007264115844	0.128130462298607
chr15	105437136	111239624	54514	1204395	1244759.1177	1007550	1036683.2343	-0.00224296743207938	-0.00543276786085506
chr16	17697	14495742	154272	3456679	3523323.2296	2848602	2909116.3704	0.00696803491231033	0.0145749933451676
chr16	14495744	14498120	31	322	704.792	548	592.702	-1.01281453717403	-1.08801166876288
chr16	14498121	14832475	3698	82932	84397	68395	71159.055	0.0360849484235044	0.0168623588431201
chr16	14832476	14834275	24	299	548.4	0	468.923	32.3483891525174	-0.832957895335448
chr16	14834276	15151136	3483	79808	79632.542	67238	67585.401	0.0148013831861275	0.045300449995452
chr16	15151137	15153326	29	321	661.773	0	553.669	32.1797091049275	-1.00163794289252
chr16	15153327	17157096	21817	480894	498948.454	410269	423886.8993	-0.00187133207042033	-0.0110466620843015
chr16	17157097	17161876	49	0	1119.19	536	956.866	-33.2150896585361	-33.1771557577799
chr16	17161877	17175074	162	3395	3695.79	3264	3146.99	-0.170948381315369	-0.0803460173952476
chr16	17175075	17181789	7	3	159.769	71	130.278	-4.85498735656446	-5.69275599938827
chr16	17181790	43366524	246078	5397359	5623196.0951	4546451	4720789.8787	-0.00065795166462411	-0.0170115170076518
chr16	43366525	43373300	89	827	2038.571	1546	1737.037	-1.12931951390201	-1.2594737783853
chr16	43373301	64995993	240105	5344635	5484595.7752	4504024	4611794.3599	0.00101109037171806	0.00483132162421952
chr16	64995994	64996499	6	0	137.224	62	114.68	-33.2150896585361	-33.1771557577799
chr16	64996500	66894516	19220	419148	439102.6402	357117	371726.369	-0.00506295428576706	-0.0249732722508819
chr16	66894517	66894891	5	0	114.668	110	99.9233	-33.2150896585361	-33.1771557577799
chr16	66894892	90668716	266156	5946866	6079411.0699	4957851	5053531.1631	-3.38025951590977e-05	0.0103231868471594
chr17	545	21080573	233314	5166418	5328426.7924	4273716	4379515.7175	-0.00507367347766392	-0.00242007923974123
chr17	21080574	21081773	16	183	365.049	0	301.611	32.2272257598583	-0.954121287971282
chr17	21081774	48019145	281030	6196802	6416543.9644	5195782	5369044.8394	0.00124326339261683	-0.00814738852561956
chr17	48019146	48283895	361	7416	8258.8386	7426	6994.171	-0.237538628814173	-0.113172481556825
chr17	48283896	62148230	139179	3071854	3178760.6012	2591713	2670471.8083	-0.00197474163885798	-0.00722952823846122
chr17	62148231	62154957	79	1894	1807.51	701	1530.04	1.19770701261614	0.109557893168067
chr17	62154958	82552170	222882	4905070	5089120.9955	4123184	4256753.279	-0.00295684658132277	-0.0110175758037053
chr17	82552171	82552395	3	0	68.9709	56	57.0038	-33.2150896585361	-33.1771557577799
chr17	82552396	82617160	746	16718	17047.7334	14508	14468.848	-0.0278849710381988	0.01394752025431
chr17	82617161	82617685	7	103	160.44	1	138.409	6.4775956830875	-0.597264342538137
chr17	82617686	89385717	77354	1718976	1766078.8407	1443309	1478510.6966	-4.4576535599577e-05	0.0031248448454337
chr17	89385718	89463173	218	2771	4960.8648	851	4112.7957	1.43689473278069	-0.798059737375861
chr17	89464669	90843705	12726	280150	290680.3645	233528	243763.9426	0.0128463622418723	-0.0111089366986483
chr18	0	38380544	410676	9141507	9380638.7997	7668595	7857688.183	0.00207977632238648	0.00487103770533021
chr18	38380545	38536859	666	13380	15239.177	12972	12949.0483	-0.1860704441217	-0.145581684171302
chr18	38536860	51320685	138055	3062559	3153937.8884	2595814	2660055.5688	-0.00295594912056243	-0.000291419859671696
chr18	51320686	51325598	65	786	1493.17	1330	1239.48	-1.02327717321899	-0.883652019197302
chr18	51325599	60530586	104636	2372567	2389326.5032	1979178	1989162.4943	0.00129587204291666	0.0319700073934752
chr18	60530587	60535612	67	0	1528.88	624	1264.18	-33.2150896585361	-33.1771557577799
chr18	60535613	61053680	4645	100264	106043.4742	82874	87080.4491	-0.00523156422981532	-0.0387269542358471
chr18	61053681	61054880	16	0	365.456	320	302.903	-33.2150896585361	-33.1771557577799
chr18	61054881	61798643	8746	195870	199509.407	163464	164709.1324	-0.0114214291586653	0.0155648664638338
chr18	61798644	61799384	9	137	205.712	2	171.06	5.83609985160746	-0.544324869967257
chr18	61799385	65123809	39091	855470	892089.8465	714036	742914.0191	0.000917972165222106	-0.01834656418348
chr18	65123810	65125674	15	3	344.576	281	288.026	-6.80389568422606	-6.80159070156277
chr18	65125675	67884467	32595	729209	744481.6822	612044	628600.4843	0.0127953169862913	0.0122212066074619
chr18	67884468	67895607	22	12	502.114	98	420.57	-3.28122505946616	-5.344783442878
chr18	67895608	76937454	97493	2177323	2226169.472	1808161	1842011.5648	-0.00105771440785491	0.0101172094023995
chr18	76937455	76939329	25	4	572.331	201	468.162	-5.93670230628484	-7.11858072984074
chr18	76939330	77216193	2359	53558	53973.0257	43115	43671.9305	0.0115712378388236	0.0309887124699508
chr18	77216194	77217318	15	1	343.192	125	271.915	-7.29745315625147	-8.38074687235935
chr18	77217319	83357232	65188	1448771	1488979.9965	1201263	1233274.7311	0.0026386657083283	0.00263039219482262
chr18	83357233	83360171	28	0	639.112	76	535.973	-33.2150896585361	-33.1771557577799
chr18	83360172	83376484	214	4732	4900.72	4070	4177.37	-0.00878621974576833	-0.00841845657667824
chr18	83376485	83380547	45	0	1025.07	454	864.32	-33.2150896585361	-33.1771557577799
chr18	83380548	84894801	17883	404076	408966.4323	342660	347911.1784	0.00877676643651786	0.0247694242179183
chr18	84894802	84896532	23	195	525.361	0	447.542	31.7936372567285	-1.38770979100027
chr18	84896533	84990541	1185	27070	27131.8385	22618	23154.8935	0.0347451244509194	0.0388332683639839
chr18	84990542	84991066	7	89	160.457	0	138.524	32.3731627512692	-0.808184296588106
chr18	84991067	85677859	7890	170040	180528.4331	146805	153712.0538	-0.0158314266876377	-0.0442267231158152
chr18	85677860	85686491	26	14	596.4269	124	492.8072	-3.41797209021228	-5.37072139788637
chr18	85686492	86399572	7964	174529	181979.6585	146881	154224.1519	0.0142617971991766	-0.018185228495035
chr18	86399573	86406888	48	963	1097.0789	405	927.046	1.010850726801	-0.145934391142557
chr18	86406889	86565267	1861	40243	42566.3753	34843	36239.2749	-0.0200998525519351	-0.0388511948309629
chr18	86565268	86571753	86	2	1969.92	893	1684.05	-9.02452706846424	-9.9017959933601
chr18	86571754	88201446	10562	223639	241684.2904	192192	205609.228	-0.0104038799994266	-0.0698267099059035
chr19	0	11208139	120982	2710903	2765340.4654	2291641	2323988.6902	-0.00427033825337703	0.0134415693633195
chr19	11208140	11209564	19	392	434.177	688	366.42	-1.05214867196841	-0.105304457363194
chr19	11209565	24440065	146275	3254617	3339985.9152	2704184	2762021.1473	-0.00263190425844077	0.00477095091153908
chr19	24440066	24441204	12	90	269.332	1	203.192	6.08950230914592	-1.53926355210319
chr19	24441205	26338656	22838	522274	521136.9099	416337	420858.4615	0.022919083402156	0.045269637748946
chr19	26342888	26360588	10	29	228.484	208	192.755	-3.08359228945704	-2.93584314394147
chr19	26360589	27094392	413	2319	9439.106	2106	7880.4996	-0.117174456318959	-1.98302221334143
chr19	27094393	27179901	21	53	480.6974	198	406.3736	-2.13956719438642	-3.13893954304559
chr19	27179902	28561082	3885	71864	88734.4958	61814	74259.7738	-0.0353872408576464	-0.262100635321028
chr19	28569676	28629640	12	58	273.9417	172	226.3781	-1.83922696440026	-2.19761889580143
chr19	28634678	50419049	245840	5470259	5612731.0706	4565391	4657290.8886	-0.00414993353423491	0.00503139765799536
chr19	50419050	50419142	1	20	22.323	316	17.7005	-4.31240217101613	-0.116405733505685
chr19	50419143	62275498	138518	3088401	3165991.2513	2537340	2566293.4093	-0.0152366187460099	0.00632800764617522
chr20	747	186878	247	2569	5629.0803	1591	4612.7711	0.408198819081005	-1.08956714704847
chr20	186879	219369	396	6580	9023.576	6220	7516.8381	-0.178209055054496	-0.413486504688932
chr20	219370	2878790	18586	393240	424572.2045	328768	355694.876	0.00716175147223222	-0.068474655347633
chr20	2878791	2883504	12	217	274.44	4	226.672	5.48985793403449	-0.296670537637463
chr20	2883505	3141055	613	13380	13857.8133	10163	11158.443	0.0883791836227333	-0.00849631748677261
chr20	3141056	3160216	149	30	3410.54	1303	2775.52	-5.73378156937196	-6.78676866469191
chr20	3160217	3163126	17	39	390.4303	202	306.0197	-2.72005846352263	-3.2813937983948
chr20	3163127	3249767	350	7969	7997.93	5868	6493.32	0.145050771283302	0.0368972340537903
chr20	3249843	4034151	7624	157803	174055.4082	124734	139713.622	0.026387202208503	-0.0992968177610029
chr20	4034152	4044844	122	2040	2784.56	1041	2284.43	0.689175230236708	-0.406755035794986
chr20	4044845	4046353	20	240	440.057	4	339.599	5.53722367813662	-0.832530809038124
chr20	4046354	4048153	24	390	551.746	245	433.239	0.32604251914426	-0.458404950145505
chr20	4048154	4065815	212	2210	4836.1	11	4011.97	7.38505701473948	-1.08767251565614
chr20	4065816	4073472	101	1413	2308.131	765	1876.581	0.590802558590611	-0.665838450728718
chr20	4073473	4276617	2225	47003	50887.6057	37918	41739.9399	0.0281754705509588	-0.0724362810098032
chr20	4277402	4281483	28	254	643.32	4	518.757	5.68239831637562	-1.29858285247781
chr20	4281484	5380917	8179	176319	186594.7912	136240	147766.6597	0.0396409768310636	-0.0395955758793947
chr20	5380918	5403017	65	83	1478.0416	292	1211.3682	-2.09764326802092	-4.11230653486652
chr20	5403318	5497967	964	21232	21992.4212	15562	17271.6173	0.103800820511719	-0.00864097573502211
chr20	5497968	5498492	7	0	161.887	71	127.337	-33.2150896585361	-33.1771557577799
chr20	5498493	18214128	138443	3060074	3165041.1171	2510931	2576495.1975	-0.00727889107157363	-0.00653250940720788
chr20	18214129	18216423	29	284	662.473	556	546.288	-1.24320258690081	-1.17984553557677
chr20	18216424	56205872	427061	9384518	9756669.6856	7898418	8144628.4317	-0.00762968499500088	-0.0139809466448555
chrX	598	13022945	111249	2450815	2541659.3646	2082312	2138133.1882	-0.0101523402365153	-0.0103839144656227
chrX	13022946	13023772	11	0	251.501	217	214.423	-33.2150896585361	-33.1771557577799
chrX	13023773	38341651	240363	5277644	5490767.2752	4476886	4626060.0263	-0.00563403175752387	-0.0149885351626794
chrX	38341652	38346449	51	2235	1168.3309	869	981.05	1.11498767228389	0.977951083823247
chrX	38346450	39068956	7523	166339	171806.1487	139952	145124.0671	0.00989077384232578	-0.00453001424503786
chrX	39068957	39070083	15	122	341.862	0	285.675	31.7369393194733	-1.4444077282399
chrX	39070084	39101826	339	7154	7755.431	6297	6611.1194	-0.0420356477577493	-0.0743316501802936
chrX	39101827	39103001	12	105	275.85	1	235.533	6.49048200031776	-1.35136946110689
chrX	39103002	39642854	4725	104302	108061.7674	89686	91921.5532	-0.0113776932952648	-0.00896417004306931
chrX	39642855	39644939	27	333	617.278	0	528.246	32.3330740423774	-0.848273005472561
chrX	39644940	63559735	232418	5125956	5317114.8127	4429379	4519496.432	-0.0195736457460911	-0.0106973327649146
chrX	63559736	63594005	267	7083	6084.6	7543	4638.59	-0.478062683296927	0.261323309840696
chrX	63594006	100974595	349956	7586994	8003508.4149	6509774	6784296.1923	-0.0133211717466918	-0.0349789698562088
chrX	100974596	100987907	65	2202	1478.52	1372	1248.91	0.443241034711115	0.616785901108299
chrX	100987908	106141502	51857	1152948	1185867.1666	987456	1005901.1321	-0.00972353768881643	0.0015102203066797
chrX	106167519	106184883	111	2074	2544.8273	2275	2047.003	-0.443313897831911	-0.253026668369268
chrX	106184884	112384477	61067	1320028	1395265.5209	1127904	1178299.494	-0.0127178702678438	-0.0378459718549213
chrX	112384478	112394903	80	1898	1787.494	1968	1336.1969	-0.467864720262799	0.128666784318421
chrX	112394904	131863115	192141	4240360	4391880.4699	3611187	3719862.6594	-0.00368452067923973	-0.00852684645854512
chrX	131863116	131893402	203	3821	4644.357	4902	3968.526	-0.582104551461351	-0.239403423827731
chrX	131893403	159969947	254794	5584607	5824131.4925	4769803	4923241.0587	-0.0107171800462871	-0.0184619777185006
