chrom	start	end	binNum	tumor	tumor_expect	normal	normal_expect	log2.copyRatio	log2.TumorExpectRatio
chr1	987	24827371	257628	5437589	5634520.6552	4767941	4932313.5126	0.0024375338973252	-0.00865070470439722
chr1	24827372	25034310	232	773	5051.2639	1244	4359.2289	-0.894152437494696	-2.66542902905268
chr1	25034311	26263493	9670	207057	213319.8081	185285	188119.0335	-0.0162250391899057	-0.000314891118408551
chr1	26263494	27224342	238	3057	5206.5746	3933	4562.289	-0.549225148622534	-0.725542917410129
chr1	27224343	31272479	42632	913389	936365.8441	807137	823631.7214	-0.00179188608341141	0.0068321725536639
chr1	31272480	31385444	126	1144	2764.995	10	2424.836	6.65341869625667	-1.23051475199604
chr1	31385445	31518469	1296	28272	28464.501	24746	24963.826	0.00771903877104464	0.0328852036622493
chr1	31518470	31522345	50	524	1103.02	1037	972.363	-1.16180403985052	-1.03114516584318
chr1	31522346	35816514	52510	1132318	1142663.03	985422	991377.8801	0.0004377374236236	0.0295542314202711
chr1	35816515	35819214	36	368	779.604	0	674.856	32.1411104071291	-1.04036065907621
chr1	35819215	36025388	2435	52684	53035.014	46712	46159.958	-0.0218663838865234	0.0330948035546248
chr1	36025389	36026796	18	197	391.577	1	341.478	7.42941356160736	-0.948425330952946
chr1	36026797	51387805	154322	3270084	3364083.6219	2846444	2930102.2667	0.00576961429711882	0.00178919511271037
chr1	51387806	51388984	15	350	326.643	36	286.279	3.09585841640914	0.142315266400363
chr1	51388985	62937768	102836	2144495	2249756.4918	1892398	1963738.6401	-0.0108783304756117	-0.0264558365154255
chr1	62937769	62995084	53	841	1162.888	149	1021.555	2.31471337899944	-0.424859381805462
chr1	62995085	63000821	19	428	420.881	1	372.857	8.57154216127251	0.0668734809257025
chr1	63000822	63010649	3	52	66.727	47	59.2332	-0.0211485634775333	-0.317083952149107
chr1	63010650	63097769	173	1728	3831.195	78	3388.561	4.29722874667136	-1.1060161728953
chr1	63097770	63104322	60	1347	1323.222	901	1172.217	0.410200563353122	0.0683697918967102
chr1	63104323	63132023	146	1374	3213.643	0	2831.219	31.9983184672731	-1.1831525989005
chr1	63132024	63708716	1092	23244	24112.0314	19907	21217.4318	0.0439445616891565	-0.010219773736205
chr1	63708717	63711056	21	231	460.721	1	392.363	7.62490981226469	-0.953325439461646
chr1	63711057	63714502	20	330	433.963	226	372.519	0.330750404629767	-0.352430950882472
chr1	63714503	63720583	76	979	1651.326	71	1437.378	3.59009766088447	-0.711569128718392
chr1	63720584	63748162	179	3158	3903.806	2355	3392.7396	0.225718640616268	-0.263195121297485
chr1	63748163	63757691	21	300	460.671	40	399.389	2.70581359672693	-0.576099212678489
chr1	63757692	63769750	127	2803	2768.82	2364	2414.44	0.0530242382532656	0.0603755439941152
chr1	63769751	63777516	37	422	805.032	10	699.854	5.20204412276115	-0.889128065103028
chr1	63777517	63780536	20	262	433.7635	82	375.9766	1.47447039614036	-0.684666780169807
chr1	63780537	63830461	96	1041	2112.357	62	1857.193	3.88869329297401	-0.978208542657788
chr1	63830462	63831591	15	264	326.058	232	285.246	-0.00164365268335222	-0.261915620524045
chr1	63831592	63978783	126	1466	2764.048	546	2403.338	1.22803432196775	-0.872222498658428
chr1	63978784	64071494	14	137	306.097	0	268.794	32.0643331214943	-1.11713794469438
chr1	64071495	65094497	7825	163270	170356.9375	142485	147998.1148	-0.00166703725255973	-0.0186259050080164
chr1	65094498	65111385	90	853	1985.771	5	1745.481	7.2332643635065	-1.17640654608428
chr1	65111386	65186757	404	8603	8868.5807	7758	7802.3886	-0.0307671379452113	-0.00118833352214282
chr1	65186758	65197843	30	428	669.1592	7	594.3579	5.76795968232677	-0.60206362000456
chr1	65197844	65238148	3	83	67.0128	63	59.3368	0.227115129209965	0.351349715123805
chr1	65238149	65239642	15	118	328.32	2	294.67	5.73150576571608	-1.43364070892428
chr1	65239643	65253912	78	1766	1724.64	1197	1525.6698	0.389074883272272	0.076865163985562
chr1	65253913	65292195	226	2556	4980.44	141	4408.57	4.00902351237579	-0.919710299983518
chr1	65292196	65370926	328	6865	7246.3698	5840	6376.5719	0.0536791312155766	-0.0353236442620601
chr1	65370927	65420838	19	188	419.489	3	372.45	5.80290529980272	-1.11522525089376
chr1	65420839	68577480	19373	397970	425168.3023	356126	372948.462	-0.0239206679940698	-0.0526992950901557
chr1	68577481	68581141	48	527	1061.67	0	938.195	32.2136855992229	-0.967785466997501
chr1	68581142	70324370	9591	201013	209551.7392	178223	182997.8108	-0.0170096451391686	-0.0173426210235999
chr1	70324371	70326579	29	311	638.379	0	562.596	32.1866475203057	-0.994823545909168
chr1	70326580	71489945	6661	136589	144986.7438	120616	126001.5526	-0.0181942983903674	-0.043404629825448
chr1	71489946	71498153	29	174	628.184	20	546.906	2.92598627386836	-1.80942482392291
chr1	71498154	71502095	35	926	761.0047	471	661.9586	0.778985945692731	0.325781896841667
chr1	71502096	79146699	55766	1148453	1217445.0711	1000536	1056764.1132	-0.000419378581576238	-0.0414897985297567
chr1	79146700	79158912	81	1086	1765.35	1600	1535.58	-0.755353183862015	-0.658255071448365
chr1	79158913	81444235	26113	563179	566221.4954	475900	482284.4476	0.0163180381801835	0.0349020874451634
chr1	81444236	81446562	30	1	651.523	335	562.37	-8.59544851944095	-9.30499713820394
chr1	81446563	82600166	11491	241944	248487.9155	204728	209269.2186	-0.00198565271687082	0.00417253723256594
chr1	82600167	82600920	10	0	215.867	103	184.563	-33.2144157640914	-33.1766058817288
chr1	82600921	99576405	152116	3198795	3311958.9335	2804727	2859759.5206	-0.0172575787918012	-0.00748117906649361
chr1	99576406	99582680	83	1920	1804.36	3091	1555.26	-0.896433584860213	0.132294169123679
chr1	99582681	99994596	4039	86098	87838.1671	75290	75357.1579	-0.0227167448802036	0.013806842192564
chr1	99994597	99995145	6	1	130.126	130	112.687	-7.22509076685522	-6.98109035433239
chr1	99995146	113349392	136018	2877364	2971892.7703	2525318	2581662.6975	-0.00993368752313826	-0.00395925494505517
chr1	113349393	113358651	33	5	726.525	317	641.802	-6.1604298974117	-7.14026544917369
chr1	113358652	113361026	26	610	570.263	266	504.936	1.02672129089838	0.139856879646621
chr1	113361027	130379290	143462	2977240	3138965.944	2601262	2740790.5653	0.00393170734851046	-0.033638785104686
chr1	130379291	130380715	19	0	419.776	179	371.941	-33.2144157640914	-33.1766058817288
chr1	130380716	131717893	15928	340532	348780.0068	306614	306065.0311	-0.0322471323830385	0.00814810030304494
chr1	131717894	131718868	13	0	283.181	277	248.25	-33.2144157640914	-33.1766058817288
chr1	131718869	158017849	259872	5532397	5683626.391	4822334	4968611.7637	0.0090693886252347	0.00376803083802765
chr1	158017850	158024385	77	0	1687.59	724	1485.2	-33.2144157640914	-33.1766058817288
chr1	158024386	158032689	60	882	1319.767	764	1159.914	0.0258057956175826	-0.538757621315784
chr1	158032690	158038697	68	5	1497.89	751	1322.48	-7.40556157009409	-8.18411276042863
chr1	158038698	167755696	115045	2491486	2512778.9706	2152252	2183269.5566	0.0132311328843534	0.0303977603687737
chr1	167755697	167756296	8	2	177.315	82	157.924	-5.51977096309249	-6.42749569633117
chr1	167756297	169032247	12328	268245	271699.3613	234215	239506.622	0.0186373610250189	0.0242151730205878
chr1	169032248	169039717	77	0	1701.92	749	1509.22	-33.2144157640914	-33.1766058817288
chr1	169039718	179796274	108568	2334305	2370051.3309	2015963	2063773.115	0.0167551683125319	0.0207498374555395
chr1	179796283	182078804	1568	17379	34404.3221	20230	30244.9588	-0.400181186129824	-0.942569678994998
chr1	182078805	182953304	797	13307	17600.1492	11981	15520.8325	-0.0250795011463524	-0.360727232437736
chr1	182953305	183051906	59	8	1297.34	509	1136.67	-6.17739980486212	-7.29866581714386
chr1	183051907	215003458	340277	7316418	7404886.4632	6288177	6417608.6084	0.016919049883259	0.0253349531775113
chr1	215003459	215004133	9	0	197.069	75	174.001	-33.2144157640914	-33.1766058817288
chr1	215004134	215451956	3031	59440	65695.9635	51380	56614.6746	0.00046372942236893	-0.101695547832121
chr1	215451957	215453375	18	0	390.852	185	340.585	-33.2144157640914	-33.1766058817288
chr1	215453376	215453900	7	147	151.502	126	131.643	0.0245515764503265	-0.000845616696473921
chr1	215453901	215465787	143	5	3115.83	1301	2716.09	-8.2166971609179	-9.24079755468552
chr1	215465788	264121274	497866	10737236	10865851.3038	9261063	9447888.6029	0.0165007917602841	0.0254965176964848
chr1	264121275	264121874	8	78	173.411	0	147.557	32.0714967466397	-1.10997431955056
chr1	264121875	269490036	58754	1286750	1278972.0467	1114200	1105518.1996	0.00232678902305407	0.0514221169094129
chr1	269490037	269492961	39	4	854.905	341	753.065	-6.59175244729077	-7.69694520343911
chr1	269492962	282763000	142658	3031921	3112893.1655	2653360	2709242.8001	-0.00308945352179387	0.0046511659430194
chr2	0	17848091	161732	3502726	3561802.5249	3106084	3138382.6524	-0.00433978936843765	0.0185456732387767
chr2	17848092	17849296	15	0	333.846	187	294.667	-33.2144157640914	-33.1766058817288
chr2	17849297	20211044	26534	566910	582810.692	503281	512506.3626	-0.00883666069416007	0.00276744034925657
chr2	20211045	20212095	14	175	304.303	0	261.895	32.4259924988448	-0.755478567415301
chr2	20212096	20593090	4105	88447	89615.9369	77945	78417.0139	-0.00536669801185784	0.0237329592408552
chr2	20593091	20611122	111	1020	2428.874	1776	2126.956	-0.986694706616195	-1.20904343114084
chr2	20611123	20614597	30	681	656.469	302	576.612	0.990845409361687	0.0956029802251843
chr2	20614598	27876207	79108	1665342	1723108.9956	1452519	1497776.5644	-6.49074437644595e-05	-0.00652041088925687
chr2	27876208	27876756	7	1	151.507	70	131.985	-6.32342829452749	-7.20056555210718
chr2	27876757	28383324	6207	123383	134942.1842	109689	117220.8075	-0.0285227774931226	-0.0865227213103357
chr2	28383325	28383924	8	6	173.363	91	149.544	-4.13119294875486	-4.81001464194943
chr2	28383925	28722265	4208	89612	91333.3464	81014	79017.0447	-0.0585919232893581	0.0152253109708385
chr2	28722266	28724020	23	1	499.916	234	436.289	-8.06190109813277	-8.92286675226619
chr2	28724021	29190812	4611	96982	100786.9171	83176	87905.6257	0.0291339076506008	-0.0128444000637795
chr2	29190813	29195078	50	8	1084.271	268	937.734	-5.27069873860929	-7.03983458333918
chr2	29195079	29214301	190	3819	4145.8627	3453	3619.1226	-0.0458225877289805	-0.0758023517351558
chr2	29214302	29226693	148	0	3230.137	251	2805.585	-33.2144157640914	-33.1766058817288
chr2	29226694	34783549	65223	1387101	1423282.7987	1213732	1242067.9705	0.0010099031703565	0.00552556063294658
chr2	34783550	34785385	6	1	133.305	113	117.622	-6.9958867264499	-7.01591199740277
chr2	34785386	35100909	3762	81086	82406.46	69831	72288.832	0.0314657408147387	0.0193704755377307
chr2	35100910	35101509	8	6	174.385	131	153.506	-4.62757621591199	-4.81849456748475
chr2	35101510	52404124	175770	3743740	3850695.542	3279552	3378543.8187	0.00712918534472592	0.00203625165225701
chr2	52404125	52409079	59	600	1288.22	1123	1126.76	-1.09265707839907	-1.05966952218712
chr2	52409080	52712152	2140	47396	46629.7835	41457	40663.166	0.000485586767595813	0.0661886435312663
chr2	52712153	52724932	72	1482	1568.835	1454	1353.719	-0.180381963006713	-0.0394731119349671
chr2	52725614	52742630	62	961	1349.8289	1445	1176.0491	-0.782424225261991	-0.447493143990715
chr2	52742631	92248331	406816	8514177	8939558.5816	7534595	7862483.7103	-0.00401617153816779	-0.0276614459229883
chr2	92248332	92250066	17	8	371.402	212	324.541	-4.91763610116274	-5.49416270014012
chr2	92250067	95906110	39976	841150	874435.9181	739393	763932.8239	-0.00401998608396321	-0.0133144993751357
chr2	95906111	95907689	21	488	463.729	0	409.58	33.2977453307765	0.116274264402578
chr2	95907690	116727364	211600	4480651	4650656.679	3960806	4089884.3889	-0.00259487525029764	-0.0110510151208255
chr2	116727365	116728639	17	0	375.115	367	331.173	-33.2144157640914	-33.1766058817288
chr2	116728640	137345807	206043	4367659	4518129.2265	3883036	3965782.1573	-0.0135797772909346	-0.00619024377806863
chr2	137345808	137348566	15	409	332.437	694	295.229	-0.929216154000899	0.341694948459697
chr2	137351258	137354863	36	771	786.373	691	689.211	-0.0273577259343196	0.0141921396230598
chr2	137354864	137356729	21	0	455.513	204	391.776	-33.2144157640914	-33.1766058817288
chr2	137356730	140466775	35311	751555	775562.9009	665189	681667.6231	-0.0051957720915099	-0.00269003965234694
chr2	140466776	140467380	7	0	152.125	112	133.764	-33.2144157640914	-33.1766058817288
chr2	140467381	146619625	69075	1484155	1508201.6643	1300601	1317634.093	0.000448959268583448	0.0194874903854595
chr2	146619626	146621200	21	0	463.245	187	408.801	-33.2144157640914	-33.1766058817288
chr2	146621201	159002934	112503	2372210	2467751.1344	2077173	2167977.4603	0.00962838447276521	-0.0142901127027369
chr2	159002935	160032082	468	6571	10250.732	8659	8957.0192	-0.587858627170306	-0.598867020983872
chr2	160032083	160177165	31	4	672.891	162	580.044	-5.54919529497163	-7.35155392341104
chr2	160177166	160632431	97	1270	2113.3827	1677	1846.7381	-0.590763765871988	-0.69205047567762
chr2	160632432	160653544	7	4	152.7281	199	132.42	-5.83760391595908	-5.2121466409525
chr2	160654753	160687590	15	127	332.7913	191	293.5513	-0.764884029044469	-1.34711415378168
chr2	160687591	160738444	108	5	2363.04	824	2066.236	-7.55334622678554	-8.84182510496622
chr2	160738445	160882261	49	762	1079.028	1067	950.475	-0.663843804857864	-0.459194332029312
chr2	160882262	160915702	35	25	770.2102	1217	681.5002	-5.77693021895283	-4.90257715748147
chr2	160915703	161473564	282	4478	6184.7166	6209	5418.9646	-0.657331484666121	-0.423177893096026
chr2	161473565	163374347	674	8400	14709.5342	9612	12828.6501	-0.3869643277254	-0.765615261759592
chr2	163374348	187744094	256308	5452164	5624683.9736	4787532	4934462.6447	0.00353295957802288	-0.00226801381319858
chr2	187744098	187748374	47	495	1019.69	4	888.477	6.75742558310184	-0.999955121666853
chr2	187748375	192524312	42765	919632	932455.3403	786434	807527.8874	0.0230736108242321	0.0226971054699288
chr2	192524313	192529846	73	524	1600.917	721	1396.229	-0.652930193830059	-1.56858472839485
chr2	192529847	196856542	31860	670478	695997.6718	582277	606859.5724	0.0106297807610569	-0.011217418187527
chr2	196856543	196946661	31	6	677.61	115	588.608	-4.45881037811797	-6.77667377137782
chr2	196951786	197082538	26	474	571.8	641	501.202	-0.620690561185802	-0.227948493526639
chr2	197181264	215240914	191587	4089618	4180985.6807	3537754	3640453.511	0.0142726268538315	0.0107980562072725
chr2	215240915	215247492	32	0	713.602	308	634.744	-33.2144157640914	-33.1766058817288
chr2	215247493	246005843	336899	7182014	7382663.2116	6312064	6475838.862	0.00206755828876203	0.00292218659408138
chr2	246005844	246006612	10	0	219.241	95	189.73	-33.2144157640914	-33.1766058817288
chr2	246006613	248425822	27185	583881	597525.2303	513191	525842.2945	0.00667423413245192	0.00934980093644161
chr2	248425823	248430779	26	2	568.541	281	503.202	-7.30568784848127	-8.10844547359221
chr2	248430780	248432698	18	67	393.011	182	335.738	-1.66407412191924	-2.50966162402188
chr2	248432699	252863915	53287	1137469	1162470.0736	992326	1014471.4955	0.00534110558464026	0.0113087184219873
chr2	252863916	252864517	8	100	174.921	0	154.739	32.4174426324056	-0.764028433853083
chr2	252864518	257362777	52008	1112684	1140190.6864	997099	1001629.4286	-0.0238258126395733	0.00744387363760813
chr2	257362778	257363408	7	4	150.731	79	129.644	-4.51633627980623	-5.19315727564831
chr2	257363409	261990977	54810	1161752	1195061.7452	1027839	1041047.6471	-0.0174960459511202	0.00189203600829004
chr2	261990978	261992552	21	0	463.32	233	410.812	-33.2144157640914	-33.1766058817288
chr2	261992553	266433159	49785	1065829	1093396.0907	947899	961792.6559	-0.0109823808847772	0.00583493765062839
chr3	534	15645058	159820	3432916	3471686.2354	2925469	2958037.0874	0.00463538589892897	0.0264730581651201
chr3	15645059	15657578	62	903	1360.277	360	1198.032	1.14836024463589	-0.548427504408386
chr3	15657579	15711000	431	8850	9463.3833	8083	8316.9244	-0.0506541502334579	-0.0540035381841654
chr3	15711001	15719844	25	552	544.133	212	478.796	1.20092096028832	0.0633840082035713
chr3	15719845	21454612	37749	726422	831773.1272	644413	732798.71	-0.0050856293220091	-0.152707112129787
chr3	21454613	25762852	46903	994802	1029928.9363	872494	901962.2528	0.00272354872644967	-0.0073884164097939
chr3	25762853	25763613	9	0	201.193	99	177.495	-33.2144157640914	-33.1766058817288
chr3	25763631	28256223	28614	617991	631654.5469	549191	557506.6222	-0.00500379006753751	0.0111251337902184
chr3	28256224	28257696	19	111	415.959	3	365.168	5.02643754638787	-1.86320658840426
chr3	28257697	33624542	60357	1288631	1326666.2044	1122849	1167633.1941	0.0193221661048018	0.000708846478322624
chr3	33624543	33626668	14	142	305.147	4	270.134	4.97878312153962	-1.06093840968925
chr3	33626669	33627665	11	200	239.725	161	210.258	0.128584820322588	-0.21870530264259
chr3	33627666	33631916	39	396	854.044	0	745.87	32.1153361651377	-1.06613490106219
chr3	33631917	36339792	31158	657612	683048.7071	578551	599674.3246	0.00184841565762995	-0.012076765810659
chr3	36339793	36340017	3	0	64.652	62	55.4767	-33.2144157640914	-33.1766058817288
chr3	36340018	36472724	1558	33614	34057.7	30386	29887.4	-0.0379229678041237	0.0237562884574407
chr3	36472725	36473942	7	0	151.653	62	130.073	-33.2144157640914	-33.1766058817288
chr3	36473943	40759758	51170	1087183	1121967.8827	963380	985096.6564	-0.00841107769059361	-0.00276150850782504
chr3	40759759	40760208	6	71	131.21	0	115.406	32.3381593861079	-0.843311680136494
chr3	40760209	49254051	90527	1935369	1984012.5517	1691524	1740769.5189	0.0104542440062572	0.00686257317184299
chr3	49254052	49256020	26	276	574.796	0	508.793	32.1657643785304	-1.01570668768016
chr3	49256021	49305058	595	12555	13112.8	11294	11579.4	-0.021844602436216	-0.0200386838422634
chr3	49305059	49308821	48	436	1061.94	917	940.063	-1.24360131955992	-1.24162714803406
chr3	49308822	49553536	2999	65323	66197.006	57470	58403.085	0.00892579527398647	0.0235001490068391
chr3	49553537	49555052	20	198	435.91	0	379.915	32.0856162637216	-1.09585480247181
chr3	49555053	60961183	131552	2828397	2877568.4788	2479076	2518145.9604	0.00255896658757811	0.017809440255658
chr3	60961184	60965608	59	0	1280.64	516	1113.28	-33.2144157640914	-33.1766058817288
chr3	60965609	61261065	3760	81034	81964.2258	71930	71580.7809	-0.0186231467512493	0.0262080571495538
chr3	61261066	61262750	21	0	455.384	162	397.159	-33.2144157640914	-33.1766058817288
chr3	61262751	73255760	133388	2855331	2921646.4512	2500843	2561413.2797	0.00626713280812661	0.00955145685466194
chr3	73255761	73270888	180	1932	3975.61	27	3522.31	5.99120269147461	-0.998406076506529
chr3	73270889	73326109	630	13347	13927.7	12106	12322.9	-0.0309567885964535	-0.0187664614176322
chr3	73326110	73327159	14	152	313.742	0	279.083	32.1786387845799	-1.00283228163332
chr3	73327160	73576656	2875	63379	63608.1	56566	56280.6	-0.00763785859322908	0.0374694709342521
chr3	73576657	73583622	92	1539	2026.816	946	1804.563	0.539380715480168	-0.354546823875635
chr3	73583623	73593018	40	486	889.131	52	788.163	3.05533599839436	-0.8287646127613
chr3	73593019	74414880	5714	122120	126255.9689	110884	111562.6522	-0.0343839847220104	-0.00537703263688073
chr3	74414881	74418140	35	401	766.061	749	672.547	-1.084322480964	-0.891181971722719
chr3	74418141	74548244	1530	33346	33850.9	30105	29957.5	-0.0239011763210585	0.0209945899326577
chr3	74548245	74553401	61	678	1337.75	0	1175.99	32.2436947831908	-0.937776283035562
chr3	74553402	81117297	60767	1300307	1335085.1471	1149751	1170841.5318	-0.00698991495823706	0.00459559337437256
chr3	81117298	81120699	43	467	939.932	815	827.2	-0.982832526676104	-0.966458770471902
chr3	81120700	84223216	35960	778825	782875.5186	674042	675113.7364	-0.000326465978231409	0.0351913325644061
chr3	84223217	84225401	21	4	461.005	221	403.696	-5.97455047176834	-6.80596350402408
chr3	84225402	85889373	16901	355263	372783.6183	320214	328823.1274	-0.0263104480885429	-0.0267759535146286
chr3	85889374	85890198	11	0	244.536	194	216.535	-33.2144157640914	-33.1766058817288
chr3	85890199	85898440	103	2208	2276.68	1971	2011.67	-0.00986028561575146	-0.00151628752551444
chr3	85898441	85899206	10	0	218.249	211	191.642	-33.2144157640914	-33.1766058817288
chr3	85899207	87319594	15930	341211	351823.2896	307346	310741.9313	-0.0234684240681429	-0.00151176339432951
chr3	87319595	87329137	57	662	1260.5	1213	1102.39	-1.06217265531725	-0.886417928631821
chr3	87329138	87808633	5317	112428	117522.8831	103929	103886.7376	-0.0596619148751615	-0.0212652456655078
chr3	87808634	87813027	58	641	1288.11	1166	1139.64	-1.03498397683614	-0.964184470333094
chr3	87813028	89248679	14945	308948	330421.0986	280115	291957.9441	-0.0323352661879743	-0.0542667097060088
chr3	89248680	89252377	49	488	1081.58	1002	956.223	-1.21078563777418	-1.10551225906746
chr3	89252378	90046758	8618	179807	190579.843	160478	168386.7273	-0.00967827194516052	-0.0412712839593965
chr3	90046759	90048633	23	217	507.344	470	444.821	-1.29983991511913	-1.18259417515278
chr3	90048634	90527262	5119	108453	113062.4726	95680	99814.5043	0.00584707554526538	-0.0173751248882982
chr3	90527263	90530262	40	0	885.397	660	782.951	-33.2144157640914	-33.1766058817288
chr3	90530263	91243805	7932	165195	174129.6779	142501	153026.1475	0.0316792383204117	-0.0333170222830006
chr3	91243806	91244105	4	109	88.9521	0	78.668	33.5173736982011	0.335902631807802
chr3	91244106	96521721	55087	1171873	1200993.7545	1014328	1046349.2882	0.0142930437195902	0.00726264693744489
chr3	96521722	97137245	201	1889	4395.2279	2355	3844.6124	-0.506338988654368	-1.17564020427921
chr3	97137246	143278105	518964	11172865	11346520.2966	9745940	9924222.7126	0.00876720603738251	0.0204243177189798
chr3	143278106	143289146	31	261	681.704	460	602.971	-0.989775700677218	-1.34242057397978
chr3	143289147	143350179	365	7282	8028.01	7107	7056.084	-0.146215451762003	-0.0980326056921574
chr3	143350180	143406631	219	2554	4812.2887	4328	4227.8129	-0.942888452529462	-0.871289603166544
chr3	143406632	143675801	1712	33277	37783.4994	29629	33299.0396	-0.00989513143813094	-0.140555881925235
chr3	143675802	143719751	387	3316	8551.0878	5605	7553.0672	-0.931450518294793	-1.32398888527849
chr3	143719752	143727284	28	339	614.1546	188	540.3231	0.670638289321171	-0.81464152749568
chr3	143727285	143812890	199	2236	4372.829	3664	3860.909	-0.887260512150617	-0.924971677152361
chr3	143812902	143857741	165	3342	3629.1335	2365	3190.5041	0.317895994259208	-0.0762383275538431
chr3	143857760	143931018	535	22661	11780.605	10361	10359.601	0.948468266084515	0.986472962473974
chr3	143931019	143956270	119	2412	2620.9291	2187	2314.1063	-0.0334813184182903	-0.0771733526247073
chr3	143956271	144071376	753	27150	16622.5821	11915	14678.8188	1.01362980754786	0.75048276200403
chr3	144071377	144379820	1610	29611	35455.6287	27085	31218.3894	-0.0501142628398582	-0.217206398077098
chr3	144379821	144384523	61	659	1340.61	1224	1182	-1.07004756770184	-0.981864162695207
chr3	144384524	145254833	10540	226691	231233.2305	200439	203392.0341	-0.00265651103709913	0.0140534399068802
chr3	145254834	145264261	51	539	1107.2018	821	959.4687	-0.808842309280914	-0.995885947975645
chr3	145264262	145668589	2286	47883	50068.676	43072	43869.1612	-0.0330727705830837	-0.0217196945900015
chr3	145668590	145682530	161	1369	3514.169	2284	3070.312	-0.928373325627664	-1.31738605959139
chr3	145682531	146268211	4182	86855	91529.8794	77030	80153.2212	-0.013428616407577	-0.0329588091892461
chr3	146268212	146288852	35	379	762.1937	596	662.1241	-0.851305338321267	-0.965284767605683
chr3	146288881	149739201	42267	905370	917613.4368	772580	787502.1346	0.013085673846062	0.0232960528831638
chr3	149739202	149754312	88	373	1922.105	0	1687.028	30.8587065200043	-2.32276454576329
chr3	149754313	149755819	20	494	438.3286	648	384.2936	-0.576421451021183	0.215173294395325
chr3	149755820	152955475	34248	738763	744065.0727	632083	642142.5986	0.0173276925590101	0.0323578811899288
chr3	152955476	153027624	665	11648	14446.4667	13003	12440.9814	-0.369513456020124	-0.267959355223264
chr3	153027625	153048184	196	4066	4267.3436	8760	3710.8253	-1.30405366563592	-0.0270529963420035
chr3	153048185	153059889	62	881	1358.0534	632	1193.5669	0.297821868918319	-0.581651217265316
chr3	153059890	153070173	107	2058	2329.881	4712	2019.995	-1.39613592017964	-0.136338220749787
chr3	153070174	158905228	67997	1457426	1479675.9852	1261399	1280418.3562	0.00459709457473833	0.0208164069235058
chr3	158905229	158912569	86	917	1891.2018	1612	1669.8967	-0.988537373583768	-1.00163460737558
chr3	158912570	160754644	18486	392122	401235.6002	339337	344000.8428	-0.00858849051913364	0.009528037004122
chr3	160754676	160797075	137	1704	2983.02	2513	2604.94	-0.751143658137939	-0.765173247458945
chr3	160797076	167964681	77585	1619193	1683714.2584	1402201	1433143.5246	-0.0200172486078916	-0.0136972952488341
chr3	167964682	167965131	6	68	130.023	0	105.805	32.2889859384088	-0.892485127826357
chr3	167965132	168951417	12126	247177	263568.7913	219593	228189.0802	-0.0323721748913477	-0.0499599806083145
chr3	168951418	168952842	19	205	415.389	0	363.832	32.2053070309969	-0.976164035221805
chr3	168952843	177699918	92913	1940784	2017915.2887	1685399	1725098.6051	-0.0177722121369488	-0.0135509827324069
chr4	784	24667036	260149	5521619	5699732.6446	4862897	4988480.5159	-0.00415331571795271	-0.00312783833362339
chr4	24667037	24668634	21	0	462.116	205	406.003	-33.2144157640914	-33.1766058817288
chr4	24668635	28184738	39146	844254	856613.8234	749172	750605.2389	-0.0133452849672284	0.0217072183384949
chr4	28184739	28208490	183	4281	4021.77	1797	3540.06	1.07316584573708	0.132792324739134
chr4	28208491	42713107	146083	3129801	3210766.7415	2755729	2825493.5727	0.00408714409167336	0.00582813873287717
chr4	42713108	42718689	73	862	1607.09	1	1424.53	9.58244431803013	-0.856015883014102
chr4	42718690	43045805	3710	81960	81546.9095	71731	71858.501	0.0147170639515007	0.0499648495441288
chr4	43045806	43046480	9	120	197.428	0	174.414	32.5058539266128	-0.675617139660879
chr4	43046481	49571296	70601	1496415	1552618.2348	1327622	1366716.9071	-0.00645761743552617	-0.0105177366893203
chr4	49571297	49572826	13	108	284.221	6	249.819	3.98866023188464	-1.35330677381097
chr4	49572827	49692139	1369	27367	29924.2761	25073	26236.0578	-0.0585975362175608	-0.0862039863769674
chr4	49692140	49694308	12	149	262.894	0	230.094	32.4049772484771	-0.776493817779314
chr4	49694309	49902057	2356	50920	51700.805	44749	45442.3439	0.00509266746656869	0.0207207425383821
chr4	49902058	49905211	42	487	923.63	0	816.358	32.3007528725782	-0.880718193659191
chr4	49905212	69283874	221243	4733582	4836962.2485	4118614	4226588.2232	0.0110308633039812	0.0115061035980317
chr4	69283875	69415871	1398	24562	30642.6868	25474	26926.8752	-0.234228271859661	-0.276439694068413
chr4	69415872	69442711	344	5111	7554.69	6246	6649.36	-0.468618861991828	-0.521091898197771
chr4	69442712	69552497	1290	15514	28360.1	23377	24960.9	-0.770846573363854	-0.827616845479009
chr4	69552498	70570515	10294	217646	226505.2905	194140	199657.4625	-0.0122664583428691	-0.0148861746545164
chr4	70570516	70825262	2768	29633	60877.673	49122	53550.917	-0.909301360620234	-0.996033456646728
chr4	70825263	71856741	9551	207441	209132.7279	178080	182997.3149	0.0324443812779905	0.0309572814304694
chr4	71856742	71860217	39	0	860.699	444	753.577	-33.2144157640914	-33.1766058817288
chr4	71860218	75006701	31422	664301	691664.4155	593857	609255.5305	-0.0164380958406413	-0.0155600816180292
chr4	75006702	75007676	13	105	284.389	0	250.404	31.7866697981101	-1.39480126801013
chr4	75007677	99900346	266071	5716156	5824139.4053	4968592	5098329.377	0.0150530893158008	0.0156754689745638
chr4	99900347	99906034	75	846	1627.89	1314	1372.41	-0.876662196046126	-0.901598581035864
chr4	99906035	101316434	17255	366948	374897.4718	312694	323807.0104	0.0243274055232975	0.0117546047802499
chr4	101316435	101316734	4	0	86.6132	43	75.6327	-33.2144157640914	-33.1766058817288
chr4	101316735	107168456	37109	758196	818151.9281	678813	721245.217	-0.0174570894997827	-0.0671228590987966
chr4	107168457	107169431	13	0	280.848	125	237.988	-33.2144157640914	-33.1766058817288
chr4	107169432	107195131	263	4553	5798.8039	4126	5117.1872	-0.0334655162875784	-0.306262824331477
chr4	107195132	107201966	91	0	2017.23	810	1786.07	-33.2144157640914	-33.1766058817288
chr4	107201967	136874132	329789	7081415	7202763.6182	6206362	6269893.859	-0.00495453431215408	0.0181621756288142
chr4	136874133	136874507	5	1	112.606	82	99.7993	-6.52686890589896	-6.77246480715616
chr4	136874508	168430186	327113	6978140	7145442.5798	6044063	6218383.5141	0.0117052521747765	0.00849423658509847
chr4	168430187	168432051	23	250	501.12	419	438.483	-0.932792171450165	-0.960552955420243
chr4	168432052	172342147	45083	965176	981087.3601	844140	851969.0287	-0.00540568192675283	0.0190855036029466
chr4	172342148	172345297	42	1499	924.368	879	817.193	0.597140026583047	0.740136228310569
chr4	172345298	173210044	8609	185268	188998.626	166248	166214.4654	-0.0241878864273726	0.0139130376635029
chr4	173210045	173214594	24	305	533.434	0	468.918	32.4176455940594	-0.763825472199265
chr4	173214595	184224823	128706	2720109	2805331.8293	2396960	2441742.2715	-0.0129366848643961	-0.00183189893864429
chr5	34651	24919000	253994	5363709	5564130.096	4707673	4878900.7827	0.00348203288489568	-0.0102501168048741
chr5	24919001	24942652	47	346	1026.7684	82	904.2353	1.89860074970462	-1.52659179053215
chr5	24942653	41127143	174841	3674218	3843499.5632	3264912	3381766.4089	-0.00938518830591359	-0.0223082097305305
chr5	41127144	41128193	14	175	305.438	0	260.705	32.4206214945572	-0.760849571701982
chr5	41128194	41230852	1119	23824	24722.8139	21688	21869.6686	-0.036527772844594	-0.0107522308527914
chr5	41230853	41242034	148	1762	3265.8	3003	2895.08	-0.938158592728924	-0.847547450226275
chr5	41242035	42181915	10344	214433	228528.3567	193859	201948.8427	-0.0279988975927661	-0.0491711790697003
chr5	42181916	42182365	6	78	133.427	0	118.42	32.4496415260211	-0.73182954024308
chr5	42182366	68765419	284079	6011322	6222089.4503	5284368	5437032.4137	-0.003763159278152	-0.00704176733061724
chr5	68765420	68769097	49	557	1084.7	929	956.507	-0.914584738003389	-0.918871785553546
chr5	68769098	68987107	2410	52327	52885.297	46188	46475.7196	-0.00148682472921462	0.0273639316868909
chr5	68987108	68989963	38	471	827.354	0	719.354	32.4113684459966	-0.770102620260952
chr5	68989964	68990263	4	78	88.4139	63	78.3753	0.13911333938743	-0.13812400960761
chr5	68990264	68992157	25	279	552.156	0	489.017	32.2393353281446	-0.942135738080896
chr5	68992158	86864888	192721	4106076	4215481.0169	3594214	3685989.6752	0.00330397321451195	0.00473813554547662
chr5	86864889	86865488	8	2	177.558	155	157.438	-6.44476577273255	-6.42947147328021
chr5	86865489	91210676	43028	886714	948225.9306	795338	835982.4018	-0.0199923372160898	-0.0540869249845979
chr5	91210677	91211351	9	3	199.512	104	176.157	-5.29022574495614	-6.01269413480119
chr5	91211352	91334235	1036	19437	22770.3427	17687	20006.7224	-0.0456897834816907	-0.185675373646862
chr5	91334236	91336120	17	2	374.822	192	332.8	-6.75164750089668	-7.50738672937754
chr5	91336121	92116653	8313	170405	183429.9145	153352	161637.9108	-0.0254774589468449	-0.0635862038790687
chr5	92116654	92117178	7	0	154.169	75	136.59	-33.2144157640914	-33.1766058817288
chr5	92117179	92533432	4528	96268	99924.5537	86406	88112.1763	-0.0207078169228819	-0.011107838577443
chr5	92533433	92535702	26	0	579.767	301	512.194	-33.2144157640914	-33.1766058817288
chr5	92535703	92815607	2997	62828	65937.4831	56464	58083.5346	-0.0240280644134859	-0.0270160960541562
chr5	92815608	92826707	48	0	1056.416	398	936.761	-33.2144157640914	-33.1766058817288
chr5	92826708	98670773	62545	1318044	1380460.918	1173699	1218664.2016	-0.00764814675161031	-0.0240764449576046
chr5	98676243	98875346	98	364	2153.693	946	1899.6462	-1.55411841403184	-2.52212719081166
chr5	98875347	108800490	111463	2363170	2437718.3306	2071516	2136051.4177	0.00431657552663876	-0.00213295359252013
chr5	108800491	108806374	40	0	884.487	402	782.656	-33.2144157640914	-33.1766058817288
chr5	108806375	121070318	136859	2935424	2998015.9141	2565144	2629555.0686	0.0102049415581262	0.0122359307313027
chr5	121070319	121423590	133	1385	2882.6191	1839	2486.0845	-0.617675201757821	-1.01481917263269
chr5	121423591	126889951	67011	1438152	1460684.7161	1243474	1271890.6238	0.0150348070279845	0.0202464204313326
chr5	126889952	126890701	10	112	216.039	0	186.604	32.2763530904586	-0.905117975774063
chr5	126890702	126891601	12	262	260.836	211	219.882	0.0707755037492208	0.0490988782045897
chr5	126891602	126892595	13	87	282.62	0	247.301	31.5243698761109	-1.65710118993149
chr5	126892596	138410377	122423	2595186	2670872.1121	2244375	2318440.802	0.0102333710256783	0.00120211136022649
chr5	138410378	138411502	15	6	327.395	123	281.444	-4.57087121350909	-5.72725090307441
chr5	138411503	140256151	21251	445188	461963.8553	381717	397857.0757	0.0112467302812296	-0.0106902047819241
chr5	140256152	140423925	1404	26612	30784.5217	22755	27021.2041	0.0426453482087417	-0.167453147388366
chr5	140423926	140431139	28	2	616.645	266	541.429	-7.23808524069065	-8.22562125288045
chr5	140431140	173707145	382211	8036954	8295892.2974	6932237	7068616.8471	-0.0127761902346167	-0.00307327241435541
chr6	0	123769	1366	28490	30185.14	24900	26652.665	0.0196163669656332	-0.0407078034894578
chr6	123770	126156	29	674	641.552	1	564.06	9.21575231178644	0.113857453231318
chr6	126157	5101822	57339	1220964	1252350.3376	1067300	1094522.6069	0.00458364658832792	0.00605752639154748
chr6	5101823	5107322	17	618	376.214	161	332.191	1.76587078475751	0.758728368689472
chr6	5107323	16006584	120871	2573079	2640067.7606	2246009	2296090.4937	-0.000398227749342905	0.00559586080344839
chr6	16006585	16010398	26	621	570.851	220	498.373	1.30606660844399	0.164154104342801
chr6	16010399	16239996	1481	32053	32746.741	28560	28888.853	-0.00950981280730149	0.0117831246434226
chr6	16239997	16907674	271	94	5959.181	2	5244.753	5.37521442173745	-5.94363442422179
chr6	16907675	20950165	36276	761635	800108.7612	681540	705639.3038	-0.0160985725541272	-0.0284212784811436
chr6	20950166	20951065	12	0	266.151	113	237.351	-33.2144157640914	-33.1766058817288
chr6	20951066	51047447	345286	7392192	7534495.3905	6428867	6564163.6474	0.00740322217794546	0.0151664030473242
chr6	51047448	51060142	167	1889	3662.28	2	3222.18	9.70356693126905	-0.912444327601303
chr6	51060143	51507905	5575	121867	121754.351	105032	106440.6911	0.0254202145950381	0.0440092538417705
chr6	51507906	51508430	7	74	152.087	0	128.362	32.1848464689859	-0.996624597228583
chr6	51508431	52198865	7943	165957	173472.9473	145942	151905.7943	-0.00125425636094137	-0.0212261451346003
chr6	52198866	52204143	70	0	1527.75	696	1331.39	-33.2144157640914	-33.1766058817288
chr6	52204144	67658920	171915	3675660	3778488.5516	3232519	3324644.4859	0.00560048343315502	0.0028691386369079
chr6	67658921	67659335	5	55	108.458	1	95.6163	5.60441689743289	-0.936957880776615
chr6	67659336	69013501	14920	317140	329796.5826	285982	291534.3177	-0.0238500387479119	-0.01378153004887
chr6	69013502	69014401	12	138	266.931	9	237.06	3.77225002605095	-0.909123527999692
chr6	69014402	71216053	22019	473337	485837.5714	425291	428597.0787	-0.0215694864495924	0.00506870436332635
chr6	71216054	71219963	49	561	1074.94	1011	945.47	-1.02999768446618	-0.895508391685659
chr6	71219964	72325895	12425	271326	272394.5088	236034	239175.6645	0.0182707819395815	0.0370047484166397
chr6	72325896	72340521	107	1248	2325.76	5	2022.62	7.7668623194328	-0.855409228183483
chr6	72340522	105321354	359387	7639624	7869385.0467	6679138	6891024.4523	0.00717247304047668	-7.41986341517634e-05
chr6	105321355	105324884	23	3	503.881	201	444.421	-6.24238006293666	-7.34930165485296
chr6	105324885	124702275	223348	4774328	4885480.9302	4168576	4264894.1315	0.00461757117101855	0.00947216226895593
chr6	124702276	124702981	6	77	131.157	0	108.232	32.455781676624	-0.725689389641302
chr6	124702982	128737516	44773	956610	974150.0374	822933	838795.9678	0.006197015375226	0.0164619484733535
chr6	128737517	128740272	24	225	521.994	0	443.993	32.0100379110999	-1.17143315507642
chr6	128740273	147989969	183455	3877681	3998048.9095	3362258	3451635.3932	-0.00138716884995827	-0.00142692981730707
chr7	794	413609	118	1373	2552.1844	1506	2193.9538	-0.346724384025598	-0.851725877331214
chr7	413610	3515311	17320	352133	376982.9137	299277	326116.3852	0.0303920028901198	-0.0557036341360081
chr7	3515312	7479023	13785	174105	303798.2872	157322	267700.2097	-0.0313930790741767	-0.76048103328568
chr7	7479024	7533140	144	3782	3204.191	2429	2828.156	0.4635536103409	0.281864282015379
chr7	7533141	10189938	14092	273864	310423.2647	245605	273448.9237	-0.0209804141187223	-0.138101983977444
chr7	10189939	10329091	206	2937	4505.7353	3443	3950.0625	-0.414344811428224	-0.574744228526169
chr7	10329092	40584642	277464	5859233	6048819.6231	5096328	5246502.9776	0.000821358206144834	-0.00326675088057114
chr7	40584643	40639424	617	26695	13605.2214	11805	11999.9554	1.00090530195927	1.01508418222904
chr7	40639425	44454171	43089	917322	946955.377	814605	833433.0493	-0.00803737801838963	-0.00319313635733821
chr7	44454172	44486885	13	141	284.578	26	251.389	2.26507420587308	-0.970453905037975
chr7	44486886	63411070	211235	4521249	4632853.9863	3993482	4066301.7866	-0.00424457515905248	0.00749522742621644
chr7	63411071	63415180	53	1693	1155.54	967	999.395	0.603419067723732	0.593689839690908
chr7	63415181	72498858	100634	2145129	2197400.4761	1869957	1917075.5587	0.00603387292637758	0.00794165108142888
chr7	72498859	72511957	126	9	2760.83	2456	2423.75	-8.27516577183587	-8.21828622754371
chr7	72511958	72514524	28	610	615.134	591	542.341	-0.131184182824877	0.0305835904447664
chr7	72514525	72515049	7	8	154.195	120	135.73	-4.08604176241579	-4.22593710434888
chr7	72515050	72934162	3421	69874	74717.2572	60131	65287.4061	0.0268751920982905	-0.0540106977374314
chr7	72934163	72936242	27	2	584.67	525	501.471	-8.25276467846094	-8.14880364755157
chr7	72936243	77097073	48044	1016756	1047142.0678	883946	910595.5822	0.00523372190436971	0.000191382847792083
chr7	77097074	77098652	21	0	455.197	453	391.785	-33.2144157640914	-33.1766058817288
chr7	77098653	100834614	259310	5533770	5693698.2257	4850695	5003704.2161	0.00856687790208016	0.00157171960697836
chr7	100834615	100835023	5	0	110.053	48	97.802	-33.2144157640914	-33.1766058817288
chr7	100835024	117081234	172323	3674874	3767054.5497	3158593	3286370.8596	0.026336288894094	0.00693292784975477
chr7	117081235	117091691	134	4339	2909.78	2564	2521.45	0.557175046792906	0.619127574113941
chr7	117091692	139588389	263144	5607024	5720880.7085	4845457	4918687.0203	-0.00249631368208289	0.0136730506574126
chr7	139588390	139591638	17	139	374.955	23	331.316	2.42173471369429	-1.38895751133262
chr7	139591639	145280771	66151	1413788	1434811.8061	1205774	1227642.2708	0.00950016632246096	0.0213793475723629
chr7	145280772	145442654	101	3216	2200.5841	968	1912.1304	1.53434804297982	0.590055965316038
chr7	145442655	145481306	49	291	1079.7212	248	947.7899	0.0475245739086021	-1.84889270933009
chr7	145481307	145683106	138	1225	3025.966	249	2654.1802	2.11429983048106	-1.26193896067792
chr7	145683107	145729228	508	11117	11107.902	9396	9704.1361	0.052599420927918	0.0438562324716098
chr8	510	4283987	38852	817655	857483.9741	735715	756119.6467	-0.0242847448126238	-0.0259423978794803
chr8	4283988	4290397	22	586	485.585	142	426.7484	1.86353680689674	0.313851875309736
chr8	4290398	4322945	196	4538	4327.523	109	3818.76	5.20408451420353	0.111190189017812
chr8	4322946	4324198	4	167	88.3476	62	78.3266	1.2606845581047	0.961260320920875
chr8	4324199	4339180	92	2195	2044.68	130	1809.43	3.90616281684474	0.145020933328614
chr8	4339181	4404800	10	170	219.9586	68	194.6381	1.1503554123878	-0.329022195531764
chr8	4404801	4411374	7	134	153.664	1	135.945	6.89419823245565	-0.154871145800315
chr8	4411375	43127050	378360	8102025	8275735.1114	7093392	7232580.112	0.00229497440931608	0.0120701356219855
chr8	43127051	43135362	67	732	1485.054	989	1314.136	-0.605662491406302	-0.977924770650622
chr8	43135363	43168276	333	3	7370.99	3377	6520.07	-10.3086695429202	-11.2200047634882
chr8	43168277	43173994	61	793	1350.076	1336	1202.273	-0.914938149367574	-0.724972784945222
chr8	43173995	43270553	879	19761	19427.56	18011	17122.88	-0.0435364831440634	0.0672263059006578
chr8	43270554	43272105	20	3	437.695	220	382.027	-6.38778331437442	-7.14614450433349
chr8	43272106	43819363	4879	106666	107641.645	95264	94958.4646	-0.0129052902027705	0.029539111011473
chr8	43819364	43820038	9	0	200.311	70	178.065	-33.2144157640914	-33.1766058817288
chr8	43820039	123038220	893546	19065625	19486525.0464	16501235	16937769.9295	0.0110321010633894	0.0111720493245268
chr8	123038221	123038970	10	0	217.264	189	176.69	-33.2144157640914	-33.1766058817288
chr8	123038971	133306290	115890	2428195	2519129.0639	2125197	2171760.5721	-0.0169070902352331	-0.0103656869162406
chr9	501	3392580	30711	645118	671905.0897	559603	589058.4301	0.0201778460718275	-0.0160193201659831
chr9	3392581	3396655	53	1222	1166.89	475	1026.39	1.18302050277427	0.109250784482407
chr9	3396656	63540567	613733	12994563	13432194.0124	11420859	11730436.2414	-0.00433616926750356	-0.00511178870801915
chr9	63540568	63540874	4	0	89.4341	48	79.4699	-33.2144157640914	-33.1766058817288
chr9	63540875	63804622	3319	71444	72423.1813	63321	63187.0603	-0.0178284015549014	0.0230363726746577
chr9	63804623	63805646	12	13	263.648	90	233.71	-2.96044177973472	-4.29935445422219
chr9	63805647	103939179	457054	9838500	9982723.2488	8548690	8702006.8216	0.0095149188649151	0.0216800121130347
chr9	103939180	103947327	64	859	1393.968	342	1221.8982	1.14345364249571	-0.655792339150753
chr9	103947328	104609967	6836	147811	150486.1788	128757	132527.4318	0.0206279775088297	0.0167977145220078
chr9	104609968	104610793	11	0	240.205	121	210.62	-33.2144157640914	-33.1766058817288
chr9	104610794	119866831	165145	3510771	3609419.9497	3095390	3153853.1502	-0.00811963251644655	0.00269595465703599
chr9	119866832	119866988	2	54	43.2642	270	36.4492	-2.56434948513304	0.362460748555857
chr9	119866989	120358648	4960	102503	108627.1624	90097	95420.4068	0.0039651907059081	-0.0410436948810168
chr9	120358649	120360898	30	0	660.003	643	580.829	-33.2144157640914	-33.1766058817288
chr9	120360899	121315350	8642	180791	190583.0434	160012	168147.1982	0.000312916588160511	-0.0334218374596655
chr9	121315351	121319284	52	1019	1152.45	0	1014.67	33.0465960256692	-0.134875040678641
chr9	121319285	121416511	1055	22558	23312.79	19614	20579.7974	0.0267276730234115	-0.00480744105394516
chr9	121416512	121417575	7	163	153.174	0	133.533	33.3138466654341	0.132375599058665
chr9	121417576	122086633	5966	122807	131008.3788	108262	115155.7134	0.000657943682006247	-0.0505912200475851
chr10	1186	491742	910	11087	19820.2371	9492	17175.3352	0.0223142571248293	-0.795430109963455
chr10	494889	5729842	49135	1053940	1069417.1061	909781	924941.6172	0.00767626292635042	0.0216431460919753
chr10	5729843	5733943	54	0	1169.26	507	1006.82	-33.2144157640914	-33.1766058817288
chr10	5733944	18803219	154337	3306699	3355311.7886	2850213	2888078.3255	0.00285020945342861	0.0216199606313709
chr10	18803220	18806522	43	412	937.258	794	819.698	-1.13498324191467	-1.14312682986081
chr10	18806523	41295351	260051	5543741	5679843.8017	4818491	4951444.6389	0.00914188501031245	0.00768366905878407
chr10	41295352	41295954	8	90	174.946	0	154.293	32.2652333613211	-0.916237704909462
chr10	41295955	69897178	326178	6984391	7095671.1736	5984156	6134917.273	0.0179564615963176	0.0198702393795683
chr10	69897179	69897925	9	0	195.501	179	167.676	-33.2144157640914	-33.1766058817288
chr10	69897926	79802687	114513	2458848	2496732.4405	2119694	2170441.8628	0.0169392813475049	0.0206163963130513
chr10	79802688	79804941	22	526	487.402	193	431.639	1.27604018847724	0.152625695783717
chr10	79804942	99974493	238314	5078957	5184219.242	4362293	4470614.5452	0.0106572015841004	0.0130805955352409
chr10	99974494	99974793	4	0	87.4656	80	76.7235	-33.2144157640914	-33.1766058817288
chr10	99974794	99976110	17	378	378.713	350	335.325	-0.0596484013705828	0.0399563565798279
chr10	99976111	99977535	19	1	413.3	390	361.658	-8.79502836358667	-8.64837042671579
chr10	99977536	110550683	124228	2624354	2695968.0982	2251992	2289693.4228	-0.0100231614667639	0.00383398100691447
chr10	110550684	110550983	4	0	86.7626	48	75.8053	-33.2144157640914	-33.1766058817288
chr10	110550984	112626397	7854	156056	170884.6064	134713	148306.713	0.0126013913806174	-0.0882835482561507
chr11	797	8860931	89986	1910142	1985321.9805	1701487	1752293.7882	-0.00837937860647402	-0.0130180438134756
chr11	8860932	8862446	19	0	418.097	134	368.062	-33.2144157640914	-33.1766058817288
chr11	8862447	16481992	87712	1887538	1930749.6439	1667720	1701886.1211	0.00146718388482458	0.010019651130808
chr11	16481993	16503873	150	1502	3300.705	2701	2904.443	-1.02625632865424	-1.09321432336147
chr11	16503874	16638783	1339	29110	29448.77	25855	25946.4447	-0.00673379071838327	0.0259825291289096
chr11	16638784	16644033	62	576	1357.1171	1103	1196.4417	-1.11422200030312	-1.19372942602796
chr11	16644034	19385410	28348	593218	624255.4955	524079	550205.6647	0.00147763445678922	-0.030899175251778
chr11	19385411	19387215	10	9	215.756	91	186.883	-3.54026979388494	-4.54065679787434
chr11	19387216	20923493	15672	333349	346309.1297	298827	306080.2632	-0.0155623244563212	-0.0123519550732091
chr11	20923494	20930041	9	13	198.091	106	175.13	-3.20035264483721	-3.88690473708465
chr11	20930042	21701772	7841	166591	173273.0578	149732	153117.6527	-0.0196136624773411	-0.0140618183293447
chr11	21701773	21708032	7	4	151.832	83	131.246	-4.58037667320916	-5.20365700129306
chr11	21708033	38733884	185050	3961529	4041924.372	3466512	3518724.838	-0.00255183372451458	0.0136901028072103
chr11	38733885	39195156	949	17761	20802.4726	16635	18219.4302	-0.0919210471968138	-0.185367139002808
chr11	39195157	39258849	69	1638	1503.547	2661	1311.467	-0.892356428808711	0.166240457836012
chr11	39258850	39300204	8	9	176.759	154	155.085	-4.28072087210605	-4.25303979265224
chr11	39300205	55770070	169925	3645484	3736150.4004	3192233	3289471.5833	0.0127129143786961	0.00723290431534199
chr11	55770071	55779594	68	347	1483.307	505	1297.905	-0.729114974338711	-2.05313458756337
chr11	55779595	60119816	50478	1080100	1108956.6122	947903	976251.3824	0.00934040464355152	0.00463703504567862
chr11	60119817	60123790	47	522	1024.28	840	899.707	-0.86855733184373	-0.929813369003539
chr11	60123791	65405221	63308	1374152	1385534.4615	1196822	1212935.9725	0.0122589814814716	0.030774067586802
chr11	65405222	65406496	17	170	377.135	0	334.121	32.0745998340651	-1.10687123212588
chr11	65406497	90463331	269221	5743630	5872280.5636	4991505	5102322.5943	0.00458634611559328	0.0107169838328464
chr12	322	1505031	13381	278409	291174.622	244040	252599.1642	-0.0100813557649278	-0.0220037030043471
chr12	1505032	1506753	19	19	415.1302	170	365.3252	-3.34098085235548	-4.4068174953484
chr12	1506754	2753006	12471	257620	270767.413	226466	232451.1395	-0.0293113082896393	-0.0291344533708046
chr12	2753007	2773229	194	2	4235.79	1878	3705.3	-10.0631567189264	-11.0057399778182
chr12	2773230	3726680	2228	40104	48689.4997	34908	42585.6055	0.0118088079474812	-0.237189469982775
chr12	3726681	3751774	168	2749	3703.3141	3633	3254.664	-0.583697579896839	-0.387234944019121
chr12	3751775	13065547	81578	1667713	1774239.056	1469625	1530291.6686	-0.0261056102863947	-0.0466543062004275
chr12	13065548	13079776	183	4102	3956.364	2996	3424.888	0.250036697442005	0.0948273936627546
chr12	13079777	20061384	75376	1579135	1637266.8767	1362101	1401213.4008	-0.00644679773010081	-0.00947992267496599
chr12	20061385	20531229	534	2461	11635.1401	2798	10129.3112	-0.38023862951788	-2.19849695176172
chr12	20531230	20535190	7	0	151.862	100	129.262	-33.2144157640914	-33.1766058817288
chr12	20535191	20628076	91	491	1980.163	602	1721.374	-0.491233887276037	-1.96914919535629
chr12	20628077	20659609	26	4	566.136	473	489.802	-7.08978117019757	-7.10232976826596
chr12	20659610	20661392	4	84	87.1098	145	75.7	-0.985268215621355	-0.00977063840381039
chr12	20661393	20662245	7	1	151.448	134	130.49	-7.2761072584046	-7.20000362702129
chr12	20662246	20664846	20	394	436.369	860	378.781	-1.32546049442929	-0.104677918115183
chr12	20664847	20673837	40	155	868.721	969	750.41	-2.85057712391189	-2.44394962943809
chr12	20673838	20683394	47	7	1020.62	734	882.28	-6.91755346010467	-7.14520009249062
chr12	20683395	20795101	51	62	1112.6769	104	970.4122	-0.938743353390129	-4.12294762710486
chr12	20795102	20799063	14	0	304.888	291	265.979	-33.2144157640914	-33.1766058817288
chr12	20799247	20861702	56	675	1218.7384	1580	1065.0378	-1.41658381829785	-0.809754012618094
chr12	20861703	21424495	1113	10715	24408.9473	10375	21416.2886	-0.137315892664251	-1.14510315895772
chr12	21424496	21470698	52	750	1130.5566	1163	976.0508	-0.840028489873889	-0.549395652661704
chr12	21470699	21471898	6	0	131.28	80	115.202	-33.2144157640914	-33.1766058817288
chr12	21471899	21579039	135	787	2946.143	1014	2572.6482	-0.556330197107187	-1.86171684912928
chr12	21579040	21925974	554	9240	12023.8648	7971	10338.1189	7.03155845366305e-05	-0.33726086826892
chr12	21925975	21938781	23	95	499.411	260	430.028	-1.6634440183462	-2.35155311188052
chr12	21938782	21979196	8	0	173.9673	96	149.5934	-33.2144157640914	-33.1766058817288
chr12	21979197	22597119	6744	132697	146092.2833	113502	123770.8179	-0.00892555283317069	-0.0960691538783582
chr12	22597120	22597729	8	144	175.199	2	154.462	5.99304759160011	-0.240250661366935
chr12	22597730	34662209	137433	2863931	2985105.1167	2542465	2573321.219	-0.0375161745374291	-0.0171099332533725
chr12	34662210	35851827	313	1574	6846.3323	2156	5970.0629	-0.646641639017012	-2.07822070942787
chr12	35851828	36537502	4414	86966	95982.145	78264	82256.5579	-0.0656675356352298	-0.0996395084167347
chr12	36537503	36537919	5	88	108.129	4	90.6992	4.2107050278431	-0.254503006954763
chr12	36537920	36708850	2020	43434	43834.2	36234	37287.9	0.0329965588233909	0.0294429712283511
chr12	36708851	36709453	8	190	173.132	0	151.932	33.3582731494336	0.176802083054042
chr12	36709454	48196874	137503	2871555	2982596.8056	2497067	2537295.0385	-0.0268148293530727	-0.0120617021924246
chr12	48196875	48197933	14	0	303.68	126	256.378	-33.2144157640914	-33.1766058817288
chr12	48197934	48303486	1339	29277	29019.8	25130	24521.3	-0.0177798683763335	0.0554052196152953
chr12	48303487	48304806	17	0	368.938	177	313.115	-33.2144157640914	-33.1766058817288
chr12	48304807	49153734	9313	195508	202035.4952	168874	170381.6078	-0.029693569464837	-0.00470606963219785
chr12	49153735	49196687	86	4	1868.935	483	1630.126	-7.10824708743564	-8.82532554433545
chr12	49196688	52716696	41289	870434	896076.1255	754204	761573.6181	-0.0229925043624423	0.000788677451512197
chr13	0	58731910	579282	12170446	12709055.4418	10811078	11129725.7408	-0.0157019306683864	-0.0197997052892949
chr13	58731911	58739638	92	1011	2024.06	0	1784.39	32.2226770738588	-0.958793992363319
chr13	58739639	68984162	111017	2356567	2446938.1733	2085062	2157771.2938	2.59105722060287e-05	-0.0116158825881477
chr13	68984163	68988007	49	575	1064.56	3	929.889	7.39219393932863	-0.845948335687791
chr13	68988008	69883462	11141	242407	242501.5724	209853	210796.8379	0.0107765810585568	0.0421123256013911
chr13	69883463	69884287	11	123	239.806	6	211.554	4.18157539256379	-0.920534372767196
chr13	69884288	78742681	104470	2225910	2279966.6413	1922616	1988289.9896	0.0187052726032974	0.00805761265325999
chr13	78742682	78744123	15	1	332.421	144	293.255	-7.34591561120233	-8.33419259889452
chr13	78744124	82450357	43671	941448	955118.6281	817220	837062.7165	0.0186778734628909	0.021876547844172
chr13	82450358	82450882	7	0	153.806	62	135.552	-33.2144157640914	-33.1766058817288
chr13	82450883	114025099	365904	7834722	7971894.5823	6808229	6927775.386	0.00493722797792383	0.0176345190659584
chr14	322	12347563	118722	2489457	2584335.8433	2180017	2243034.2314	-0.00798503190539245	-0.0112874019112156
chr14	12347564	12355422	55	2	1194.63	534	1046.34	-8.24704283982174	-9.17967298819312
chr14	12355423	16606714	42894	918030	937061.8572	805113	819504.0111	0.000821925236813978	0.0130720810406061
chr14	16606715	16614536	99	2	2151.84	972	1874.91	-9.11869670438123	-10.0286798726299
chr14	16614537	22660743	65434	1389641	1430089.0175	1204344	1250868.2152	0.0181547289497221	0.00128234041498136
chr14	22660744	22671458	91	883	2009.4821	1579	1769.8844	-1.01682923580131	-1.14366331580193
chr14	22671459	39839597	191372	4070880	4200062.0753	3595037	3685766.4107	-0.00424674826065817	-0.00239488839575649
chr14	39839598	39847025	18	166	396.785	0	350.301	31.966971887897	-1.21449917826916
chr14	39847026	40544651	6361	135951	140506.4512	122283	124199.5503	-0.0202483255711657	-0.0048745411607059
chr14	40544652	40545331	9	101	199.084	1	175.404	6.48038101124424	-0.936346918672249
chr14	40545332	61953239	219682	4653198	4824695.4456	4108529	4237504.1492	-0.00275728379460422	-0.00954023211433887
chr14	61953240	61957549	37	348	812.698	650	711.998	-1.08733338234486	-1.1809569703256
chr14	61957550	62269526	3651	78626	80477.5474	70356	70951.3732	-0.0165575490706764	0.00909518938616296
chr14	62269527	62270651	15	182	328.919	0	288.564	32.3703522362468	-0.811118830003459
chr14	62270652	62365169	1093	22114	24082.0111	19572	21221.6519	-0.001384915202275	-0.080320805242811
chr14	62365170	62379043	84	640	1854.966	10	1631.025	5.81925131311647	-1.49257386588754
chr14	62379044	62739018	3436	72928	75636.1141	63812	66607.109	0.0141111826482809	-0.00992734791847688
chr14	62739019	62746444	39	407	855.689	0	755.703	32.152088383488	-1.02938268271969
chr14	62746445	94652591	350783	7514676	7667480.439	6534697	6677012.909	0.00690599320470695	0.0136333891217004
chr14	94652592	95676537	511	3315	11183.7645	4148	9808.14	-0.507896248922196	-1.71165004378659
chr14	95676538	95687721	10	137	219.678	431	193.2425	-1.83362476460708	-0.638539435461714
chr14	95687722	97058593	248	2621	5415.7936	3201	4725.937	-0.480112498884963	-1.00438033664959
chr14	97058635	97100092	19	8	419.353	152	370.248	-4.4227355604659	-5.66934629203228
chr14	97100093	100189361	30958	658808	682017.2405	582112	600877.9715	0.000690324084838194	-0.00727506782852226
chr14	100189362	100190936	21	144	458.579	341	398.157	-1.44267061088302	-1.62842641090736
chr14	100190937	101135477	9220	193944	201522.1253	170704	176630.7875	-0.00119294497329617	-0.0126230307315721
chr14	101135478	102295892	464	2913	10149.1572	3500	8879.0981	-0.452858918495495	-1.75810725476184
chr14	102295893	102568365	3127	64263	68643.9038	56094	60381.3892	0.0159794008333314	-0.0524682024371527
chr14	102568366	102571152	36	394	788.516	706	689.77	-1.02963201494552	-0.958269332328582
chr14	102571153	102766785	2279	48501	49995.7477	42676	44037.6129	0.00638559280123055	-0.00111583365111464
chr14	102766786	102771314	34	638	737.701	263	642.4674	1.0839458687639	-0.166804700018381
chr14	102771315	115493372	142272	3019521	3110845.1357	2633484	2717951.2003	0.00742517411182229	-0.000311802433647576
chr15	0	6108368	55658	1176357	1212615.3252	1019676	1054679.1045	0.00976248017190431	-0.00112093864631251
chr15	6108369	6108968	8	1	174.797	89	154.287	-6.65093214867404	-7.40686152182571
chr15	6108969	21033563	168463	3582572	3679800.7838	3139901	3216642.7926	0.00106988151293413	0.00404310222961277
chr15	21033564	23324406	581	4943	12693.6831	6516	11100.4762	-0.58722367551811	-1.3179768519454
chr15	23324433	28251983	51426	1094420	1121176.6855	963590	975501.4806	-0.0122573235434892	0.0078279180024604
chr15	28251984	28256495	26	371	562.863	68	483.75	2.23415556516442	-0.558689561039955
chr15	28256496	29175517	9972	211695	217369.0763	187089	189170.9238	-0.01732871067659	0.00451555017010468
chr15	29175518	30335328	686	7148	15001.723	14708	13142.4516	-1.2270181440699	-1.02684160183491
chr15	30335329	30450542	109	1231	2390.7848	1894	2104.4739	-0.800765042457787	-0.914978446370832
chr15	30450543	30468525	175	3119	3851.8212	2794	3381.8688	-0.0241033273804457	-0.261782115373683
chr15	30468526	30773943	439	5966	9617.901	9996	8426.5835	-0.930495996016232	-0.646283031137729
chr15	30773944	30781401	19	414	412.809	320	355.987	0.162774180383347	0.0468314104879737
chr15	30781402	31909659	1025	14441	22428.5729	28073	19655.5484	-1.14454862154282	-0.592492110831295
chr15	31909660	31950404	96	2242	2105.82	1809	1852.84	0.129815235495142	0.133079221598311
chr15	31950405	32360803	365	5252	7975.4845	9455	6961.661	-1.03948595696201	-0.560030179736198
chr15	32360804	32509775	1772	11105	38777.969	29712	33961.866	-1.60629265809711	-1.76135278359305
chr15	32509776	32798827	3554	18641	77559.6717	60312	67768.5957	-1.88379045664337	-2.01415237325338
chr15	32798828	32810074	148	1507	3208.41	2611	2763.88	-1.0032213908772	-1.04750402996474
chr15	32810075	32831491	283	4774	6138.71	5268	5327.02	-0.34179841373895	-0.320061883061397
chr15	32831492	34740424	22272	487137	483345.5831	415350	414748.1069	0.0140455341163552	0.0539475749724897
chr15	34740425	34760740	131	1769	2860.393	2674	2498.111	-0.78657602788151	-0.650604262436237
chr15	34768899	35519139	3140	63000	68536.1677	53909	59750.5571	0.0317775060240205	-0.0788386277960256
chr15	35519140	35533756	129	1	2856.87	1301	2524.66	-10.5188861277996	-11.4375441942322
chr15	35533757	86827848	558033	11897397	12228004.9442	10442457	10712868.8043	0.00220577778871914	0.00313199125262512
chr15	86827849	86828523	9	0	195.126	86	169.426	-33.2144157640914	-33.1766058817288
chr15	86828524	95309337	94152	2015291	2069803.4099	1790108	1821302.6006	-0.00871638007136743	0.00416949357355696
chr15	95309338	95310312	13	0	284.239	130	252.041	-33.2144157640914	-33.1766058817288
chr15	95310313	96729351	16043	341313	354277.8151	306510	313055.1007	-0.0184381121582675	-0.0111106941823476
chr15	96729352	96731694	30	3	663.364	298	584.791	-6.81122043161784	-7.74601931086031
chr15	96731695	97045738	3769	80649	83204.9331	72180	73431.4131	-0.0153490165446295	-0.00233735398355185
chr15	97045739	97046402	7	0	157.106	74	138.548	-33.2144157640914	-33.1766058817288
chr15	97046403	103401321	71569	1522001	1573757.2474	1352789	1385299.9043	-0.00911702424210598	-0.00556864776811749
chr15	103401322	103401696	5	0	108.582	128	94.6772	-33.2144157640914	-33.1766058817288
chr15	103401697	105433303	23089	480511	502974.3337	422589	437417.7061	-0.0112937341949355	-0.0232402572840175
chr15	105433304	105437135	51	635	1111.3	1	966.796	9.11451290545988	-0.764744766362695
chr15	105437136	106498168	13291	281041	288909.6629	249120	250549.2736	-0.026719151822007	0.00283722514750591
chr15	106498169	106521936	311	3494	6740.862	0	5782.264	32.2760926514517	-0.905378414780936
chr15	106521937	107344873	4572	96279	99321.7388	83280	85257.0649	-0.00617385586108781	-0.00221329396559992
chr15	107344874	107788196	89	1560	1938.9846	2246	1692.0731	-0.71745616259879	-0.271080248759799
chr15	107788197	111239624	36303	775398	794287.8509	674717	694387.4437	0.0115986104286554	0.00795014461646978
chr16	17697	5576057	58845	1263754	1280834.3849	1089759	1110645.3834	0.0128860350294091	0.0233067821560338
chr16	5576058	5576829	6	87	129.392	3	113.084	4.66849257289765	-0.529986048247023
chr16	5576830	5989346	5095	105043	110853.4271	91849	96190.6886	-0.006174931401247	-0.0349982804611614
chr16	5989347	5989984	7	129	151.779	10	129.44	3.46447566171519	-0.19192606166602
chr16	5989985	17900321	127901	2723701	2794070.5007	2373488	2428930.6215	0.00137762484717279	0.00587498079964571
chr16	17900322	17901482	15	0	328.278	117	290.35	-33.2144157640914	-33.1766058817288
chr16	17901483	29937337	124096	2615075	2712782.957	2276365	2358656.4229	0.00317726120578597	-0.0102462351440429
chr16	29963967	31091088	492	5716	10764.7966	6547	9397.1069	-0.386995372089827	-0.870568171188485
chr16	31091089	64921379	353125	7481454	7746841.5251	6609493	6802477.2358	-0.00390374760242387	-0.00761447871076342
chr16	64921380	64927266	24	61	532.3848	341	471.3987	-2.65354700773972	-3.08291316558051
chr16	64927267	64933865	50	8	1106.3	562	976.736	-6.3092632076202	-7.06885185784422
chr16	64933866	64975245	72	1261	1580.4554	1616	1393.4126	-0.534711546828608	-0.283096980383085
chr16	64975262	66894516	19429	404388	426688.5036	360404	375738.3897	-0.0124643662436348	-0.0347679861241527
chr16	66894517	66894891	5	0	111.572	110	99.9233	-33.2144157640914	-33.1766058817288
chr16	66894892	78565951	127316	2695572	2777289.7016	2365093	2420607.9089	-0.00474854821792976	-0.000411161387944628
chr16	78565952	78566701	10	46	220.421	131	194.653	-1.68435295994525	-2.21788084511101
chr16	78566702	90668716	138836	2944989	3031825.5892	2592679	2632832.5156	-0.014887180226872	0.000750550195912268
chr17	545	21080573	233390	4909862	5075301.733	4275692	4380970.2451	-0.00785345032639371	-0.00513605184948336
chr17	21080574	21081773	16	181	347.049	0	301.611	32.2849964590361	-0.896474607198265
chr17	21081774	24572712	40828	860638	888885.9683	749008	773377.2682	0.00446460513526229	-0.00391674450805696
chr17	24572713	24578765	21	101	465.209	306	410.128	-1.77611594072956	-2.1608486468798
chr17	24578766	88135728	666524	14143817	14570880.8647	12361621	12750169.0685	0.0065970408455801	-0.000241515471368026
chr17	88135729	88136253	7	1	152.607	73	134.894	-6.36295432222786	-7.21100223993962
chr17	88136254	89385792	14283	307530	312660.4266	266088	274326.3262	0.0249853402400186	0.0188055925676843
chr17	89385793	89463173	214	2837	4649.1721	719	4034.5887	1.7806154349173	-0.669932613589559
chr17	89464669	89653336	1809	34933	39725.896	31392	34821.4442	-0.0310449371837178	-0.142814147178107
chr17	89653337	89659072	32	447	702.985	3174	604.01	-3.04201167667542	-0.61054400722238
chr17	89659073	90616926	8032	172734	175888.9385	149314	154241.9234	0.0255980170597009	0.0165623943333318
chr17	90616927	90617165	3	0	65.4588	61	56.5614	-33.2144157640914	-33.1766058817288
chr17	90617166	90843705	2871	61503	62538.25	52755	54449.6392	0.0263977733550742	0.0185930023212636
chr18	0	27353984	298386	6305078	6533778.4236	5564905	5720128.8015	-0.00684755355669356	-0.00872824477853396
chr18	27353985	27354284	4	0	87.0064	78	74.0194	-33.2144157640914	-33.1766058817288
chr18	27354285	38380544	112278	2431901	2451915.39	2103203	2137328.3713	0.0162609589414272	0.0308503709708149
chr18	38380545	38512969	402	7044	8896.1122	7312	7847.4275	-0.22996116499037	-0.294105007312014
chr18	38512970	51320910	138318	2952671	3033529.8457	2601441	2665124.4027	0.000780181979868102	0.00369817554626176
chr18	51320911	51325673	63	727	1392.46	1294	1205.28	-1.03521270867436	-0.894933548423125
chr18	51325674	54524786	36746	800645	802470.4586	702368	702161.6209	0.00115563170430834	0.039389488332879
chr18	54524787	54529551	62	682	1364.88	0	1199.43	32.2232156627813	-0.958255403440965
chr18	54529552	60530586	67828	1467841	1479270.1059	1276818	1285801.3025	0.00379020329910904	0.0314852638031301
chr18	60530587	60535612	67	0	1454.88	624	1264.18	-33.2144157640914	-33.1766058817288
chr18	60535613	63311134	30513	645397	664062.51	560733	576492.9037	0.00372187589065496	0.00154288630145654
chr18	63311135	63313840	29	316	630.661	589	524.262	-1.16005463155031	-0.954265094045468
chr18	63313841	65124254	21967	457347	478889.0332	399406	418198.3971	0.00479450162750544	-0.0237271425737739
chr18	65124255	65125674	14	2	307.233	276	268.344	-7.29890880334948	-7.2205142852098
chr18	65125675	67884467	32596	697220	715077.2417	612072	628619.9161	0.00686665966318442	0.00618993323987867
chr18	67884468	67895818	24	11	522.531	107	457.028	-3.47040425668214	-5.52726612709771
chr18	67895819	84894801	183259	3889044	3997817.9198	3400337	3473366.3975	-0.00427515458381641	0.00287785838670623
chr18	84894802	84896532	23	265	507.084	0	447.542	32.2879137395045	-0.893557326730405
chr18	84896533	84990541	1185	25685	26214.5763	22618	23154.8937	0.00926779981483193	0.0132319128731239
chr18	84990542	84991066	7	80	156.073	0	138.524	32.2599970602947	-0.921474005934867
chr18	84991067	86399797	15883	336208	349826.426	293837	308489.4885	0.0177852233385779	-0.0146101541121088
chr18	86399798	86403308	41	1	898.5	377	794.441	-8.73113389073087	-9.768699496739
chr18	86403309	86565267	1865	39996	41160.3969	34844	36311.439	0.022977867519306	0.00127389670823778
chr18	86565268	86571753	86	2033	1902.18	893	1684.05	1.01602452004499	0.138631510070372
chr18	86571754	87663457	10377	216048	229132.9434	190267	202093.9357	0.00703283394796112	-0.0421579528771911
chr18	87665241	88201446	273	3476	5958.8394	4558	5177.4543	-0.588896108492757	-0.734928215553394
chr19	0	148307	1111	21229	24267.611	18105	21196.9101	0.0393353079043568	-0.150320609387112
chr19	148308	454385	210	1483	4579.4301	2329	3988.3021	-0.845720233228301	-1.58397440388661
chr19	454386	14725857	156254	3324487	3423626.8407	2939057	2992481.2378	-0.0115396793512742	0.000281340197860684
chr19	14725858	15019833	149	331	3267.9412	801	2859.4159	-1.46276739207568	-3.2608038346201
chr19	15019834	26305476	132274	2824045	2875858.9273	2452985	2484471.98	-0.00296378571577838	0.0164452374465556
chr19	26305477	26359988	142	302	3103.7589	423	2716.4434	-0.673541435800942	-3.31872097003226
chr19	26359989	26360588	4	1	89.194	125	79.0567	-7.13497800907932	-6.43619967948894
chr19	26360589	26425629	130	902	2836.0217	723	2458.2229	0.117744137626456	-1.60999416530062
chr19	26425734	26851890	191	826	4172.3433	1096	3642.5317	-0.599085266826138	-2.29396911291788
chr19	26851908	26891911	51	11	1123.686	540	990.232	-5.79491925783958	-6.6319165329304
chr19	26891912	27112271	99	875	2177.6483	1516	1904.9678	-0.981054005890613	-1.27274098156544
chr19	27112272	27179901	13	4	285.208	160	250.496	-5.50428978708893	-6.11319556186155
chr19	27179902	27787665	2167	42396	47344.2242	37598	41301.7407	-0.0188484278769883	-0.11658521121821
chr19	27787666	28182209	389	1050	8466.7263	1728	7352.1739	-0.917482066734157	-2.96873985627255
chr19	28183932	28557612	1358	26928	29826.8112	23709	26153.4119	-0.00107312543275355	-0.104827597550253
chr19	28557613	28629640	23	130	500.2244	296	434.7184	-1.38471463804214	-1.90138874021665
chr19	28634678	29017098	579	7395	12643.6152	7226	11043.2553	-0.157025447854606	-0.73111191373291
chr19	29017099	29281711	176	685	3847.7332	1407	3356.2201	-1.23075268696719	-2.44715780564333
chr19	29288598	36657065	80376	1707976	1756995.4709	1502599	1535900.1046	-0.00433324635513808	0.00185229760782491
chr19	36657066	36678575	39	32	850.326	110	738.703	-1.97951614359588	-4.68919716994767
chr19	36678576	50419049	164748	3502059	3584512.5106	3056762	3107734.3112	-0.00484941239016495	0.00910152921309044
chr19	50419050	50419142	1	27	21.1436	316	17.7005	-3.80045898247148	0.395413437455147
chr19	50419143	62275498	138482	2924238	3006527.7976	2536351	2565625.8425	-0.0186159974542506	0.00263750507957036
chr20	747	4008	7	223	153.402	15	136.006	3.72522749387753	0.582401485088071
chr20	4009	184652	225	2713	4876.078	1817	4204.948	0.369562568118371	-0.803157089136288
chr20	184653	452023	2585	50310	56760.184	45338	49793.2408	-0.0339397260642313	-0.131359009272578
chr20	452024	521314	186	2224	4094.281	19	3603.376	6.69161779536502	-0.837778265793879
chr20	521315	784759	2023	43615	44535.6652	38053	39162.3059	0.0161839492957932	0.0125383141757401
chr20	784760	794997	119	3483	2624.78	2219	2316.14	0.474811944234314	0.450809034050831
chr20	794998	4034151	22800	460685	496188.184	390107	428407.9968	0.0328739531901608	-0.0644316884004778
chr20	4034152	4044844	122	1958	2655.1	1041	2284.43	0.699343917905627	-0.39671036652035
chr20	4044845	4046353	20	234	409.619	4	339.599	5.60477946711128	-0.765099038468896
chr20	4046354	4048153	24	402	523.766	245	433.239	0.445519645504449	-0.339051842185906
chr20	4048154	4065740	211	2276	4596.17	11	3993.85	7.49506634510744	-0.971256535310088
chr20	4065741	4073547	103	1440	2234.966	768	1914.275	0.688300994622461	-0.5915090051667
chr20	4073548	5378506	10394	210802	224714.1573	173066	189320.3601	0.0421699664030091	-0.0495273971291251
chr20	5380310	5398130	64	102	1382.0664	285	1194.1544	-1.68836512856897	-3.71751080382475
chr20	5398131	5497967	958	19689	20657.3453	15427	17156.6597	0.0889113194588073	-0.0265899574294091
chr20	5497968	5498492	7	0	152.739	71	127.337	-33.2144157640914	-33.1766058817288
chr20	5498493	15655237	108808	2281707	2361805.8148	1957493	2005164.3929	-0.010198252626172	-0.00710174218805049
chr20	15655238	15655687	6	0	129.877	57	113.43	-33.2144157640914	-33.1766058817288
chr20	15655688	20868256	61776	1280921	1348703.5598	1145004	1176902.204	-0.0298847933383707	-0.0317167155322709
chr20	20868257	20868631	5	116	108.659	3	95.1354	5.08613017441585	0.136992197721289
chr20	20868632	21013488	1573	32438	34208.054	28624	29724.8459	-0.0173419411780119	-0.0339760969061359
chr20	21013489	21014014	7	135	154.543	1	135.721	6.89431641827387	-0.152373834453194
chr20	21014015	23217193	26347	568257	573652.0022	491857	499058.1178	0.0122018233295034	0.029042806196338
chr20	23217194	23253309	434	14460	9433.88	8265	8200.39	0.609687286732128	0.658819464672036
chr20	23253310	35572835	135547	2860374	2959486.0589	2497847	2572048.7856	-0.00204478442035883	-0.00646779868463272
chr20	35572836	35575820	37	415	820.94	808	725.316	-1.13504588104974	-0.941490379787333
chr20	35575821	36681139	12329	263970	271576.4422	232156	239500.1832	0.00881301559890697	0.0016907059910146
chr20	36681188	36683744	14	165	308.758	3	272.178	5.60429882673334	-0.86133542589908
chr20	36683745	36982749	3108	63751	68483.523	56643	60427.7847	-0.00512938711433115	-0.0606338806496423
chr20	36982750	36984699	26	0	568.244	69	498.721	-33.2144157640914	-33.1766058817288
chr20	36984700	36997999	170	3643	3747.011	3187	3307.566	0.0178228924750565	0.00206184941938647
chr20	36998000	37005542	41	248	893.631	553	782.086	-1.34442615022056	-1.80666404540759
chr20	37005543	56205872	215344	4514629	4717273.9185	3988682	4125462.7077	-0.00983692452739976	-0.0206708733461195
chrX	598	13022945	111245	2350031	2438794.7376	2082248	2138043.5924	-0.0104740037922446	-0.0108134828259715
chrX	13022946	13023772	11	0	242.436	217	214.423	-33.2144157640914	-33.1766058817288
chrX	13023773	37714156	235568	4962797	5164637.7047	4388380	4534204.7903	-0.00548742524838238	-0.0148386380801236
chrX	37714157	37723505	16	12	355.408	149	314.864	-3.80408817283655	-4.84569477348315
chrX	37723506	63559811	249886	5281894	5509420.5553	4754289	4856685.4033	-0.0252376258132195	-0.0181701772972649
chrX	63559812	63594005	266	6544	5767.65	7525	4621.62	-0.516238625391802	0.224864195803812
chrX	63594006	112386400	463034	9664084	10192961.1641	8627923	8971390.7651	-0.0156847951408847	-0.0341932637152028
chrX	112386401	112394603	68	1776	1437.16	1990	1129.25	-0.50712743735597	0.348085961993029
chrX	112394604	138671383	259136	5500272	5698725.6767	4876948	5015475.3128	-0.00586335633438307	-0.00846131439757378
chrX	138671384	138728304	749	17103	16382.4	13963	14401.3	0.111557972790075	0.10477774920455
chrX	138728305	149661786	106634	2224464	2345834.2788	1996531	2065250.4308	-0.0229569029041212	-0.0339682800431576
chrX	149661787	150591957	208	127	4592.9529	25	4050.0814	2.16822257350779	-5.13384651455461
chrX	150602370	159969947	80385	1693469	1764325.5184	1497633	1547383.6527	-0.00712319265968558	-0.0164601180262396
