chrom	start	end	binNum	tumor	tumor_expect	normal	normal_expect	log2.copyRatio	log2.TumorExpectRatio
chr1	987	31272479	310293	6264550	6490292.1316	5761939	5950948.6623	-0.00308786398326231	-0.011745561414831
chr1	31272480	31385444	126	1057	2632.455	10	2424.836	6.60672922499332	-1.27710651837514
chr1	31385445	31518469	1296	26595	27019.864	24746	24963.826	-0.00880227164496734	0.01646159811993
chr1	31518470	31521928	45	491	926.589	929	874.424	-1.00213274185661	-0.876879556577009
chr1	31521929	38433761	75497	1588280	1603529.1129	1408496	1428605.2013	0.0080859219899006	0.025541696920865
chr1	38433762	38515330	24	233	518.9244	25	444.532	2.99851224212641	-1.11586744414576
chr1	38515331	61509137	224060	4588486	4735188.1141	4124104	4259365.343	0.00257361864351654	-0.00607656048382312
chr1	61509138	61511611	30	309	621.647	1	580.317	8.17362793967231	-0.96916177115496
chr1	61511612	62937768	12570	248035	259585.3071	238525	243832.1696	-0.0324976338127235	-0.0263380403597464
chr1	62937769	62995084	53	802	1101.303	149	1021.555	2.3212647218106	-0.4182103341218
chr1	62995085	63000821	19	391	384.898	1	372.857	8.56659038261666	0.0620194071436749
chr1	63000822	63010649	3	37	61.5373	47	59.2332	-0.398771216720797	-0.694608900507369
chr1	63010650	63098133	177	1550	3620.929	101	3466.982	3.87858085728878	-1.18476469843068
chr1	63098134	63104322	56	1138	1144.141	878	1093.801	0.310712529943306	0.0315626760758192
chr1	63104323	63132023	146	1231	3019.072	0	2831.221	31.9264259343785	-1.25494742690502
chr1	63132024	63708935	1100	21913	22739.8806	20105	21367.7729	0.0358639296781032	-0.0141106947659314
chr1	63708936	63711056	20	229	430.167	0	374.585	32.3111510805584	-0.870222280807896
chr1	63711057	63714502	20	326	432.745	226	372.519	0.313765438841749	-0.369318211796106
chr1	63714503	63720583	76	893	1615.188	71	1437.378	3.48592604220992	-0.815643042502532
chr1	63720584	63748026	178	3244	3783.3	2350	3373.0816	0.300954488689895	-0.182544386801961
chr1	63748027	63757691	22	287	469.856	45	419.056	2.50939759353473	-0.671840960590522
chr1	63757692	63769750	127	2704	2684.2	2364	2414.44	0.0424809443910367	0.0499299550055825
chr1	63769751	63777516	37	410	787.163	10	699.854	5.18936295764366	-0.901711525345097
chr1	63777517	63780536	20	260	429.6072	82	375.9766	1.47385989669324	-0.685179574743615
chr1	63780537	63830461	96	1028	1995.841	62	1857.193	3.94897457772013	-0.917829553050219
chr1	63830462	63831591	15	252	312.374	232	285.246	-0.0103494068306739	-0.270523669797565
chr1	63831592	63978783	126	1433	2663.154	546	2403.339	1.24538944355147	-0.854770272491948
chr1	63978784	64071494	14	121	294.156	0	268.794	31.9391259195758	-1.2422474417108
chr1	64071495	65094497	7831	157921	166348.5455	142618	148112.007	-0.0190543117150867	-0.0356792470303476
chr1	65094498	65111385	90	797	1870.813	5	1745.484	7.21788892912854	-1.19168675517809
chr1	65111386	65186757	404	7920	8355.0284	7758	7802.3926	-0.0674930973238324	-0.0378173276439904
chr1	65186758	65197843	30	364	603.6471	7	594.3579	5.67948564466216	-0.69043995278195
chr1	65197844	65254277	98	1747	1999.7056	1271	1920.2246	0.401822411379741	-0.155581037107116
chr1	65254278	65292195	224	2412	4587.42	132	4368.02	4.12233591763836	-0.888126117378007
chr1	65292196	65370926	328	6350	6783.5842	5840	6376.5782	0.0329423195694765	-0.0559641764043207
chr1	65370927	65420838	19	146	386.236	3	372.45	5.55384554917174	-1.36418729659179
chr1	65420839	68577480	19436	378111	404631.9746	358126	374151.2127	-0.0332269316844319	-0.0584735331499969
chr1	68577481	68581141	48	473	983.186	0	938.195	32.1650761466196	-1.01629721471783
chr1	68581142	70886171	11570	228660	243332.3455	212942	220831.3389	-0.0358203118187983	-0.0503971182417539
chr1	70904589	71083403	46	419	957.419	51	882.03	2.92147776570025	-1.15287321826915
chr1	71083404	71804812	6714	130600	142739.434	117969	126935.7923	-0.0211185441518404	-0.088902085763315
chr1	71804813	71808502	9	4	185.948	87	172.249	-4.55192772937987	-5.4994284397819
chr1	71808503	72126251	2192	43281	45396.3166	40680	42410.0315	-0.00733614884703502	-0.0295144367534959
chr1	72126252	72147148	109	1979	2254.899	2785	2110.611	-0.586888438176019	-0.148964227969036
chr1	72147149	73406293	12594	258270	269432.0223	225280	236154.8335	0.00839195835712405	-0.0217142793177526
chr1	73406294	73424261	123	0	2568.196	1008	2362.042	-33.2178615619785	-33.1799539747421
chr1	73424262	73424973	6	134	123.739	183	115.306	-0.550023954510112	0.154259695014564
chr1	73424974	73457727	141	7	2909.846	1219	2733.119	-7.53310260137636	-8.66004513080482
chr1	73457728	81444235	64952	1346331	1390312.3	1179608	1219576.7056	0.00311653389947435	-0.00704886660557425
chr1	81444236	81446562	30	0	647.78	335	562.37	-33.2178615619785	-33.1799539747421
chr1	81446563	82600241	11492	252469	253547.1791	204735	209287.7567	0.0270015780655046	0.033179004867626
chr1	82600242	82600920	9	0	197.11	96	166.048	-33.2178615619785	-33.1799539747421
chr1	82600921	82694667	1066	19508	22850.4479	17393	20008.4024	-0.0246379969741364	-0.188829592567609
chr1	82694668	82702723	20	62	415.4196	228	382.6439	-1.99584120162535	-2.70490219017792
chr1	82702724	91462190	77559	1625763	1668471.033	1420008	1450696	-0.00514412251716003	0.00191729472157863
chr1	91462191	91462565	5	44	99.4174	1	65.7369	4.86405604602966	-1.13666787568111
chr1	91462566	96094217	46934	977935	1005420.5566	874021	882158.0576	-0.0251999969025734	-0.000661634718381703
chr1	96094218	96198463	26	245	542.768	29	495.082	2.94740815941019	-1.10822694254173
chr1	96198464	97687380	12435	260244	261477.7141	234897	237261.5098	0.0090460866485227	0.0325038864753479
chr1	97687381	97692228	53	2247	1117.05	1091	1017.34	0.908876561826111	1.04763333533702
chr1	97692229	97694760	29	624	604.067	543	559.94	0.0925768876324356	0.0861644286311632
chr1	97694761	97697849	40	444	822.91	1	783.132	8.72435598559862	-0.850848003665691
chr1	97697850	113349392	154005	3170218	3259424.3882	2857134	2923321.2969	-0.0055760691945237	-0.000708183172134606
chr1	113349393	113358651	33	2	673.968	317	641.802	-7.37747142800731	-8.35720926090081
chr1	113358652	113360876	24	504	486.954	240	465.707	1.00744578703705	0.0889652131141317
chr1	113360877	148456263	333410	6753416	7024233.3848	6121569	6355321.6277	-0.00124029971831992	-0.0173963778472568
chr1	148456264	148663094	373	3239	8387.6027	3202	6396.3513	-0.373014802483591	-1.333383083518
chr1	148663095	153792864	46600	929509	962584.1317	875387	904381.0941	-0.00201454560011077	-0.0111168320871301
chr1	153792865	153793314	6	0	126.468	60	114.537	-33.2178615619785	-33.1799539747421
chr1	153793315	158011861	38864	793295	808001.4565	729839	749098.8748	0.0124968587602093	0.0128265366637456
chr1	158011862	158028825	111	0	2310.21	726	2135.333	-33.2178615619785	-33.1799539747421
chr1	158028826	158032689	39	755	805.193	764	757.11	-0.104508313435899	-0.0535310114234513
chr1	158032690	158038697	68	1	1400.31	751	1322.48	-9.63374993737972	-10.4122033542179
chr1	158038698	164327988	73323	1531164	1542619.9703	1381687	1399944.2217	0.00960402382206094	0.028573096824461
chr1	164327989	164329321	17	169	354.629	1	324.918	7.27606392714272	-1.02996029737465
chr1	164329322	168101832	45240	973312	966524.0098	836302	851268.1063	0.0371057238008957	0.0494237450544697
chr1	168101833	168103008	10	0	210.813	183	191.576	-33.2178615619785	-33.1799539747421
chr1	168103009	168429364	3430	69913	70586.87	64972	66736.89	0.0262466215287752	0.0254878673512664
chr1	168429365	168437482	12	7	254.515	206	230.662	-5.01969654927076	-5.14492497327725
chr1	168437483	180342198	114136	2372144	2409556.5136	2120075	2172229.2663	0.0139044159779373	0.0167509266523016
chr1	180342199	180387453	27	242	567.99	54	515.615	2.02582382515274	-1.19153150797583
chr1	180387454	181322359	746	8028	15343.0765	9880	14459.5807	-0.383613112966028	-0.895148296025818
chr1	181331340	182893066	1224	19145	25305.5857	16625	23719.0049	0.111620325120522	-0.363161231526046
chr1	182893067	183115484	110	1583	2290.3668	597	2125.1504	1.30026408878978	-0.493590433207725
chr1	183115485	195298706	129932	2708129	2747507.8543	2413065	2467287.1145	0.012651076036284	0.0184998312745847
chr1	195298707	195392123	456	12497	9364.4837	16492	8885.1601	-0.474566856000204	0.455637420313152
chr1	195420760	215586714	214890	4569224	4606442.9505	3952678	4034908.303	0.0194208662802708	0.0276229989482843
chr1	215586715	215587327	8	0	171.248	61	151.59	-33.2178615619785	-33.1799539747421
chr1	215587328	224280532	90229	1974057	1966020.5527	1639012	1668638.2015	0.0331493933665276	0.045212218202056
chr1	224280533	224294611	17	423	354.569	8	327.18	5.60995138861749	0.293918230806328
chr1	224294612	238922228	150254	3062893	3144231.823	2781264	2881443.3875	0.0146577462368338	0.00151435169909005
chr1	238922229	238924256	27	0	575.492	304	513.842	-33.2178615619785	-33.1799539747421
chr1	238924257	240532734	19467	399345	406340.304	360518	373697.3512	0.0281656134400963	0.0142741553983787
chr1	240532735	240618807	818	19241	16970.5013	20281	15806.8071	-0.177008823555784	0.220481573578113
chr1	240618808	258520562	187344	3910792	3942889.3987	3529915	3572858.2622	0.00707218973984386	0.0275345387549206
chr1	258520570	258565452	32	322	683.788	42	604.339	2.76182778240704	-1.04716144192923
chr1	258565453	264121274	48167	1032009	1030810.0354	901144	906104.0506	0.0110155176606506	0.0410040389600909
chr1	264121275	264121874	8	91	175.25	0	147.557	32.2752243419569	-0.906149019402612
chr1	264121875	269490186	58755	1270497	1254691.5122	1114198	1105540.9546	0.00822649876988886	0.0573872470341943
chr1	269490187	269492961	37	0	763.963	317	715.025	-33.2178615619785	-33.1799539747421
chr1	269492962	277933817	92136	1908836	1946173.2993	1721921	1753131.7357	-0.000612184442378824	0.0113799490974978
chr1	277933818	277934717	12	1	259.41	156	224.78	-7.49070322513855	-7.97976327335275
chr1	277934718	282763000	50511	1051643	1072980.5595	931304	955905.4672	0.0100562645658291	0.0103480747835275
chr2	0	5687042	37319	770184	772916.9514	716813	721593.855	0.00589938278552225	0.0342167194342823
chr2	5687043	5692478	34	326	697.415	0	658.909	32.1235549062957	-1.05781845503302
chr2	5692479	6036545	3443	71187	71109.96	69221	66632.7519	-0.0519967602045502	0.040889133253683
chr2	6092261	6093389	15	146	311.608	0	287.426	32.1269364322827	-1.05443692904672
chr2	6108381	12982060	70776	1455821	1463286.6074	1376241	1372130.6055	-0.0102753231966073	0.0319475832401861
chr2	12982061	12982764	7	0	144.27	121	134.542	-33.2178615619785	-33.1799539747421
chr2	12982765	14542884	15401	310593	317716.6099	290955	299176.5449	0.00890522284999109	0.00661177493667899
chr2	14542885	14550084	59	287	1222.543	597	1138.615	-1.1578660061467	-2.0514355926271
chr2	14550085	14630809	808	15554	16592.1889	15592	15749.1411	-0.0773320376719455	-0.0538916060776507
chr2	14630810	14631563	10	235	203.899	0	195.969	33.4255063927248	0.244133031212668
chr2	14631564	15641801	10914	215387	224126.7795	206338	212814.9393	-0.0113745827634901	-0.0180568869040694
chr2	15641802	15645082	39	1611	813.499	1	745.607	10.5294348901228	1.02507099068143
chr2	15645083	17178776	15107	294518	310289.373	286400	294950.9909	-0.031395327392781	-0.0359315033693791
chr2	17178777	17180667	25	275	520.625	2	478.591	6.98325583726824	-0.881485997436282
chr2	17180668	19192565	23453	471070	483740.0521	444390	455750.2417	-0.000454080204958977	0.00103643828460778
chr2	19192566	19194729	28	0	591.496	297	537.61	-33.2178615619785	-33.1799539747421
chr2	19194730	27876207	94196	1934867	1995097.3999	1734899	1787084.0286	-4.95970858091662e-05	-0.00489780473564733
chr2	27876208	27876756	7	1	148.81	70	131.985	-6.30096111978583	-7.17800067267457
chr2	27876757	32719467	56397	1152309	1192997.8421	1035017	1070926.7933	0.000560990542808439	-0.0107368214218469
chr2	32719468	32720849	18	175	401.239	2	328.025	6.16197440605819	-1.15777994465469
chr2	32720850	39431118	64798	1327434	1357982.1466	1211477	1241405.5596	0.00380250310182905	0.0065025937279559
chr2	39431119	39432018	12	107	248.316	0	232.209	32.0061339092334	-1.17523945206912
chr2	39432019	52404124	138990	2823335	2898689.6156	2595153	2672388.6892	0.00572910697021529	0.0013264332559049
chr2	52404125	52409079	59	592	1242.73	1123	1126.76	-1.0636020909943	-1.0305168299087
chr2	52409080	92248637	408998	8084888	8486182.7082	7575600	7903937.8346	-0.00725712217301746	-0.0305609778463655
chr2	92248638	92250066	14	1	296.142	171	266.671	-7.56766127153443	-8.17081828651698
chr2	92250067	95906110	39976	813329	839852.8231	739393	763930.8984	0.00222267152316253	-0.00697050056310959
chr2	95906111	95907689	21	455	430.811	0	409.58	33.2995117940512	0.118138432550479
chr2	95907690	113242099	179458	3573050	3710172.6092	3366628	3478961.0719	-0.0055585992941461	-0.0150032303246356
chr2	113242100	113243149	14	177	296.523	1	266.93	7.31734234344338	-0.705067678012321
chr2	113243150	115810169	21111	432490	446476.9757	387978	400852.341	0.00259643487026902	-0.00659202962075311
chr2	115810170	115811722	16	153	346.386	0	303.502	32.0418513673367	-1.13952199397402
chr2	115811723	159863655	434117	8794728	9055885.2539	8134026	8346082.1685	-0.00366780997993182	-0.00288974451541708
chr2	159863656	159927171	57	572	1219.9205	175	1069.7623	1.52058274496293	-1.05337310648443
chr2	159944649	160700582	272	6272	5725.2193	4208	5173.7733	0.431096126709372	0.170921578155096
chr2	160700583	160729202	97	2496	2037.814	765	1856.163	1.57280669841681	0.331922531883657
chr2	160729203	183182872	203860	4080641	4225899.497	3817660	3942878.7688	-0.00248254619019772	-0.0111356892191421
chr2	183182873	183200953	48	127	996.2339	0	922.6021	30.2490443286723	-2.93232903183336
chr2	183200954	187065461	44835	924954	948715.1711	826849	851748.2899	0.00762924684191847	0.00273357550612476
chr2	187065462	187068572	41	0	860.743	387	785.533	-33.2178615619785	-33.1799539747421
chr2	187068573	196892546	83004	1736670	1764604.4379	1520591	1568830.399	0.0234554479311159	0.0163057967705842
chr2	196892547	196946661	26	368	546.4353	114	494.1399	1.54696019560223	-0.531017944848383
chr2	196951786	202656060	54096	1118312	1146775.5836	992378	1024854.3098	0.0116162158746745	0.00306662576860577
chr2	202656061	202659208	32	357	666.347	2	620.258	7.37779438810872	-0.861022607333527
chr2	202659209	215240914	137446	2854837	2902367.9555	2544839	2614729.5974	0.0166847010936292	0.0155049174453883
chr2	215240915	215247492	32	693	646.915	308	634.744	1.14394307591134	0.138606161759258
chr2	215247493	220512075	57449	1142384	1190318.5198	1072315	1111943.9761	-0.00552528179174652	-0.0199730261442461
chr2	220512076	220514840	33	327	709.994	612	618.527	-1.10179188967331	-1.07918922260865
chr2	220514841	233647164	150318	3057124	3136780.0867	2821160	2889084.2051	-0.00136616723845297	0.00221765654267382
chr2	233647165	234757029	2824	52149	59291.5547	47499	53933.9881	-0.000470075525125161	-0.145860064082313
chr2	234757030	234757554	7	5	148.848	107	133.455	-4.57560598001778	-4.85644095335801
chr2	234757555	244491431	110534	2260180	2317381.9165	2065647	2115182.9508	-0.000450046198804347	0.00326881987320196
chr2	244491432	244492256	11	0	226.898	214	213.146	-33.2178615619785	-33.1799539747421
chr2	244492257	244507514	199	4166	4121.15	3896	3844.71	-0.00208364413230668	0.0549428384308987
chr2	244507515	244508639	15	0	314.663	321	286.814	-33.2178615619785	-33.1799539747421
chr2	244508640	244511533	33	690	671.576	588	648.417	0.181570835341306	0.0783726623196556
chr2	244511534	244512690	15	0	305.566	300	294.546	-33.2178615619785	-33.1799539747421
chr2	244512691	248425822	42677	864077	883891.5356	813310	826090.1436	-0.00879621124847034	0.00661751046375014
chr2	248425823	248430779	26	4	533.066	281	503.202	-6.21618343364916	-7.01884336350628
chr2	248430780	248432473	15	46	324.061	153	276.498	-1.96140286047858	-2.77723266462475
chr2	248432474	252863915	53290	1107902	1123604.9323	992355	1014530.6423	0.0129990167207749	0.0190223844265422
chr2	252863916	252864517	8	77	165.77	0	154.739	32.1144477460033	-1.06692561532343
chr2	252864518	257362914	52009	1057863	1082814.9117	997107	1001648.0744	-0.0256589949216009	0.00569311513006841
chr2	257362915	257363408	6	0	130.407	71	111.272	-33.2178615619785	-33.1799539747421
chr2	257363409	266433159	105263	2155671	2205754.2383	1994696	2015620.986	-0.0166601684540926	0.00619192700436639
chr3	534	14421969	145572	3173835	3171004.3267	2664579	2694048.7575	0.0185750230490557	0.0406142562359499
chr3	14421970	14424671	36	272	777.479	0	670.1714	31.7055032792102	-1.47587008201475
chr3	14424672	16054213	17645	377115	380279.6731	324700	329765.3422	0.0116954945190711	0.0272706846829773
chr3	16054214	20902886	30260	534753	624108.5737	504435	587734.3884	-0.00100903983641692	-0.183597385542664
chr3	20902887	20908951	54	1191	1117.01	592	1055.1	0.927661358181111	0.131858285903778
chr3	20908952	23272126	24909	517036	525505.4304	461120	474688.8559	0.0198183896932076	0.0158860371765872
chr3	23272127	23275402	41	3	882.241	386	771.319	-7.19992028700871	-8.16073948021878
chr3	23275403	23690889	4540	95320	95045.5853	85649	86985.5162	0.0279175189285679	0.0434863080165968
chr3	23690890	23695375	59	1	1210.94	598	1139.51	-9.31029599431472	-10.2025845195673
chr3	23695376	25295821	16176	313942	333317.3259	301159	314537.2302	-0.0222734566843922	-0.0470712872529652
chr3	25295822	25297056	16	164	323.858	2	317.733	6.33142492363301	-0.94233859298079
chr3	25297057	28256298	34190	680692	702980.5861	654327	666565.8784	-0.0183276418760577	-0.00715571910162879
chr3	28256299	28257696	18	97	376.188	0	346.21	31.2653031590346	-1.91607020204318
chr3	28257697	32337767	45435	902141	940812.6983	848884	879699.9326	-0.00769113024090743	-0.0212276213892968
chr3	32337768	32340992	42	425	861.701	0	814.212	32.2009758188973	-0.980397542447499
chr3	32340993	33443473	12541	247976	259837.7576	230109	242543.9689	0.00993769256861408	-0.0280836147407555
chr3	33443474	33443998	7	2	141.904	138	138.629	-6.14079122810163	-6.10944446216864
chr3	33443999	33558129	1481	31054	31185.196	27694	28263.147	0.0246858396938071	0.0332447588529264
chr3	33558130	33558665	7	164	144.3	3	135.952	5.68803495954089	0.223951489272665
chr3	33558666	40587958	82850	1671844	1725857.3512	1550905	1594006.2993	-0.00490658935048389	-0.00654601520596647
chr3	40587959	40596794	108	1210	2233.58	2174	2095.57	-0.935940720551466	-0.845023906590087
chr3	40596795	40975439	3980	75956	81852.7809	73977	77614.2281	-0.0372037600931914	-0.0685405257748367
chr3	40975440	40980813	66	636	1358.407	1206	1286.1403	-1.00057961875958	-1.05549015330512
chr3	40980814	44133207	29692	588133	614191.4394	559849	574837.1165	-0.0230111197554144	-0.0232189878491417
chr3	44133208	44136057	38	0	790.885	350	729.609	-33.2178615619785	-33.1799539747421
chr3	44136058	61261065	197657	4056480	4141355.2728	3712742	3784986.1627	-0.000652248882218101	0.00945237773596981
chr3	61261066	61262750	21	2	440.489	162	397.159	-6.48781989913389	-7.74363517612766
chr3	61262751	64719354	42536	889894	897487.4691	803212	809047.5558	-0.000395226340704992	0.0270686776435829
chr3	64719355	64720254	12	119	253.584	2	226.839	5.73544211443946	-1.05217517286458
chr3	64720255	66812094	23929	486995	497592.0479	446654	460792.302	0.0153218506342488	0.00827050473934214
chr3	66812095	66815544	46	505	943.572	1	899.698	8.91286704260156	-0.862522245734863
chr3	66815545	73326109	67565	1349633	1402993.2752	1259905	1304129.0736	-0.00474984281778083	-0.016613964957341
chr3	73326110	73327159	14	161	282.035	0	279.083	32.4118868147003	-0.769486546684289
chr3	73327160	87324081	140035	2860622	2927290.7141	2652275	2690274.7859	-0.0112945991510996	0.0060898188174409
chr3	87324082	87328197	50	425	1041.12	1077	967.379	-1.44604735530814	-1.25327464310875
chr3	87328198	87808558	5322	104646	109066.487	104040	103982.9347	-0.0590628436206022	-0.0203637297914296
chr3	87808559	87812952	58	617	1186.19	1147	1139.85	-0.950594740754372	-0.903665745628064
chr3	87812953	89246768	14923	284462	306211.8249	280150	291566.6231	-0.0472485819597158	-0.0669670795372868
chr3	89246769	89252302	71	482	1507.556	982	1346.919	-1.18781899113855	-1.60577956763098
chr3	89252303	91243805	21739	421782	448534.4382	400007	422593.6997	-0.0080558320073239	-0.049394256471191
chr3	91243806	91244105	4	49	82.0542	0	78.668	32.4769049040414	-0.704468457354332
chr3	91244106	108433059	181882	3728939	3797606.9714	3430961	3494113.8679	0.00140787803708341	0.0130015679094181
chr3	108433060	108433509	6	1	131.482	43	111.377	-5.66425932919251	-6.99939450350597
chr3	108433588	143318450	392527	8164364	8262573.6381	7333702	7483366.2279	0.0133144039587301	0.0220762548642195
chr3	143318451	143323995	60	8	1229.89	1289	1171.52	-7.40076484161345	-7.22498657663835
chr3	143323996	143325801	2	15	41.4647	19	38.8927	-0.432001792723778	-1.42759417912125
chr3	143325802	143339450	59	6	1206.98	3706	1153.84	-9.33422377259416	-7.61289655121381
chr3	143339451	143370385	186	3744	3837.71	3781	3611.55	-0.100395580731083	0.00366171209394505
chr3	143370386	143375339	13	13	279.521	312	243.946	-4.77993795717557	-4.38704616908849
chr3	143375613	143395505	47	1222	964.0848	921	911.8626	0.329047015065483	0.381339304142333
chr3	143395506	143406556	79	18	1653.93	1543	1516.94	-6.54491209753422	-6.48243047182258
chr3	143406557	143629707	1537	28763	31631.368	27947	29930.6192	-0.036793704989484	-0.0978148192146173
chr3	143629708	143647473	13	4	265.256	242	254.984	-5.97442250402671	-6.01191459085369
chr3	143647474	143673542	134	3485	2809.1555	1457	2576.0096	1.13457864869647	0.350349143695016
chr3	143673543	143692790	121	219	2505.1861	203	2340.2192	0.0125964167380697	-3.47658802857764
chr3	143692791	143707506	158	37	3244.87	2701	3083.607	-6.26194693325576	-6.41516461259634
chr3	143707507	143708429	10	36	213.534	175	188.275	-2.46149107929511	-2.52907001492893
chr3	143708430	143719751	127	0	2595.29	2526	2498.1	-33.2178615619785	-33.1799539747421
chr3	143719752	143727284	28	410	578.031	188	540.323	1.02898586201187	-0.456195982963087
chr3	143727285	143736237	17	16	350.156	277	330.863	-4.19408661940011	-4.41252702107199
chr3	143736238	143737187	11	192	228.055	281	212.15	-0.652341554819305	-0.208948515712141
chr3	143737188	143741069	10	1	201.865	209	197.662	-7.73629496440119	-7.61791997978694
chr3	143741070	143743988	26	206	537.109	358	502.526	-0.89191251788793	-1.34324358411946
chr3	143743989	143762164	115	22	2362.47	2316	2228.15	-6.80101816698537	-6.7073216856813
chr3	143762165	143836849	116	1459	2412.0472	1043	2244.1568	0.381575454351005	-0.685951281179234
chr3	143845981	143846870	10	3	203.4	140	196.551	-5.59231709792429	-6.04388638433603
chr3	143846871	143857741	55	1424	1132.864	1207	1062.058	0.14683073592968	0.369301444125018
chr3	143857760	143873094	74	2519	1537.2	1224	1423.772	0.932080203834066	0.751873214778317
chr3	143873095	143931018	461	27790	9536.728	9137	8935.834	1.5123007760228	1.58232653337918
chr3	143931019	143943669	103	1866	2110.3292	2011	2002.6015	-0.182137411542172	-0.138192108667045
chr3	143943670	144071376	770	37930	15827.0154	12121	15010.2915	1.57081280160295	1.30027712279256
chr3	144071377	144245517	893	14830	18443.8849	14692	17255.9553	-0.081141039745988	-0.275296995575484
chr3	144253003	144307720	121	1614	2502.2709	2792	2333.7723	-0.889813154441347	-0.593270433547311
chr3	144307721	144379820	664	12892	13668.7606	12390	12940.4532	-0.0202749969288188	-0.0450793662762
chr3	144379821	144384523	61	0	1260.08	1224	1182	-33.2178615619785	-33.1799539747421
chr3	144384524	144539605	1885	37306	38896.1	37661	36641.5	-0.0983911832884208	-0.0208908525767897
chr3	144539625	144545305	70	0	1453.54	1437	1354.37	-33.2178615619785	-33.1799539747421
chr3	144545306	149739201	57546	1216660	1231970.0964	1056871	1081206.7791	0.0162213752563937	0.0212857944161287
chr3	149739202	149754312	88	349	1833.458	0	1687.028	30.8274320594728	-2.3539413014066
chr3	149754313	151772070	21987	467327	470693.4643	404491	412770.9534	0.0202978072218814	0.028971545183097
chr3	151772071	151773375	17	212	354.101	0	328.269	32.4806036825754	-0.700769678820952
chr3	151773376	152955475	12252	262873	263013.774	227700	229197.7962	0.0101058810398729	0.0385545876459329
chr3	152955476	153029046	673	11888	14511.0427	13019	12588.1069	-0.334783083756209	-0.248318193582204
chr3	153029047	153048184	188	4008	3986.75	8744	3563.7	-1.2858287525722	0.0469963427521426
chr3	153048185	153070173	169	2801	3579.7183	5344	3213.5619	-1.08623143674471	-0.314577103732383
chr3	153070174	168951417	176387	3711298	3811276.1886	3225111	3289430.1921	-0.00844204311120787	0.000976663153417982
chr3	168951418	168952842	19	431	396.691	0	363.832	33.3403725386377	0.158999177133149
chr3	168952843	177699918	92921	1960988	2018090.9479	1685726	1725252.655	-0.00655350350809952	-0.0020835113820666
chr4	784	14097446	148348	3057863	3133948.2163	2750945	2819736.2731	0.00159475623608275	0.00386940435862529
chr4	14097447	14132505	155	1280	3288.5569	2342	2940.4628	-1.03158927223194	-1.32198384787963
chr4	14132506	14160297	189	3899	3862.813	3421	3702.857	0.129092434956835	0.052779291073223
chr4	14160298	14239216	123	1333	2536.72	2054	2390.28	-0.708124672598653	-0.888960530471727
chr4	14239217	16802331	27748	562597	573162.9703	532684	538393.4865	-0.01004315115483	0.012483427881398
chr4	16802332	16825979	104	836	2139.977	1661	2023.273	-1.06996213408999	-1.31669346902262
chr4	16825980	28191653	122639	2468103	2544048.7683	2318861	2370106.6833	-0.0107686804516691	-0.0043967494877909
chr4	28191654	28208586	182	3	3756.43	1771	3521.72	-9.29704852694073	-10.2508568474692
chr4	28208587	28256782	332	6744	6968.753	6068	6353.536	0.0204620501830324	-0.00796901043013177
chr4	28256783	28258763	11	6	238.035	96	203.269	-4.22636411919915	-5.27074042816866
chr4	28258764	28386545	1118	23387	23235.54	21056	21535.442	0.0432745628964536	0.0487006102712675
chr4	28386546	28392431	21	180	450.4541	416	395.7551	-1.39393939951046	-1.28405622593239
chr4	28392432	49571296	218962	4405832	4534991.308	4126487	4236564.0747	-0.0022853209257655	-0.00235832704867973
chr4	49571297	49572286	12	140	250.844	1	230.676	7.00977985113193	-0.802036628773334
chr4	49572287	49692139	1370	26897	28604.0168	25078	26255.1998	-0.021172222018782	-0.0494455130269114
chr4	49692140	49694308	12	132	251.324	0	230.094	32.2916898184567	-0.889683542905954
chr4	49694309	49902057	2356	48159	48947.4109	44749	45442.349	0.000174242034656783	0.015899860066316
chr4	49902058	49905211	42	396	866.713	0	816.358	32.090646422019	-1.0907269393026
chr4	49905212	60157517	120185	2485741	2521725.5468	2252588	2299542.4015	0.0104474349765828	0.0185916901156737
chr4	60157518	60158561	9	87	192.261	1	167.945	6.24928556056829	-1.10465186222175
chr4	60158562	71856741	126660	2595009	2659377.3162	2341451	2420956.9927	0.014245049597512	0.00397803309771261
chr4	71856742	71860217	39	0	814.226	444	753.577	-33.2178615619785	-33.1799539747421
chr4	71860218	101316434	314827	6461544	6592571.4095	5876241	6032855.8905	0.0104045896254292	0.0103646223343429
chr4	101316435	101316734	4	0	84.4552	43	75.6327	-33.2178615619785	-33.1799539747421
chr4	101316735	107168381	37078	703144	764338.0464	677967	720651.6072	-0.0308843651101641	-0.0810636952640884
chr4	107168382	107169431	14	5	306.876	138	256.794	-5.04222129693356	-5.90025693256755
chr4	107169432	107195131	263	4169	5401.5324	4126	5117.1873	-0.0616407761623887	-0.334340407525116
chr4	107195132	107201966	91	0	1851.71	810	1786.07	-33.2178615619785	-33.1799539747421
chr4	107201967	107844121	6875	135932	141591.0978	131991	133787.1704	-0.0379258379761284	-0.0195184644487566
chr4	107844122	107851205	34	0	720.577	165	645.511	-33.2178615619785	-33.1799539747421
chr4	107851206	117939636	106123	2185214	2230756.2291	2005457	2028015.7032	-0.0122011200477058	0.00956867691154976
chr4	117939637	117941488	24	0	514.298	254	450.321	-33.2178615619785	-33.1799539747421
chr4	117941489	118680611	9130	197971	196307.5511	172516	170885.2149	-0.00010976156287689	0.0515004171926132
chr4	118680612	118683462	38	0	804.765	352	714.59	-33.2178615619785	-33.1799539747421
chr4	118683463	136874132	207538	4370636	4401822.3411	3894717	3934876.5731	0.00596157976290721	0.0290692865359486
chr4	136874133	136874507	5	1	101.862	82	99.7993	-6.38564695337596	-6.63114515003593
chr4	136874508	142137834	58955	1182506	1223810.9876	1099979	1137824.4549	0.000688146278352298	-0.0102062790692963
chr4	142137835	142139490	22	10	448.304	157	434.578	-4.01613549546015	-5.44707848620509
chr4	142139491	168430111	268189	5589705	5693895.5271	4945323	5081131.7696	0.0138606360727865	0.0126830978448676
chr4	168430112	168432051	24	225	507.911	434	457.346	-1.09764034025237	-1.13532374332716
chr4	168432052	184224823	182464	3777737	3865899.5273	3408227	3461210.9154	-0.009607059000019	0.00604509823374427
chr5	34651	4579670	44944	905917	938701.825	833278	863026.515	0.000738293005034964	-0.0119611130817961
chr5	4579671	4580779	14	117	293.142	1	269.499	6.75046430197692	-1.28576418106038
chr5	4580780	16367466	122001	2443768	2541237.4071	2267979	2348497.4321	-0.0046737109646125	-0.0170968577641956
chr5	16367467	16374391	62	659	1283.888	3	1207.9364	7.6926166248826	-0.92284200965484
chr5	16374392	24932547	87012	1762749	1822259.2532	1607346	1666646.21	0.00578558980298387	-0.00857418982314589
chr5	24932548	24941452	16	139	325.914	16	312.022	3.05751688483525	-1.19007946856638
chr5	24941453	26009000	11410	229528	240018.2328	207963	217454.2016	0.00133025386639472	-0.0251468709468114
chr5	26009001	26022019	154	1433	3222.073	2679	2948.081	-1.02944960123702	-1.12962359637743
chr5	26022020	33370633	79956	1582926	1653573.7767	1502496	1549179.9186	-0.0174306600326787	-0.0236666280182056
chr5	33370634	33384309	71	898	1499.4569	525	1358.4657	0.633355493758811	-0.700325729899334
chr5	33384310	35214228	20097	401543	416039.8337	376238	388934.0114	-0.00186795660059675	-0.0118402016451674
chr5	35214229	35215128	12	142	244.158	11	236.874	3.64803968778835	-0.742597145507256
chr5	35215129	35601299	2447	48564	50747.6702	43729	47357.4179	0.0529651163205324	-0.0241273612914864
chr5	35601300	35602346	10	93	207.965	1	195.777	6.45344870921891	-1.1217111509673
chr5	35602347	52098716	178113	3534229	3695567.5704	3327565	3440590.3912	-0.0147917444223334	-0.0250734560203991
chr5	52098717	52105013	72	436	1521.06	1003	1369.655	-1.3517667007375	-1.76335004823729
chr5	52105014	68765494	178112	3649706	3755510.4271	3302781	3394433.6477	-0.000319789925007092	-0.00190177630053523
chr5	68765495	68769360	50	523	1031.84	938	975.112	-0.922937029594169	-0.941009453769617
chr5	68769361	68987107	2408	49613	50048.883	46154	46437.9196	-0.00235263235883039	0.0267072999690468
chr5	68987108	68989963	38	421	805.245	0	719.354	32.2850927715369	-0.896280589824428
chr5	68989964	68990263	4	77	81.0629	63	78.3753	0.242283275940813	-0.0348563681828306
chr5	68990264	68992157	25	271	509.02	0	489.017	32.3112708447327	-0.870102516633625
chr5	68992158	77656319	91021	1885822	1922303.8686	1692561	1731004.5758	0.00617819580028426	0.0116840743587269
chr5	77656320	77697771	58	1028	1203.739	482	1119.9477	0.990063347098129	-0.188355375670212
chr5	77697772	89464026	127751	2583952	2659146.6428	2389366	2461368.4098	0.0028680694018142	-0.00205709428931903
chr5	89464027	89466568	33	0	674.136	280	645.721	-33.2178615619785	-33.1799539747421
chr5	89466569	89477308	136	2729	2778.89	2538	2665.64	0.0460729392443749	0.0131906410793429
chr5	89477309	89482177	62	0	1287.03	612	1198.04	-33.2178615619785	-33.1799539747421
chr5	89482178	89549243	744	13707	15261.0319	12946	14523.3744	0.0123500025195851	-0.115612693017912
chr5	89549244	89553539	56	1117	1130.44	509	1107.36	1.10555090536216	0.0220717394375008
chr5	89553540	90187096	6338	117672	130699.5648	113405	123162.5683	-0.0309842703843821	-0.112156290431298
chr5	90187097	90191365	23	0	476.368	250	450.074	-33.2178615619785	-33.1799539747421
chr5	90191366	90555772	4028	81492	83088.911	77632	78105.522	-0.0178050296848095	0.011329463871966
chr5	90555773	90557502	23	0	482.071	209	441.304	-33.2178615619785	-33.1799539747421
chr5	90557503	90605204	536	9912	11089.8453	9463	10391.079	-0.0255958213009036	-0.122664173594886
chr5	90605205	90608281	36	0	738.03	316	704.445	-33.2178615619785	-33.1799539747421
chr5	90608282	91364177	6268	119286	129521.6441	111910	121436.2409	0.000510993775198796	-0.0794414985382659
chr5	91364178	91370252	16	14	328.183	138	312.964	-3.36825394067645	-4.51167479885759
chr5	91370253	92815607	15484	300894	319211.5806	288996	300982.8843	-0.0252063415210494	-0.0459306786244328
chr5	92815608	92827539	52	859	1056.88	463	1013.701	0.832885924164533	-0.259754569120762
chr5	92827540	108800490	174094	3496579	3620649.3321	3245839	3356379.2722	-0.000570658420747454	-0.01097737998796
chr5	108800491	108803416	39	0	798.678	387	762.754	-33.2178615619785	-33.1799539747421
chr5	108803417	120256689	129545	2655928	2703234.2395	2431698	2489997.1522	0.0101289198439014	0.0138564821458148
chr5	120256690	120257064	5	0	107.301	78	93.0775	-33.2178615619785	-33.1799539747421
chr5	120257065	121469049	7537	148612	158083.6947	136196	143800.4827	-0.00933438407973682	-0.0498109823827435
chr5	121469050	121474807	75	0	1570.89	301	1432.877	-33.2178615619785	-33.1799539747421
chr5	121474808	126889951	66790	1402450	1413377.884	1240709	1267642.3906	0.0212045137006628	0.0281290716676854
chr5	126889952	126890701	10	91	214.124	0	186.604	31.9861922775293	-1.19518108376854
chr5	126890702	126891601	12	229	266.04	211	219.882	-0.155389682747732	-0.176968603417713
chr5	126891602	126892595	13	153	276.845	0	247.301	32.3651535225899	-0.816219838786341
chr5	126892596	130242674	38573	808009	817685.5444	712438	730664.774	0.0206898002408692	0.0221522011463502
chr5	130242675	130250195	89	582	1846.9401	1048	1720.3646	-0.949550998938776	-1.62671904472779
chr5	130250196	132286483	22273	441191	462182.9663	410005	430017.9262	0.00311395705650337	-0.0277337549232429
chr5	132286484	132487913	874	7200	18097.82	11391	16925.359	-0.757035697175456	-1.2904201396217
chr5	132487914	133057251	5369	54417	110523.187	103375	104457.263	-1.00577487513307	-0.982892766024893
chr5	133057252	137797823	48724	1027171	1047464.6957	886613	912438.5098	0.0146169653732314	0.0111017315912384
chr5	137797824	137803929	46	5	958.151	164	890.661	-5.13958113109742	-7.5428541288042
chr5	137803930	137960267	1328	28811	27955.4	26044	25411.1	0.00941991953619592	0.0828197221653684
chr5	137960268	137963680	40	820	865.8978	2078	747.6337	-1.55194560821013	-0.0392458728842841
chr5	137963760	137969945	66	1469	1372.958	3274	1268.11	-1.26940813659115	0.136873877318252
chr5	137969946	138410377	5288	113913	114371.2763	99430	98639.0157	-0.015895789751322	0.0335346013259937
chr5	138410378	138411502	15	8	325.803	123	281.444	-4.15224711223906	-5.30852909805481
chr5	138411503	140256151	21253	442630	456713.2028	381767	397896.8047	0.0159340384836432	-0.00586028633326838
chr5	140256152	140423925	1404	25969	29346.733	22755	27021.2113	0.0729187045318576	-0.137082470608907
chr5	140423926	140431139	28	3	578.846	266	541.429	-6.56530794647997	-7.5527462622635
chr5	140431140	147437896	82771	1752626	1789767.9319	1512086	1542169.1537	-0.000414159560356008	0.00907260634517479
chr5	147437897	147656772	2511	47083	54030.5552	42710	46962.5745	-0.0602122703843937	-0.15924228451081
chr5	147656773	147657597	9	79	189.133	0	171.144	31.9612237869242	-1.22014957436768
chr5	147657598	156377570	103504	2207006	2258842.0132	1857787	1912095.3951	0.00949596776055334	0.00583415603114685
chr5	156377571	156377945	5	54	109.375	0	92.7792	32.2024486312126	-0.978924730132533
chr5	156377946	173707145	193417	4145128	4231825.6345	3519825	3567242.9412	-0.00913837625166486	0.00946344179884259
chr6	0	123769	1366	26568	28108.891	24900	26652.665	0.0182165326477446	-0.0420099329336793
chr6	123770	126156	29	345	605.364	1	564.06	8.32991760682275	-0.771879546743075
chr6	126157	608573	5298	104716	109797.8011	98741	102537.9171	-0.0125115447286647	-0.0290402931854154
chr6	608574	609403	11	140	227.346	0	211.685	32.5212375418824	-0.660135819520592
chr6	609404	736114	1348	27804	28146.7519	25701	25944.6721	-0.00264280150862135	0.0216509776082721
chr6	736115	740646	60	678	1267.33	1205	1142.63	-0.977690503824891	-0.863108083816157
chr6	740647	784057	555	11572	11638.1	10630	10630.3	-0.00675721710582247	0.0311096550908441
chr6	784058	785032	13	118	281.345	0	242.721	31.9671468709841	-1.21422649030925
chr6	785033	7432459	76766	1582122	1621392.9836	1419579	1460201.5947	0.00675085735773022	0.00395402184786248
chr6	7432460	7433156	9	0	187.643	68	172.521	-33.2178615619785	-33.1799539747421
chr6	7433157	10798877	39038	827463	835920.3441	729878	733973.8408	-0.00517797277317726	0.0246563049120333
chr6	10813030	10846166	36	697	797.5446	289	609.7249	0.884101815140854	-0.155079568612233
chr6	10846167	16010398	55125	1115907	1154796.9098	1027842	1055892.4135	-0.00915863416585014	-0.010095380233908
chr6	16010399	17171132	1829	30854	37682.4108	29276	35608.9067	-0.00449465282140104	-0.24910675603216
chr6	17171133	17421107	145	534	3010.3062	249	2812.4821	1.00404705791689	-2.455671619418
chr6	17421108	21671581	44826	891695	927462.2708	845538	868881.7698	-0.0160285924925305	-0.017411292159351
chr6	21671582	21678402	83	793	1737.51	0	1591.38	32.0890718257176	-1.09230153560359
chr6	21678403	21696008	231	5016	4855.67	4522	4413.5	0.0132485638765166	0.0861939456159
chr6	21696009	21699721	49	519	1072.16	0	901.796	32.1739865621185	-1.0073867992208
chr6	21699722	31046010	101970	2143642	2174446.1615	1880878	1923470.2804	0.0131406509429404	0.0187429735492079
chr6	31046011	31059423	22	627	482.088	42	404.3833	3.64785049536394	0.418495898251082
chr6	31059424	40704181	109679	2246203	2289753.7713	2061583	2106329.0552	0.00469352635878734	0.0116228246563934
chr6	40704182	40705150	12	0	246.399	104	236.819	-33.2178615619785	-33.1799539747421
chr6	40705151	44436168	44049	920077	940351.2108	808330	829985.9773	0.00811687217984438	0.00788188958225985
chr6	44436169	44526644	1128	12609	24488.563	20549	20939.8	-0.929055394218451	-0.918327281650029
chr6	44526645	51507905	85012	1788105	1794026.3626	1592081	1617617.2313	0.0196062855774302	0.0345573400140494
chr6	51507906	51508430	7	167	155.044	0	128.362	33.3278707418484	0.146497380344971
chr6	51508431	51565443	642	12048	13555.2049	11065	12199.0932	-0.0278633988460006	-0.130726271651617
chr6	51565444	51567997	8	120	171.251	7	153.179	3.94006117000241	-0.473751032374
chr6	51567998	52198865	7293	149189	152678.5937	134870	139553.5747	0.0173123541917753	0.00597033775909298
chr6	52198866	52204143	70	2	1476.8	696	1331.39	-8.59106527423363	-9.48893166209834
chr6	52204144	91196590	426000	8548827	8829475.7077	8013948	8238531.8211	-0.00530779707580378	-0.00727432044183655
chr6	91196591	91197539	9	46	195.9757	0	165.2009	31.1297313235416	-2.05164203748106
chr6	91197540	105321354	154798	3197567	3273730.2721	2845187	2938935.077	0.0142285274199463	0.0053661023691562
chr6	105321355	105323785	22	1	456.122	195	424.942	-7.70806471156326	-8.79394890680366
chr6	105323786	138272007	371342	7755985	7908553.7973	6885364	7014613.0103	0.000146089053478987	0.0112230880934166
chr6	138272008	139806442	1937	31283	40703.7954	25571	36913.6109	0.151279223216391	-0.340457477740063
chr6	139806443	144703195	39817	788330	826434.8428	722107	768818.4262	0.0237482699546946	-0.0287744282338464
chr6	144703196	144703870	9	96	192.951	0	169.469	32.2135721258145	-0.967801235532811
chr6	144703871	147989969	38418	803731	807444.0293	718364	733727.6349	0.0252994273342806	0.0326774441588808
chr7	794	3445015	16908	337200	360790.1631	291905	318132.5716	0.0279930841034744	-0.0582284936585212
chr7	3445016	10900535	31458	491389	651011.8847	470280	609745.6677	-0.0297113078545582	-0.366491344188237
chr7	10900536	33683876	194592	4010458	4151253.157	3552732	3664332.7893	-0.00373885447533162	-0.0104529366958732
chr7	33683877	33684551	9	103	188.845	0	172.318	32.3461420867553	-0.835231274617511
chr7	33684552	59702314	290193	5869748	6040516.5641	5470091	5590520.8886	-0.00853609878832707	-0.00204638795325193
chr7	59702315	59704641	31	259	660.504	495	586.796	-1.10376530202317	-1.3112882260218
chr7	59704642	76920100	195088	4019066	4122618.6758	3618348	3708380.1809	0.000176619408972758	0.00262621899866825
chr7	76920101	76926247	70	698	1506.05	1371	1312.82	-1.1706107872464	-1.07014375146614
chr7	76926248	77096998	1969	41456	42071.2213	36718	37090.1602	-0.00528437098236101	0.0180741957017861
chr7	77096999	77098652	22	0	475.788	472	410.455	-33.2178615619785	-33.1799539747421
chr7	77098653	85584336	94109	1901305	1950977.5052	1774051	1818620.565	9.31284063624901e-06	0.00211981264612531
chr7	85584337	85598483	12	199	245.8329	19	237.6931	3.34153851047324	-0.265582600504155
chr7	85598484	85929857	3842	76792	78832.1439	73918	75006.3715	-0.0153211710906798	0.00149898640783164
chr7	85929858	85939563	61	327	1291.111	899	1157.572	-1.61512220020737	-1.94192352249419
chr7	85939564	87181225	12713	243874	260605.084	235154	248535.1783	-0.014465688797584	-0.0564022975250942
chr7	87181226	87183441	29	277	589.031	1	572.883	8.07505843411287	-1.04913061266283
chr7	87183442	87741381	5112	101339	104781.2722	97424	100009.5531	-0.00898330672359641	-0.00886441168480125
chr7	87741387	87743708	29	304	601.55	0	560.662	32.2360870022456	-0.945286359106211
chr7	87743709	88068911	2059	40929	42239.9727	39439	40258.9516	-0.014379465724155	-0.00615850950485484
chr7	88068912	88070793	25	285	507.215	0	495.014	32.3890648437455	-0.792308517635092
chr7	88070794	100834614	141352	2874454	2948038.8307	2631228	2718881.8366	0.012228990093808	0.00285939039762726
chr7	100834615	100835023	5	0	100.843	48	97.802	-33.2178615619785	-33.1799539747421
chr7	100835024	116167191	164675	3374652	3461219.4174	3021116	3145458.0358	0.023066257749099	0.00278530958302686
chr7	116168924	116226844	100	1019	2099.885	1786	1918.41	-0.93855787878932	-1.00382929506716
chr7	116226845	117081234	7547	165968	165249.0655	135635	138977.0025	0.0427990409534806	0.0455899659794787
chr7	117081235	117092214	139	4629	2965.78	2626	2616.96	0.638733322930162	0.681615953451165
chr7	117092215	125149592	92535	2028145	2021457.9479	1695532	1707995.8271	0.0167504325144775	0.0440915824581545
chr7	125149593	125153717	53	367	1126.852	1	997.878	8.34569279881693	-1.57911910257962
chr7	125153718	139588389	170559	3557856	3645721.3702	3150353	3209740.1176	-0.00683379944719507	0.00413078926833765
chr7	139588390	139591638	17	125	351.088	23	331.316	2.36001690304563	-1.45057761709268
chr7	139591639	145202346	65289	1407654	1416125.6246	1190027	1211083.4505	0.0180668704412746	0.0306704860997037
chr7	145202347	145204476	21	478	439.261	0	403.969	33.3426325392341	0.161259177729327
chr7	145204477	145280771	852	17342	17750.697	16040	16353.68	-0.0042448239408853	0.00572158937038844
chr7	145280772	145442654	101	3062	2143.1172	968	1912.1304	1.49828488146139	0.554090508672403
chr7	145442655	145481306	49	269	1015.0481	248	947.7899	0.0197765370283347	-1.87654304132997
chr7	145481307	145729228	646	11782	13558.364	9645	12358.3163	0.156449796769061	-0.163271675895504
chr8	510	4283987	38851	761131	799784.0548	735682	756099.7262	-0.0305521122151145	-0.032138763663594
chr8	4283988	4290397	22	550	458.1991	142	426.7484	1.85237119471487	0.302783968001967
chr8	4290398	4322945	196	4021	4022.501	109	3818.76	5.13158515111456	0.0387885308090788
chr8	4322946	4324841	8	261	162.021	77	156.869	1.71591830474054	0.727195964002838
chr8	4324842	4328222	22	444	442.336	7	434.64	5.96315861202258	0.0447439885192009
chr8	4328223	4329114	5	171	103.538	70	96.5277	1.18884343787463	0.763162943682709
chr8	4329115	4339180	63	1285	1292.63	93	1237.66	3.72711888146085	0.0307859537946066
chr8	4339181	4348720	4	100	82.1072	58	77.7616	0.708843747335346	0.323746331313946
chr8	4348721	4420836	18	192	374.529	11	345.9646	4.01249725781419	-0.924644146372405
chr8	4420837	8265120	41090	833417	857662.9061	762212	789407.1041	0.0106243706377682	-0.00204522286892914
chr8	8265121	8266712	7	2	147.096	72	131.812	-5.32678190727289	-6.16128722077124
chr8	8266713	17143184	87971	1801560	1839514.9439	1662068	1688752.9539	-0.00568042398747295	0.00924827847404236
chr8	17143185	17161847	118	615	2469.7144	1012	2258.0683	-0.84638668043438	-1.96635892662499
chr8	17161848	17285329	1201	23464	24797.6284	22636	23290.7247	-0.0371972996482485	-0.0404261999930138
chr8	17285330	17290679	66	670	1365.95	1351	1284.88	-1.09864633554641	-0.988344700267332
chr8	17290680	18117108	6182	121987	127428.7972	115899	120263.0118	-0.00821967187286376	-0.0236369600992317
chr8	18117109	18135974	139	1431	2884.4341	2675	2700.0808	-0.996381554651456	-0.97193765636808
chr8	18135975	21358589	26293	523905	541628.1206	507017	511321.5159	-0.0343814123288983	-0.00867043861050844
chr8	21358590	21367421	35	305	743.142	529	660.551	-0.96300704700812	-1.24550169094306
chr8	21367422	22904066	18966	417307	412760.5524	351875	351023.6621	0.0137286760818111	0.0551309964388896
chr8	22904067	22908851	59	688	1275.36	1159	1109.06	-0.952547830819899	-0.851097094335927
chr8	22908852	118105356	1039848	21603688	22010709.8571	19251274	19741124.9691	0.0107416142367872	0.0123989187983645
chr8	118105357	118106219	11	134	227.939	1	214.328	6.9786810951721	-0.727087813487485
chr8	118106220	131802007	155070	3230481	3329379.6241	2841620	2907094.331	-0.0092207580035544	-0.00417741534573089
chr8	131802008	131985246	2060	21993	43584.0689	38438	39084.2961	-0.961281307361367	-0.947429503361364
chr8	131985247	133306290	14925	318511	314712.7431	279117	283973.6099	0.0436138561553039	0.0566345758095908
chr9	501	86682660	913745	18676409	19188384.319	17032574	17467570.7005	-0.0012142604773984	0.000310822014776051
chr9	86682661	86683035	5	72	101.538	2	99.2742	5.13881536753792	-0.456623962607843
chr9	86683036	101201615	164625	3489894	3512084.6841	3064050	3103954.0134	0.0109423162730325	0.0301825599525179
chr9	101201616	101204025	8	0	166.251	76	154.845	-33.2178615619785	-33.1799539747421
chr9	101204026	101221212	109	2138	2259.37	2008	2105.53	-0.009815147262754	-0.0403317220317615
chr9	101221213	101246227	204	2220	4253.887	3705	3931.293	-0.851272296996466	-0.898895059159455
chr9	101246228	103939179	26319	522163	543294.9929	494628	510733.1108	-0.00959044933547678	-0.0179085434625983
chr9	103939180	103947327	64	897	1332.1205	342	1221.8982	1.26793055080556	-0.531217725981518
chr9	103947328	104609967	6836	136526	141398.1961	128757	132527.4273	-0.00752850751562222	-0.0112610166416419
chr9	104609968	104610793	11	0	228.384	121	210.62	-33.2178615619785	-33.1799539747421
chr9	104610794	110936202	64943	1306399	1348613.2563	1231867	1254551.2407	-0.0181368103259251	-0.00655411796911236
chr9	110936203	110937748	20	302	412.715	79	276.757	1.35951731146456	-0.411270349727287
chr9	110937749	119866831	100197	2078954	2123042.5477	1864043	1899301.5459	-0.00182222583176136	0.00905152656820039
chr9	119866832	119866988	2	39	44.6277	270	36.4492	-3.08204629558683	-0.155138357341431
chr9	119866989	120358723	4961	97264	103151.6389	90124	95439.3887	-0.000696071536548658	-0.04546194002528
chr9	120358724	120360898	29	0	595.142	616	561.74	-33.2178615619785	-33.1799539747421
chr9	120360899	121416511	9757	192883	200776.1966	179901	189898.8079	0.0215847869521532	-0.0185352685765286
chr9	121416512	121417575	7	130	146.949	0	133.533	33.043896417658	-0.137476943816259
chr9	121417576	122086633	5958	118826	123700.7895	108130	115004.8784	0.0323434365279408	-0.0186771908946591
chr10	1186	8661645	85148	1777700	1814853.7384	1574630	1607277.4281	0.00118408256007082	0.00948556945203697
chr10	8661646	8663445	24	275	502.288	0	459.919	32.3516171459448	-0.829756215429001
chr10	8663446	18803219	119225	2561302	2576250.8604	2193998	2222731.0341	0.0117948468746934	0.0309312620700291
chr10	18803220	18806522	43	428	909.522	794	819.698	-1.04012488083319	-1.04817076390633
chr10	18806523	34024616	179517	3636482	3760677.7709	3333258	3439347.7917	-0.00182785229494969	-0.00912228661420954
chr10	34024617	34035708	48	486	981.073	10	933.239	5.5321898919092	-0.974077200708247
chr10	34035709	56008466	249053	5274616	5323117.1176	4592895	4687403.9333	0.0175994671688668	0.0261217331959841
chr10	56008467	56026550	175	2931	3946.65	1695	3100.266	0.443290501476236	-0.389908640304845
chr10	56026551	57042140	12684	272906	275449.858	231698	234859.6208	0.0075868836041679	0.025941368577951
chr10	57042141	57042590	6	0	128.909	72	111.823	-33.2178615619785	-33.1799539747421
chr10	57042591	66090855	101699	2141853	2176260.1844	1848739	1911336.2164	0.0264678224336267	0.0163353931104768
chr10	66090856	66091290	5	0	105.089	92	94.6258	-33.2178615619785	-33.1799539747421
chr10	66091291	66610942	4226	91040	91926.6124	77117	78530.3994	0.0136396734241658	0.0253449552868425
chr10	66610943	66612068	13	0	274.792	263	248.31	-33.2178615619785	-33.1799539747421
chr10	66612069	93134482	309520	6505187	6620228.1424	5680751	5820614.0084	0.0112186625812557	0.0140365687539747
chr10	93134483	93145207	55	348	1177.403	516	1038.641	-0.747775499896039	-1.71912202292072
chr10	93145208	110410565	204664	4349687	4430152.9899	3740415	3809096.7874	0.00122505527118637	0.0128820424483983
chr10	110410566	110412803	29	1	620.609	295	548.548	-8.38121846092728	-9.2382137449234
chr10	110412804	112626397	9569	192367	203507.9221	165899	180589.8705	0.042607543168999	-0.0418966519427612
chr11	797	8860931	89986	1771905	1852041.6128	1701487	1752293.7716	-0.0199473369347207	-0.0244882836009373
chr11	8860932	8862446	19	0	390.359	134	368.062	-33.2178615619785	-33.1799539747421
chr11	8862447	20079742	124064	2482939	2561156.7991	2343328	2408025.8756	-0.00403538539165797	-0.00541978770173942
chr11	20079743	20081848	28	0	584.74	275	536.136	-33.2178615619785	-33.1799539747421
chr11	20081849	40874809	216445	4465037	4558091.7311	4061187	4130694.7801	-0.00385543787060775	0.00956914574334617
chr11	40874810	40878262	46	415	939.35	863	900.316	-1.11606118053255	-1.13922449252289
chr11	40878263	90463331	539470	11096478	11322554.9074	10072660	10319113.287	0.00719597620539915	0.0102292793927641
chr12	322	14848341	131497	2675589	2827843.8124	2362439	2462192.8375	-0.0187598543763784	-0.0405189459467318
chr12	14848342	14848866	7	2	151.786	81	131.565	-5.54469359667046	-6.206567934433
chr12	14848867	15882678	12923	260168	277196.4687	233625	242987.8451	-0.0333564823450074	-0.0521383791650425
chr12	15882679	18148685	27959	619432	615010.5796	508532	512596.5247	0.0232392106312809	0.0496616608245972
chr12	18148686	22597119	22378	416906	477348.2919	372884	421684.7619	-0.0164627800177985	-0.155993187444055
chr12	22597120	22597729	8	88	168.554	2	154.462	5.33489208655446	-0.898308461439395
chr12	22597730	34956111	137572	2849244	2958012.9613	2542978	2575984.5251	-0.0340248666876136	-0.0147222250429094
chr12	34956112	35146890	22	290	457.442	24	420.954	3.47643973145453	-0.618208958159409
chr12	35148306	49092886	154777	3288066	3385226.3452	2807444	2855272.8556	-0.016222281118168	-0.00268606722104375
chr12	49092887	49306971	146	2170	3090.386	825	2774.871	1.24128206171869	-0.470765030024637
chr12	49306972	52716696	41237	891957	901907.595	753893	760582.1447	-0.00184178671812552	0.0233215061483389
chr13	0	28273732	245130	4798318	5060401.3064	4610523	4757804.7671	-0.0299379807862961	-0.0373960527650898
chr13	28273733	28278308	59	591	1232.59	0	1139.48	32.1602373795993	-1.02113598173709
chr13	28278309	30937628	24652	483949	506388.1414	470407	481031.1865	-0.0317483112559983	-0.0260616258685548
chr13	30937629	30938078	6	69	121.427	0	119.073	32.4052793538714	-0.776094007512001
chr13	30938079	33889900	23956	478375	491899.942	472426	467549.7117	-0.0537721018138865	-0.000895914779253763
chr13	33889901	33900790	94	532	1947.904	0	1813.806	31.3482759088472	-1.83309745226192
chr13	33900791	33909395	92	2204	1886.5995	1691	1795.7375	0.312455233620566	0.263663007705333
chr13	33909396	33955505	335	2955	6945.0064	51	6487.8795	5.75970744244327	-1.19349091881409
chr13	33955506	33962089	2	29	45.1774	17	37.4081	0.499686987459549	-0.600221370126567
chr13	33962090	34029634	360	3409	7528.579	15	6920.305	7.70811964672193	-1.1037020116713
chr13	34029635	41811314	87949	1797650	1853490.4768	1643964	1676853.2747	-0.0141354070546061	-0.00480557091616027
chr13	41811315	41812762	18	172	377.658	0	344.369	32.0860285526102	-1.0953448087103
chr13	41812763	41947599	1518	31499	31953.347	28349	28865.932	0.0068283197675564	0.0186659460343566
chr13	41947600	41949672	27	223	567.909	4	519.376	5.67343884250686	-1.30928909056695
chr13	41949673	69869843	317171	6448712	6661950.6236	5874064	6065693.0149	0.000799266276769018	-0.00760664683740216
chr13	69869844	69870487	8	24	167.21	153	154.618	-2.78395880291387	-2.76122784434411
chr13	69870488	69884287	176	3839	3710.084	3145	3344.264	0.139326818583517	0.0886056831860919
chr13	69884288	71472417	19423	396508	414566.1887	351582	366396.3643	-0.00328911904987958	-0.0249255090186269
chr13	71472418	71475250	37	1	791.727	137	692.934	-7.28889777988944	-9.58953215338996
chr13	71475251	84216038	151008	3125138	3176571.0619	2798748	2882343.4353	0.0203296439613349	0.0157765785606605
chr13	84216039	84217088	14	199	300.955	32	210.536	2.12256316485653	-0.557452380437013
chr13	84217089	114025099	343592	7191328	7296720.7434	6398220	6504043.8204	0.00409573717345163	0.0183369468325788
chr14	322	726156	284	2166	5933.2471	2305	5440.7197	-0.213338484260865	-1.41446165002434
chr14	726157	748737	90	1381	1904.596	2377	1721.73	-0.927635286057372	-0.424444713971375
chr14	748738	39839597	418331	8520050	8783755.8863	7785188	7997401.3006	-0.00375727241871798	-0.0046490890228355
chr14	39839598	39847025	18	172	373.1	0	350.301	32.1035465405415	-1.07782682078289
chr14	39847026	47918419	82952	1701531	1739803.8336	1550429	1587117.957	0.00307006869084467	0.00723576165748547
chr14	47918420	48253953	1056	18948	21685.0579	19921	20608.9221	-0.144257351198663	-0.155328743932958
chr14	48253954	62269526	145781	2882547	3015448.0946	2732842	2826749.408	-0.0148669428125519	-0.0257012965370842
chr14	62269527	62270651	15	156	310.668	0	288.564	32.226872718887	-0.954500642463014
chr14	62270652	62365378	1094	20131	22560.8431	19575	21240.4476	-0.0451808952076068	-0.125075168664005
chr14	62365379	62379043	83	611	1716.314	7	1612.234	6.35884063523146	-1.45074225864613
chr14	62379044	62739018	3436	68938	71045.7985	63812	66607.1247	0.0198182504657504	-0.00412291528580401
chr14	62739019	62746444	39	422	805.607	0	755.703	32.2878671155802	-0.893506245781676
chr14	62746445	95453820	351018	7286883	7408139.1041	6536974	6681495.7086	0.00915816401604309	0.0155176122658557
chr14	95519624	95531139	23	390	492.964	137	433.201	1.32427189672045	-0.298681195539932
chr14	95531140	95550871	32	369	673.846	27	609.094	3.62825486329986	-0.829471126509647
chr14	95550872	95572277	126	1058	2601.086	4	2448.897	7.96156120640864	-1.25844749812035
chr14	95572278	97023881	260	2795	5446.2865	2309	4971.0304	0.14527154583608	-0.923097619365836
chr14	97034957	97126354	24	587	492.976	232	465.124	1.25675305598539	0.291170065312974
chr14	97126355	100189886	30969	615335	639698.4867	582669	601101.2719	-0.00966911234436237	-0.0166930413113557
chr14	100189887	100190486	8	27	170.679	131	150.76	-2.45614797473348	-2.62092727556379
chr14	100190487	101960846	9523	189127	199197.8486	172724	182406.2025	0.00525888799187458	-0.0355197527570439
chr14	101960847	101989322	29	300	590.8052	32	565.8106	3.16787475545075	-0.938393048970687
chr14	101993268	102173977	45	685	945.644	415	862.8455	0.592217129291038	-0.425866202029759
chr14	102173978	102218126	51	481	1072.828	13	974.0491	5.07152034844394	-1.11798302253542
chr14	102218127	113291148	124252	2545625	2613824.4607	2304965	2371525.3575	0.00434749072817722	0.00118462767766265
chr14	113291149	113293623	33	315	686.376	567	639.198	-0.949313733422324	-1.08432030501461
chr14	113293624	113736676	3799	73696	78918.1393	67877	73367.1582	0.014860364263244	-0.0594436506523735
chr14	113736677	113740969	57	647	1197.85	0	1086.43	32.3320906942255	-0.849282667144688
chr14	113740970	114798297	12075	248883	252277.7424	222607	231685.4902	0.0395428845513591	0.0197817365134317
chr14	114798298	114802065	44	445	926.4666	0	838.4137	32.1627667051829	-1.01860665615405
chr14	114802066	115493372	7489	151127	155354.3446	137034	144580.494	0.0389572660226482	-0.000474181699490706
chr15	0	6108368	55676	1155731	1180595.6652	1020298	1055020.6245	0.0189907006909892	0.00861766965683357
chr15	6108369	6108968	8	0	165.463	89	154.287	-33.2178615619785	-33.1799539747421
chr15	6108969	21033563	168458	3455636	3541467.4993	3139718	3216544.9239	0.000900195218932281	0.00393093078861551
chr15	21035990	23306363	510	6096	10681.2635	4567	9734.834	0.28418146769642	-0.769820532990083
chr15	23306364	30112532	61811	1277100	1308970.0186	1153768	1172571.2282	-0.0108187637566543	0.00376641688578225
chr15	30112533	30985145	750	11833	15641.1882	11324	14424.5629	-0.0519708938878096	-0.363207254368817
chr15	30985146	31950404	520	7059	10872.8541	7475	9954.18	-0.208546685063295	-0.583867993565757
chr15	31953379	61981245	318101	6659645	6742873.8602	5895066	6029814.6797	0.0161067500850937	0.0214086398745793
chr15	61981246	61983081	24	0	519.956	197	445.813	-33.2178615619785	-33.1799539747421
chr15	61983082	86827848	271510	5349410	5600969.7307	5120104	5275221.9988	-0.0218187690612691	-0.0269698754804851
chr15	86827849	86828523	9	0	191.554	86	169.426	-33.2178615619785	-33.1799539747421
chr15	86828524	95309262	94151	1887239	1951252.5672	1790095	1821283.3784	-0.0217847464420319	-0.00879641858246302
chr15	95309263	95310312	14	3	289.571	143	271.288	-5.6675813348369	-6.55348382741253
chr15	95310313	97728474	26920	530071	553169.5995	514197	525142.0644	-0.0297303036884447	-0.0222092848763664
chr15	97728475	97729435	11	0	226.597	97	214.589	-33.2178615619785	-33.1799539747421
chr15	97729436	105433378	87534	1755720	1825400.4487	1638791	1683752.5978	-0.015682523482833	-0.0168232327818702
chr15	105433379	105437135	50	601	1062.37	0	947.386	32.3988509193487	-0.782522442033641
chr15	105437136	106498168	13291	278277	283360.424	249120	250549.2208	-0.016444014795184	0.0132103710772458
chr15	106498169	106521936	311	3433	6742.513	0	5782.258	32.2468837949913	-0.934489566362666
chr15	106521937	109985517	28835	607472	612260.6753	530177	545474.5294	0.0311290232444933	0.027998863219093
chr15	109985518	109998201	51	773	1064.6117	358	982.7805	0.996542024289476	-0.422460032976816
chr15	109998202	110183669	2211	45159	45724.1074	41735	42809.4533	0.0201495603156983	0.0213855069543865
chr15	110183670	110184119	6	142	122.013	3	118.385	5.52265542611424	0.258183034587737
chr15	110184120	111239624	9808	197189	201910.3757	186122	190947.8851	0.00421375828180627	0.00519099959081316
chr16	17697	30619840	316237	6539495	6695911.4243	5834291	6000131.8883	0.00775504069020154	0.00522576136346116
chr16	30619841	31102155	136	2033	2849.9365	1352	2608.2752	0.462100772465319	-0.447992585144982
chr16	31102156	64896286	353114	7103743	7350420.5687	6609166	6802256.6666	-0.00628281158675237	-0.00992043599908646
chr16	64920676	64933865	75	9407	1537.42	941	1466.52	3.25477286782661	2.65255033705192
chr16	64934998	64978895	77	6451	1591.7391	1002	1494.2433	2.59687088404532	2.05824590612765
chr16	64978896	64984693	31	2067	637.5713	551	606.8558	1.8376006097066	1.73620676933831
chr16	64984694	90668716	285543	5879368	6035722.5992	5317922	5428423.7517	-0.0067753054121388	0.00146155446017454
chr17	1115	21080573	233319	4860525	5004223.2693	4273880	4379606.2107	-0.00535986401297196	-0.00270703209323954
chr17	21080574	21081773	16	171	342.516	0	301.611	32.2185252784083	-0.962848082940089
chr17	21081774	48010065	280979	5739794	5901792.1632	5194272	5368060.6137	0.00874462943346485	-0.000827181801986321
chr17	48010066	48283895	352	6399	7280.468	6877	6816.9843	-0.197411023982215	-0.14685775142896
chr17	48283896	75966635	287768	5840812	6021324.6203	5346278	5516616.4955	0.00275627084085197	-0.00458497442831533
chr17	75966636	75967173	7	89	148.887	2	134.082	5.32605059093223	-0.703013575599966
chr17	75967174	88135728	138202	2824756	2914179.9627	2561743	2631032.4994	-0.0050410106714758	-0.00563674412609485
chr17	88135729	88136253	7	0	145.225	73	134.894	-33.2178615619785	-33.1799539747421
chr17	88136254	89385792	14283	291586	298058.3847	266088	274326.2975	0.0137353605224051	0.00765346865843249
chr17	89385793	89463173	212	2302	4475.8413	670	3997.448	1.61899460213484	-0.919944075670342
chr17	89464669	89642016	1710	31586	35742.1649	29430	32889.3523	-0.0165893312394784	-0.139014798568097
chr17	89642017	89653336	99	1983	2025.9115	1962	1932.1103	-0.0516146729890023	0.00844049907865875
chr17	89653337	89659072	32	436	683.413	3174	604.01	-3.04066795619229	-0.609102581862369
chr17	89659073	90616851	8031	165420	167697.2769	149300	154222.6005	0.028493832272213	0.0196013851212495
chr17	90616852	90617165	4	2	87.3546	75	75.8578	-5.43098544171179	-5.40948479037798
chr17	90617166	90843705	2871	60436	60833.0249	52755	54449.6322	0.0375872893429926	0.0298804086544946
chr18	0	19472190	208298	4207030	4364002.0621	3868567	3989819.1191	-0.00690620833442093	-0.0135227032017652
chr18	19472191	19476485	37	0	757.609	399	720.368	-33.2178615619785	-33.1799539747421
chr18	19476488	19504266	278	4748	5751.137	4857	5383.446	-0.126643416972545	-0.237200295832312
chr18	19504267	19504890	8	0	166.262	68	153.695	-33.2178615619785	-33.1799539747421
chr18	19504891	54524786	377582	7752732	7901519.0497	7107265	7237902.9801	0.000271423041564764	0.0119017334078133
chr18	54524787	54529551	62	641	1291.1	0	1199.43	32.2104958512114	-0.970877510135376
chr18	54529552	61798643	81286	1714811	1726407.0184	1523708	1538862.7153	0.00597440621325547	0.0296039160613708
chr18	61798644	61799384	9	91	190.402	2	171.06	5.35466782694175	-1.02578320806863
chr18	61799385	67884617	71704	1450878	1502822.1307	1326398	1371861.061	-0.000708027622842312	-0.0114210796453083
chr18	67884618	67895607	20	3	418.137	89	381.555	-5.02143621695966	-7.08354240467464
chr18	67895608	76937529	97559	2033034	2075976.7511	1809916	1843286.6596	-0.00237884956824643	0.00917102994896142
chr18	76937530	76939329	24	1	518.453	189	449.152	-7.76783245666938	-8.97874234928631
chr18	76939330	77216193	2359	51216	51532.4415	43115	43671.9334	0.0110495449590969	0.0304406102693025
chr18	77216194	77217318	15	1	333.973	125	271.915	-7.26094061005171	-8.3442606403981
chr18	77217319	84894801	83368	1716125	1760476.701	1548832	1586960.208	-0.000306817863464358	0.00251548070791312
chr18	84894802	84896532	23	423	471.611	0	447.542	33.0637606305411	-0.11761273093537
chr18	84896533	84990541	1185	24043	24324.6812	22618	23154.8637	0.0184593116655121	0.0225229987867428
chr18	84990542	84991066	7	175	141.667	0	138.524	33.5255515227246	0.344178161204115
chr18	84991067	86399797	15865	315511	327232.4831	293349	308138.746	0.0197557522956589	-0.013298687534199
chr18	86399798	86403308	41	0	847.726	377	794.441	-33.2178615619785	-33.1799539747421
chr18	86403309	88201446	12508	243356	257545.5345	227837	243508.5679	0.0156306856758501	-0.0424322065201289
chr19	0	25563482	280959	5796823	5941133.902	5246796	5339196.541	-0.00887052341197586	0.00385110482188201
chr19	25563483	25564778	17	0	378.688	199	305.684	-33.2178615619785	-33.1799539747421
chr19	25564779	26359988	8905	194248	195173.7171	158902	163257.9486	0.0335762961496033	0.0324679321304223
chr19	26359989	26360588	4	1	79.9923	125	79.0567	-6.98133827837025	-6.28246224313471
chr19	26360589	28561082	4321	69556	90705.5712	64058	82565.838	-0.0154305810004555	-0.34368922142786
chr19	28569676	28629640	12	45	254.1396	172	226.3781	-2.09987906707399	-2.45829731196302
chr19	28634678	62275498	384310	8059611	8228191.8882	7101374	7222688.6505	-0.00400805227702475	0.00946174343187313
chr20	747	4008	7	277	143.369	15	136.006	4.13220814377522	0.989479839837582
chr20	44287	193552	274	3399	5868.96	2330	5122.6437	0.349983468428488	-0.748667539175166
chr20	193553	452023	2538	47111	52825.8145	44885	48895.0067	-0.0403060186894978	-0.125852176726522
chr20	452024	521314	186	2196	3843.569	19	3603.378	6.76105761772019	-0.768241539324136
chr20	521315	814764	2302	47308	47673.4017	42455	44581.1142	0.0608171872222066	0.0282265733184505
chr20	814765	815332	6	70	124.463	0	114.505	32.3904102371116	-0.790963124269172
chr20	815333	4034151	22598	455140	483230.3198	387123	424561.8641	0.0482015558606848	-0.0470736204678914
chr20	4034152	4044844	122	2087	2622.08	1041	2284.43	0.806002451327115	-0.289954128233005
chr20	4044845	4046353	20	233	440.149	4	339.599	5.49144573991944	-0.878335060767293
chr20	4046354	4047628	17	318	376.905	232	313.181	0.189117103305509	-0.205847194026351
chr20	4047629	4048153	7	123	160.97	13	120.058	2.82043387462972	-0.348806548243262
chr20	4048154	4065577	209	2281	4427.92	11	3954.98	7.53447968989614	-0.917635735871365
chr20	4065578	4071972	84	1131	1830.81	740	1559.831	0.382328791669424	-0.655556173471535
chr20	4071973	4073547	21	210	453.168	28	393.318	2.70396020219831	-1.07032968796972
chr20	4073548	4277401	2226	43948	47939.0575	37967	41756.9137	0.0132844309310032	-0.0860770588235246
chr20	4277402	4281483	28	223	616.483	4	518.757	5.55331705528145	-1.42769042705871
chr20	4281484	5381207	8195	172898	181861.9588	136328	148027.3846	0.0472789617209429	-0.0335956420639425
chr20	5381208	5388624	25	5	538.779	91	452.724	-4.43550898656637	-6.71229472515223
chr20	5388625	5497967	992	20267	22145.6088	15561	17796.0526	0.0671537718689949	-0.088561132997946
chr20	5497968	5498492	7	0	158.312	71	127.337	-33.2178615619785	-33.1799539747421
chr20	5498493	15655087	108808	2320508	2380834.0271	1957570	2005158.2978	-0.000954754775854478	0.0023005946807721
chr20	15655088	15655687	8	8	168.399	72	152.066	-3.31569156364088	-4.35641278391257
chr20	15655688	20868256	61768	1238408	1302585.3926	1144742	1176750.8689	-0.0316854345826057	-0.0335642826821719
chr20	20868257	20868631	5	130	105.217	3	95.1354	5.29351104841519	0.344470776576511
chr20	20868632	21013488	1573	31688	33407.8739	28624	29724.8437	-0.0203882467765632	-0.0369245908540297
chr20	21013489	21014014	7	125	145.358	1	135.721	6.86823714244857	-0.178355405402217
chr20	21014015	21026590	161	3391	3398.3412	2968	3061.9383	0.0432535820468136	0.036207049485185
chr20	21026591	21028126	10	226	203.802	39	196.6	2.48429124204152	0.188481537518411
chr20	21028127	32993911	137695	2844620	2922787.6607	2552683	2608482.4893	-0.00649333457576898	0.000217894776692124
chr20	32993912	33002699	28	287	571.262	526	543.74	-0.943828278229527	-0.9537748545993
chr20	33002700	35572835	24433	489598	512745.1904	441702	466995.8417	0.0151113362782522	-0.0273174152091077
chr20	35572836	35575820	37	3	764.084	808	725.316	-8.14695113061964	-7.95329792863981
chr20	35575821	36982749	15451	307646	318324.113	288797	300198.8117	0.00805668719872381	-0.00989823594580337
chr20	36982750	36984699	26	0	549.97	69	498.721	-33.2178615619785	-33.1799539747421
chr20	36984700	36997924	169	3292	3481.57	3167	3288.836	-0.0248941060341434	-0.0414467202930685
chr20	36997925	37000518	31	213	647.657	557	594.757	-1.50833412556143	-1.5650495571457
chr20	37000519	56205872	215354	4322913	4512714.3136	3988553	4125649.8695	-0.0118163190632935	-0.0226646726367506
chrX	598	38341651	351590	7052686	7326083.5837	6558674	6763769.7683	-0.00902657932195174	-0.0155423772388728
chrX	38341652	38346652	53	2639	1113.1572	907	1018.522	1.41405607994852	1.28466098047321
chrX	38346653	39068206	7511	150608	155876.9435	139914	144895.0289	0.00227801556311573	-0.0102821684900188
chrX	39068207	39070083	25	221	523.363	0	477.162	31.9769347710709	-1.20443859022475
chrX	39070084	39097245	328	6592	6734.36	6297	6396.4304	-0.00680286612475342	0.00850237114194382
chrX	39097246	39103001	23	227	475.37	1	450.222	7.74955350523486	-1.02703158754239
chrX	39103002	39642854	4725	93821	97274.5825	89686	91921.6026	-0.0152114653099787	-0.0128250309030885
chrX	39642855	39644939	27	271	551.228	0	528.246	32.1963440147717	-0.985029346572181
chrX	39644940	52315596	119059	2348168	2454677.6578	2270778	2314905.231	-0.0348121057334498	-0.024670981596416
chrX	52315597	52317235	21	184	443.989	395	400.293	-1.25019504634004	-1.23149119292603
chrX	52317236	53555472	14085	290210	288799	277558	275159	-0.00407288605673068	0.0463584599076521
chrX	53555473	53565879	47	533	976.516	940	903.401	-0.929383008585039	-0.834181175166585
chrX	53565880	55847398	21425	420705	443132.1556	401105	415125.5754	-0.0239408004414244	-0.0356010802086141
chrX	55847399	55850867	44	1815	902.783	901	861.143	0.94366350111441	1.04684536542633
chrX	55850868	63559811	77755	1530348	1603245.8071	1478350	1512482.3945	-0.032786008536346	-0.0278089018726678
chrX	63559812	63594080	267	6401	6094.4906	7526	4641.7767	-0.624995112658042	0.110118642759698
chrX	63594081	112386400	463023	9078901	9580791.0733	8627597	8971092.2117	-0.0198828734340942	-0.0383001380210873
chrX	112386401	112394903	71	1727	1618.297	1951	1185.9689	-0.622936534368911	0.133118652637533
chrX	112394904	131862575	192143	3829327	3976708.0715	3611458	3719892.5679	-0.0103848452798064	-0.0151568217358913
chrX	131862576	131891630	201	3532	4114.384	4908	3929.278	-0.539642724095315	-0.180864131181313
chrX	131891631	150611837	174381	3439399	3611169.1104	3271100	3375317.6126	-0.0236427057266984	-0.0309825180720857
chrX	150611838	150631024	75	3762	1553.3055	742	1452.0083	2.24613624060556	1.31548521999144
chrX	150631025	159969947	80302	1610248	1672594.5777	1496734	1545776.5116	-0.0068716027054647	-0.0154779167799885
