chrom	start	end	binNum	tumor	tumor_expect	normal	normal_expect	log2.copyRatio	log2.TumorExpectRatio
chr1	987	1104264	1009	14524	22222.5871	13334	19448.7377	-0.0658478383894918	-0.572520340364996
chr1	1104265	1357075	591	8176	13460.9786	5325	11243.2406	0.362061511508522	-0.678248588910566
chr1	1357076	24827371	256010	5613234	5747872.7833	4748815	4901291.2879	0.0145716256239154	0.00687167713873853
chr1	24827372	25034385	227	773	5266.1771	1041	4265.0031	-0.730465780585642	-2.72714811362235
chr1	25034386	31272479	52461	1119539	1146911.6046	993771	1014800.7273	-0.0014650871427602	0.0062181888923469
chr1	31272480	31385444	126	1189	2792.545	10	2424.836	6.69308473567583	-1.19076420779647
chr1	31385445	31518619	1298	29018	28753.765	24796	25003.826	0.0284118918636281	0.0542648202159058
chr1	31518620	31522345	48	510	1040.62	987	932.395	-1.10780978603015	-0.987806582062733
chr1	31522346	38402109	75344	1756305	1740814.9797	1406000	1425675.4621	0.036002760106634	0.0538481348652566
chr1	38402110	38428910	227	4088	5081.1136	5538	4347.4785	-0.659762465136937	-0.272681917067245
chr1	38428911	51387805	133914	3007695	3071374.5022	2472004	2541786.2141	0.0131086737585421	0.0108414462745583
chr1	51387806	51388984	15	179	347.757	36	286.279	2.0364062835408	-0.917052361550439
chr1	51388985	54554995	33950	774281	792338.3688	630420	640139.8121	-0.00801247523380855	0.00780818025118363
chr1	54554996	54556368	7	72	151.898	0	136.829	32.1454201047451	-1.03596645667127
chr1	54556369	54969502	1084	21079	24263.519	18819	20796.2138	-0.0556782346144724	-0.161914771152304
chr1	54969503	54978712	28	101	635.452	0	530.622	30.5690263076399	-2.61236025317321
chr1	54992873	61509137	55242	1164126	1235025.3003	1006472	1059177.65	-0.00848261250462422	-0.0442257729502998
chr1	61509138	61511611	30	317	654.949	1	580.317	8.13697078701463	-1.00583212388829
chr1	61511612	62959225	12591	258209	273444.7297	238719	244237.6805	-0.0465643539346976	-0.0416423629955442
chr1	62959226	62995159	37	705	815.781	91	711.645	2.75983385877673	-0.169491042916142
chr1	62995160	63000821	18	374	376.063	0	352.587	33.2145180677665	0.0331315061908243
chr1	63000822	63010649	3	59	63.9427	47	59.2332	0.220853780620925	-0.0749971032663718
chr1	63010650	63097769	173	1674	3656.659	78	3388.57	4.31700528540448	-1.08615896116182
chr1	63097770	63102473	53	1337	1135.2	901	1034.6	0.438700274956496	0.277120576787964
chr1	63102474	63132023	153	1311	3323.92	0	2968.832	31.8802361932376	-1.30115036811735
chr1	63132024	63708716	1099	22839	23835.0791	20104	21349.9939	0.0283393707347192	-0.020519323266359
chr1	63708717	63711056	21	248	494.521	1	392.363	7.62352668676766	-0.954624060168517
chr1	63711057	63714502	20	334	478.486	226	372.519	0.205535845786086	-0.477561004929263
chr1	63714503	63720208	71	864	1646.923	65	1343.303	3.44170456035324	-0.889602281563834
chr1	63720209	63722383	29	459	667.921	154	549.754	1.2978457425127	-0.500115714889167
chr1	63722384	63748026	153	3124	3527.9374	2174	2897.6566	0.242277401684173	-0.134362902439621
chr1	63748027	63757691	22	290	505.195	45	419.056	2.42153189983172	-0.759719854363484
chr1	63757692	63769750	127	2887	2898.77	2364	2414.44	0.0277620341845494	0.0351978447156676
chr1	63769751	63777516	37	400	856.512	10	699.854	5.03368183003704	-1.05740585300369
chr1	63777517	63788884	88	1150	1957.5119	97	1691.2166	3.35971888439893	-0.726319610735762
chr1	63788885	63830461	28	315	615.948	47	541.95	2.56314357931997	-0.926389125194598
chr1	63830462	63831591	15	281	334.649	232	285.246	0.0491764961746652	-0.211010966876998
chr1	63831592	64123901	142	1714	3218.165	564	2709.4428	1.35853115284179	-0.867803581564059
chr1	64123925	65094497	7823	174106	180751.0065	142467	147960.8089	0.0037227695045283	-0.0129701531926873
chr1	65094498	65111385	90	928	1965.432	5	1745.482	7.36800509760394	-1.04158213375808
chr1	65116738	65187901	378	7117	8291.7343	6871	7293.5435	-0.131131611211702	-0.179337045645103
chr1	65187902	65197843	27	349	550.945	7	535.061	5.60069658412096	-0.617613661528698
chr1	65197844	65238148	3	84	61.6323	63	59.3368	0.363451212296745	0.48777030300146
chr1	65238149	65239642	15	118	313.671	2	294.67	5.79566428252656	-1.36939768734137
chr1	65239643	65254724	81	1577	1711.733	1210	1585.9268	0.275217330291986	-0.0772074184093732
chr1	65254725	65292422	224	2375	4799.14	133	4368.48	4.02595806211752	-0.973780780333363
chr1	65292423	65370926	327	6409	7084.6732	5835	6356.3959	-0.0179524900001045	-0.103534430647198
chr1	65370927	65420838	19	125	396.61	3	372.45	5.29332069317684	-1.62472535259467
chr1	65420839	65731111	2693	63011	63109.5579	48898	50475.3986	0.0467233478003202	0.0388127947014937
chr1	65731112	68577480	16687	334711	365357.5826	307589	322611.6903	-0.0544251588249255	-0.0853255785382718
chr1	68577481	68581141	48	510	1026.16	0	938.195	32.2137676245757	-0.96761893685479
chr1	68581142	70324370	9591	207866	217089.3916	178223	182997.7568	-0.0213197766197686	-0.0215678219955271
chr1	70324371	70326579	29	320	642.753	0	562.596	32.2162616338364	-0.965124927594634
chr1	70326580	71489945	6661	145880	153839.8566	120616	126001.5464	-0.0104538566598504	-0.0355796123158712
chr1	71489946	71502095	64	1232	1475.3869	491	1208.8646	1.04293987683173	-0.219023469145664
chr1	71502096	79146774	55814	1205289	1278717.8912	1002083	1057693.3626	-0.00422625720430726	-0.0442512959079253
chr1	79146775	79149249	33	392	774.615	610	621.895	-0.951590790224958	-0.94155817827409
chr1	79149250	91462190	116347	2739093	2776298.7583	2119968	2164489.4906	0.0136929516222555	0.0216030312733293
chr1	91462191	91462565	5	51	109.239	1	65.7369	4.94288586756208	-1.05785125424885
chr1	91462566	97687380	59394	1355497	1384595.3492	1108881	1119896.3548	-0.0132086003675012	0.0104251187633431
chr1	97687381	97694760	82	2415	1831.84	1634	1577.28	0.350933717012959	0.439797296550305
chr1	97694761	97697849	40	481	850.903	1	783.132	8.79332701031771	-0.781890179042211
chr1	97697850	99576405	13928	298097	314600.2203	255845	265918.6743	-0.0188495500935787	-0.0366702187565165
chr1	99576406	99582830	85	2221	2029.54	3132	1592.11	-0.842914359072602	0.171124224514575
chr1	99582831	116496957	172270	3797447	3917798.25	3188740	3277762.4939	-0.00211520741021213	-0.00394567140514691
chr1	116496958	116502790	66	778	1499.43	1202	1255.38	-0.880711659413578	-0.905504506069181
chr1	116502791	124296749	38059	731856	823027.6209	672768	739622.5293	-0.0295277333643566	-0.128313430830951
chr1	124296750	124301488	63	2033	1341.73	1318	1233.46	0.50704961121467	0.640583437749801
chr1	124301489	139170204	171876	3812193	3913687.8769	3188624	3271759.501	0.00239839285701154	0.00316006312188171
chr1	139170205	139446482	3019	59043	65530.867	56182	58592.2824	-0.0866327070875655	-0.109340986179826
chr1	139446483	146884064	85147	1954244	1981930.0507	1570106	1605514.2678	0.0150513065876055	0.0207721686208843
chr1	146884065	148463935	3077	49128	68839.3986	43833	58539.3168	-0.0661272810257937	-0.445621379508236
chr1	148463936	148627503	93	508	2401.189	834	1532.0353	-1.36034509285331	-2.19978095547725
chr1	148627504	148651545	179	2357	4580.1308	1892	3126.7615	-0.230506732153803	-0.917369434978531
chr1	148651546	148663297	42	406	1083.074	973	702.4938	-1.88236127794581	-1.37451257842578
chr1	148665444	164327988	158976	3443957	3530474.4879	2988081	3057065.7789	0.000306595180052187	0.00527264424838032
chr1	164327989	164329321	17	236	381.015	1	324.918	7.65604409461788	-0.649993330052552
chr1	164329322	168128432	45422	1068627	1059872.4277	839702	854794.7938	0.0407416656508551	0.0529353556280943
chr1	168128433	168133767	62	709	1380.23	0	1192.87	32.2614030039018	-0.919983557538132
chr1	168133768	179150073	116955	2628509	2660799.5847	2180996	2227148.1417	0.0157684447656693	0.0234524320285883
chr1	179150074	179791298	233	1292	5040.3357	772	4537.5709	0.594506896485421	-1.92284614797979
chr1	179791299	181370023	946	8972	20567.0116	9572	18285.4797	-0.259851267799626	-1.15576305296143
chr1	181370024	182953304	1184	16640	25663.2476	14842	22938.7604	0.0062268204117866	-0.58398071086963
chr1	182953305	183115484	68	1157	1520.007	530	1307.082	0.911769502005023	-0.352621497263639
chr1	183115485	215003458	340235	7871683	7919999.6826	6287128	6416824.4379	0.0238033460742711	0.0322393565777337
chr1	215003459	215004133	9	0	196.494	75	174.001	-33.2161077302812	-33.1782133431283
chr1	215004134	215451956	3039	66209	71961.0686	51668	56755.4999	0.0184731124607761	-0.079121663940105
chr1	215451957	215453375	18	0	410.867	185	340.585	-33.2161077302812	-33.1782133431283
chr1	215453376	215453900	7	165	161.567	126	131.643	0.096713760464412	0.0714010721075127
chr1	215453901	215465787	143	8	3279.66	1301	2716.09	-7.61424697420444	-8.63826287920762
chr1	215465788	233200861	177090	4116844	4142336.7361	3237988	3328460.8489	0.0340247227549727	0.0321615504541786
chr1	233200862	233203420	34	390	771.082	0	647.887	32.2390440010765	-0.942342560359035
chr1	233203421	238922228	64839	1393151	1436266.0719	1209254	1248268.9066	0.00501326643644446	-0.00290379454490847
chr1	238922229	238924256	27	0	625.263	304	513.842	-33.2161077302812	-33.1782133431283
chr1	238924257	273772362	355450	8034266	8094696.0279	6689668	6763685.6108	0.00823752892386879	0.030256927637823
chr1	273772363	273773575	16	3	374.752	140	302.761	-5.84890408998474	-6.92376224294565
chr1	273773576	277933667	51296	1200106	1202820.2015	958504	964579.8927	0.00903033737791538	0.0378084407046341
chr1	277933668	277934717	14	14	335.176	180	262.086	-4.03620351282288	-4.54035250826934
chr1	277934718	282763000	50508	1137798	1166957.2531	931267	955847.5061	0.00425156961704768	0.00456034155724321
chr2	0	5687042	37357	804527	816903.0112	717627	722333.125	-0.00942058346356784	0.0190436435757825
chr2	5687043	5692478	34	376	731.975	0	658.909	32.2613924540727	-0.919994107367209
chr2	5692479	6036545	3443	74718	75092.135	69221	66632.7519	-0.0590110596476721	0.0338616337270651
chr2	6092261	6093389	15	149	333.399	0	287.426	32.0605167210554	-1.1208698403426
chr2	6108381	14548646	86224	1838590	1874501.0692	1667271	1672206.095	-0.0204695847667772	0.013160756356719
chr2	14548647	14552065	42	304	921.389	597	810.821	-1.15491330891627	-1.55867144458279
chr2	14552066	14630809	784	16356	16765.4887	15592	15293.9731	-0.0603441045369937	0.00539303676938492
chr2	14630810	14631563	10	186	211.969	0	195.969	33.0339034995603	-0.147483061996071
chr2	14631564	19192565	49538	1015985	1066177.6556	937131	964740.5024	-0.0245053293869026	-0.0285011440424996
chr2	19192566	19194729	28	0	631.001	297	537.61	-33.2161077302812	-33.1782133431283
chr2	19194730	28383474	100409	2236470	2306632.9971	1844605	1904416.9184	0.00464558334266457	-0.00349746643651879
chr2	28383475	28383924	6	0	143.536	71	111.976	-33.2161077302812	-33.1782133431283
chr2	28383925	28722265	4208	98717	98618.4897	81014	79016.9659	-0.0313951788526137	0.0425079989308266
chr2	28722266	28724020	23	2	527.714	234	436.289	-7.14166363887739	-8.00254480401099
chr2	28724021	29190609	4610	100611	104714.4316	83162	87886.0814	0.0252112267059375	-0.0166046338623129
chr2	29190610	29195078	51	6	1198.904	282	957.252	-5.87616109291274	-7.60147029163248
chr2	29195079	29214301	190	3973	4333.9003	3453	3619.1286	-0.0544719147425063	-0.0843695657434055
chr2	29214302	29226693	148	0	3415.397	251	2805.585	-33.2161077302812	-33.1782133431283
chr2	29226694	34936033	67099	1499454	1526386.5461	1248913	1278372.1602	0.0111250363238769	0.0153845097325106
chr2	34936034	34937308	17	177	377.414	0	327.516	32.1300555877296	-1.05133097368355
chr2	34937309	47804786	126291	2753064	2830185.9493	2345966	2419674.3573	0.00794531898530322	0.00120890996136269
chr2	47804787	47805548	8	4	172.785	66	155.26	-4.19551268390741	-5.39176655591856
chr2	47805549	50560024	30569	638305	666299.8589	576287	592142.5766	-0.0195953051228974	-0.0208580333727567
chr2	50560025	50561643	13	0	272.918	254	253.262	-33.2161077302812	-33.1782133431283
chr2	50561644	52404049	20768	437708	453184.3003	391732	402166.0117	-0.0090317361897724	-0.00906152433857453
chr2	52404050	52409079	60	0	1362.85	1137	1146.87	-33.2161077302812	-33.1782133431283
chr2	52409080	52662609	2272	53654	51777.4739	46550	43186.8375	-0.0536551257590399	0.0924287550369245
chr2	52662610	52664198	6	5	140.342	286	112.477	-6.15408682013253	-4.76980731246801
chr2	52664199	52712152	22	546	510.5067	859	415.2708	-0.948461425469573	0.138038661557226
chr2	52712153	52723169	60	1183	1419.638	1074	1123.288	-0.195165930253393	-0.22200541760895
chr2	52723170	52742630	71	1009	1613.4636	1680	1350.1651	-0.989387037806095	-0.636167250338051
chr2	52742631	52779918	67	1688	1574.358	1233	1264.2945	0.139884242744073	0.141618871177821
chr2	52779949	52806548	67	907	1593.3364	875	1254.2789	-0.290199962040636	-0.771808832352239
chr2	52809375	52824328	37	783	832.9074	1482	704.7964	-1.15823757122522	-0.0480761968374825
chr2	52835147	52971799	1120	25942	25738.266	21474	21239.2718	-0.00130858079114378	0.0524424526860392
chr2	52971800	52989887	45	58	986.3895	423	860.7831	-3.059867327662	-4.04696502895207
chr2	52989888	53387421	4389	92009	97462.7508	79729	84357.9709	0.00151708369193926	-0.0420083485217902
chr2	53387422	53389395	25	1	535.951	275	486.839	-8.23877090789819	-9.02488961319619
chr2	53389396	76070530	246041	5130275	5369200.1883	4635318	4765270.412	-0.0226080486046134	-0.0246034290507723
chr2	76070531	76074806	57	1257	1216.72	541	1117.45	1.09667044549469	0.0880550523314975
chr2	76074807	92248406	155001	3185393	3425706.8457	2794858	2986540.9758	-0.00605657195747263	-0.0638627154809438
chr2	92248407	92250066	16	7	365.38	194	304.764	-5.05108986781303	-5.66483132099981
chr2	92250067	105689710	140130	2942130	3074528.5703	2631090	2707639.6547	-0.0189558477695762	-0.0224366128871064
chr2	105689711	105701010	59	550	1286.264	976	1136.472	-1.00290095029624	-1.18461565000431
chr2	105701011	133356490	283053	6063989	6296538.924	5289841	5439439.5755	-0.0108850125723903	-0.0132242847637524
chr2	133356491	133359972	5	0	112.137	113	96.7042	-33.2161077302812	-33.1782133431283
chr2	133359973	135528374	18368	371782	392527.3906	353905	358657.6903	-0.0559177663414863	-0.0372687998305774
chr2	135528375	135549178	272	0	5761.64	5469	5346.02	-33.2161077302812	-33.1782133431283
chr2	135549179	135549778	8	141	169.948	158	156.74	-0.277776158926807	-0.228330615360094
chr2	135549779	135553708	52	0	1113.324	352	1018.571	-33.2161077302812	-33.1782133431283
chr2	135553709	135554384	9	117	180.909	141	179.933	-0.273817792844868	-0.587688046269365
chr2	135554385	135555134	10	0	200.691	206	200.822	-33.2161077302812	-33.1782133431283
chr2	135555135	137345807	15689	314525	335324.7018	301499	306412.1114	-0.0658907448231429	-0.0513164635452994
chr2	137345808	137348566	15	384	321.761	694	295.229	-0.974811160943549	0.296184446302373
chr2	137351258	137354863	36	764	797.505	691	689.211	-0.06248769014979	-0.0208533198022003
chr2	137354864	137356729	21	0	504.56	204	391.776	-33.2161077302812	-33.1782133431283
chr2	137356730	148566259	123721	2714080	2770638.8267	2330459	2371420.5341	-0.00144479921278869	0.011312194949076
chr2	148566260	148568919	33	1434	736.497	644	637.092	0.948907721976242	1.00236107605564
chr2	148568920	159003826	93145	1958613	2054689.6723	1711483	1795409.91	0.00315137045961095	-0.0280205432946648
chr2	159003827	161473564	715	12831	16019.9767	8152	13673.0371	0.429042560156406	-0.279170830469849
chr2	161473565	161624489	218	3267	4928.662	3119	4118.996	-0.188847200790619	-0.552161985872988
chr2	161624490	163060076	402	7345	9007.245	5327	7677.8412	0.236227246020319	-0.253255807045935
chr2	163060077	187744094	256286	5479166	5676358.5069	4786412	4934043.472	-0.00401033659626248	-0.00994179094057775
chr2	187744098	187748374	47	571	1084.65	4	888.477	6.87269687462725	-0.88459932537426
chr2	187748375	190160353	29646	713199	703803.8226	542674	553104.289	0.049770288653471	0.0601989361208392
chr2	190160354	192524312	13128	267098	285084.3474	244144	254583.4429	-0.0304401663089673	-0.0529520508835502
chr2	192524313	192529921	74	448	1690.201	738	1414.676	-0.973672014761968	-1.87455657942596
chr2	192529922	210658075	177116	3993687	4069898.9052	3254825	3358039.5323	0.0209407648917808	0.0137959148466537
chr2	210658076	210697349	20	235	467.363	20	377.258	3.24877003796281	-0.950815161136858
chr2	210697350	211989199	15792	373766	369001.6429	293001	297058.4407	0.0415225115848839	0.0595757051468981
chr2	211989200	211992684	45	843	1000.48	369	859.059	0.975221829622923	-0.206020185277801
chr2	211992685	223340819	117973	2457828	2573876.7926	2214603	2284621.6837	-0.0184786305841255	-0.0254914310497819
chr2	223340820	223341794	13	166	287.718	6	251.535	4.59935382119047	-0.75240463314957
chr2	223341795	226000530	31895	715646	723384.2265	595242	608184.808	0.0186906552078424	0.0255515890633837
chr2	226000531	226446482	4644	88969	99229.3804	85580	90650.8914	-0.0712438622753068	-0.116397002532786
chr2	226446483	229739798	38229	824313	844580.1659	723888	736676.9408	-0.00660331746195293	0.00602548593762037
chr2	229739799	229744280	59	1	1298.11	637	1144.56	-9.4935957864641	-10.3011291320874
chr2	229744281	238522160	88120	1924031	1981061.1677	1640680	1686247.7901	0.000554507668898882	-0.00107377599785775
chr2	238522161	238523135	13	162	314.099	0	242.632	32.2672286307008	-0.914157930740217
chr2	238523136	244489577	70754	1546017	1586528.3661	1318695	1355046.9151	0.0050879647178964	0.00375047317585349
chr2	244489578	244492256	14	9	305.984	243	270.368	-4.93024608685818	-5.04631979359308
chr2	244492257	244507514	199	4279	4360.53	3896	3844.71	-0.0431754954495979	0.0138377870300882
chr2	244507515	244508639	15	0	338.587	321	286.814	-33.2161077302812	-33.1782133431283
chr2	244508640	244511458	32	699	672.18	574	628.813	0.191198363829361	0.0975124440546539
chr2	244511459	244512690	16	1	338.043	314	314.15	-8.39720067457367	-8.35999530822031
chr2	244512691	246005843	15483	327663	337002.0107	300048	300077.1984	-0.037230823590927	0.00052317837652692
chr2	246005844	246006612	10	0	236.516	95	189.73	-33.2161077302812	-33.1782133431283
chr2	246006613	246889108	9893	203812	213768.5585	191199	192417.4945	-0.0564724625988487	-0.0277430716421568
chr2	246889109	246892433	35	318	748.26	699	686.083	-1.25824900649075	-1.19344528292283
chr2	246892434	248425822	17257	369865	381077.3291	321293	332738.6789	0.0105882535936839	-0.00201739061617587
chr2	248425823	248430779	26	1	564.293	281	503.202	-8.29655985333857	-9.09923295582019
chr2	248430780	248432473	15	42	358.357	153	276.498	-2.23602569169518	-3.05186869582896
chr2	248432474	252863840	53289	1190916	1212776.3346	992353	1014512.3726	0.00879251638332235	0.014825756715883
chr2	252863841	252864517	9	91	200.68	2	173.552	5.30143899383073	-1.09989078672742
chr2	252864518	253843926	12251	268532	272799.1241	237553	235267.2818	-0.0335204991319425	0.0183226129833326
chr2	253843927	253844226	4	0	86.6986	95	77.1213	-33.2161077302812	-33.1782133431283
chr2	253844227	257362654	39752	852123	878243.4927	759437	766266.5526	-0.0274700270182223	-0.00249168420325527
chr2	257362655	257363408	8	7	191.628	93	148.337	-4.09806054910123	-4.73374203595336
chr2	257363409	266433159	104598	2283373	2347403.1254	1975459	2002906.3883	-0.0168187619761762	0.00116853514608444
chr3	534	15658618	159846	3904772	3866175.9512	2924994	2958560.0087	0.0339657260108591	0.0553986209507402
chr3	15658619	21489127	38119	711059	827086.9919	649302	739854.8558	-0.0265439689362879	-0.177002200004694
chr3	21519072	23690889	25038	569623	570662.9489	465643	476231.9774	0.0329819269408767	0.0384361088724017
chr3	23690890	23695375	59	0	1278.72	598	1139.51	-33.2161077302812	-33.1782133431283
chr3	23695376	23971461	2298	43933	50372.5427	39742	44405.7143	-0.0340784574145302	-0.15626493275672
chr3	23971462	23977812	72	831	1574.28	1454	1401.35	-0.971808501422622	-0.880704171959835
chr3	23977813	24554416	5931	119185	128213.466	111946	115196.5182	-0.0608777647365491	-0.0642775101630707
chr3	24554417	24560047	68	743	1508.92	1358	1308.08	-1.07294168759252	-0.981014597095734
chr3	24560048	28349864	43006	878657	923013.8967	818901	838394.0072	-0.033939702779355	-0.0299846704557723
chr3	28349865	28351372	17	36	369.686	175	330.376	-2.44030441431695	-3.31916399083846
chr3	28351373	32337767	44447	929187	970881.9825	830938	860504.8399	-0.00971127646850594	-0.0222593607888642
chr3	32337768	32340992	42	431	905.156	0	814.212	32.1519755804618	-1.02941098095598
chr3	32340993	36472724	47663	1011310	1053875.9761	883129	917962.4195	-0.000495675657487625	-0.0184121907157472
chr3	36472725	36473942	7	0	169.505	62	130.073	-33.2161077302812	-33.1782133431283
chr3	36473943	44133132	83061	1750551	1827674.5091	1562852	1602809.6833	-0.0226048840736911	-0.0211324641417949
chr3	44133133	44136057	39	1	867.491	362	748.055	-8.71037705166598	-9.71963724904884
chr3	44136058	59668729	178417	3908789	3996579.9247	3349272	3418743.7166	0.000747718240872812	0.00902337369180238
chr3	59668730	59687382	238	5392	5130.09	4021	4642.81	0.282453484869623	0.112903966352715
chr3	59687383	90527187	327378	7044090	7266866.1339	6166702	6295929.5893	-0.0118264939613857	-0.00385238203776174
chr3	90527188	90530262	41	431	873.788	673	802.851	-0.761896444978351	-0.978527817590223
chr3	90530263	125592489	387295	8652682	8765713.5408	7246698	7389339.5552	0.0125707201652249	0.0223434550935197
chr3	125592490	125594810	29	310	667.979	0	554.819	32.1149196351646	-1.06646692624531
chr3	125594811	143318133	195024	4278995	4355004.593	3660174	3740735.6788	0.00918076572561017	0.0156653587058635
chr3	143318134	143325801	66	793	1407.99	1421	1288.65	-0.966117174368906	-0.78717671048183
chr3	143339451	143395505	238	4835	5192.5913	4772	4609.9916	-0.149595490666731	-0.0618711822271649
chr3	143395506	143406556	79	897	1762.21	1543	1516.94	-0.995606787935751	-0.933138362084715
chr3	143406557	143647848	1555	29779	33473.3534	28189	30279.9724	-0.062312971694914	-0.127650175238991
chr3	143647849	143676551	168	2859	3737.2666	1653	3237.8465	0.586648222796953	-0.345405256943112
chr3	143676552	143719751	377	3042	8104.462	5409	7353.987	-0.967358317758318	-1.37262865903763
chr3	143719752	143721677	13	326	283.428	188	250.138	0.617054473989274	0.242957280434831
chr3	143721678	143763802	191	1882	4140.586	3328	3701.664	-0.98087659978904	-1.09650072670336
chr3	143796746	143862110	219	4051	4813.2988	3164	4229.6042	0.173198382454286	-0.207680294775535
chr3	143862111	143931018	493	20030	10742.002	9498	9554.119	0.910571834472751	0.939967131758964
chr3	143931019	143950165	113	2227	2416.1948	2187	2199.6636	-0.106132311195042	-0.0765676092052787
chr3	143950166	144071376	759	25930	16321.0166	11915	14793.2658	0.983226131483985	0.708958889638217
chr3	144071377	144379745	1611	28651	34934.1488	27176	31238.0317	-0.0819088464994927	-0.244984888344252
chr3	144379746	144384523	62	679	1347.86	1244	1201.77	-1.03583962789937	-0.948119568327627
chr3	144384524	144539502	1884	39384	40786.9	37645	36621.9	-0.08707461317655	-0.0094286089753412
chr3	144539503	144545305	71	782	1546.67	1453	1373.96	-1.06144638176356	-0.942857295208981
chr3	144545306	149739276	57557	1340868	1348564.4171	1057222	1081412.606	0.0275547291971568	0.0328103892203281
chr3	149739277	149754312	87	346	1934.619	0	1667.83	30.739248637576	-2.44213792333808
chr3	149754313	151772070	21991	515793	515627.4722	404677	412846.6301	0.0324713552333929	0.0415306685195157
chr3	151772071	151773375	17	214	378.089	0	328.269	32.4013390874632	-0.780047474002678
chr3	151773376	152955475	12252	289311	289134.1563	227700	229197.7028	0.013513640156861	0.0419497345897541
chr3	152955476	153027624	665	12980	15813.4153	13003	12440.9816	-0.34542958033025	-0.243790997935651
chr3	153027625	153048792	201	4290	4647.8703	8639	3807.6353	-1.29438796590214	-0.0745245569065526
chr3	153048793	153058859	53	868	1174.0876	621	1019.9995	0.283303384123569	-0.394705499845041
chr3	153058860	153070173	109	2265	2542.0477	4723	2059.2019	-1.36092507839115	-0.125412445725034
chr3	153070174	159982328	78406	1818050	1838983.7015	1452494	1473884.1108	0.00774729005396471	0.024550789435062
chr3	159982329	159982703	5	0	121.619	100	93.368	-33.2161077302812	-33.1782133431283
chr3	159982704	160130514	1925	47516	45926.2781	35029	35908.3625	0.0880368008758951	0.0901611267268877
chr3	160130515	160130739	3	0	76.3681	65	54.0393	-33.2161077302812	-33.1782133431283
chr3	160130740	160754644	6193	147557	147864.3726	113174	115428.9782	0.0286339953219736	0.0380654867010101
chr3	160754676	160792930	124	69	2828.85	2349	2356.43	-5.34974617127327	-5.31640789596495
chr3	160792931	174800590	150234	3509064	3626089.5613	2720874	2787409.5939	-0.00930021478437971	-0.00626069240971483
chr3	174800591	174803892	44	616	1073.91	887	816.079	-0.91892290366776	-0.760803229995447
chr3	174803893	177699918	32426	787008	785423.2182	586727	599736.1699	0.0377198732458585	0.0439756601067622
chr4	784	28191653	299320	6485272	6690411.7888	5612512	5739561.2261	-0.00946088096197327	-0.00386032019436773
chr4	28191654	28208490	181	4120	3945.38	1767	3502.42	1.05270335345676	0.103547682923047
chr4	28208491	71856741	471094	10166082	10461035.7388	8817946	9058769.2684	0.000783708418489988	-0.000194320069026498
chr4	71856742	71860217	39	0	861.406	444	753.577	-33.2161077302812	-33.1782133431283
chr4	71860218	99900121	297513	6491282	6644019.5692	5562714	5707979.8124	0.00681162761962234	0.007514715661277
chr4	99900122	99906034	78	876	1940.77	1367	1426.85	-1.08263272708579	-1.10655877387365
chr4	99906035	105073288	33239	713162	755867.8005	595294	632963.2553	0.00778851624322002	-0.0428364939433642
chr4	105073289	105075594	19	1	412.329	228	369.875	-7.9864749004088	-8.64658445723353
chr4	105075595	107168456	21110	416098	452506.7932	396028	411794.6652	-0.0615201735020158	-0.0799484907307865
chr4	107168457	107169431	13	2	319.871	125	237.988	-6.38921242486891	-7.28027876237235
chr4	107169432	107195131	263	4405	5668.744	4126	5117.1853	-0.0501072259818267	-0.322819493565639
chr4	107195132	107201966	91	2	1914.5	810	1786.07	-8.7587838531056	-9.86168420100288
chr4	107201967	107844121	6875	141171	148231.1433	131991	133787.1894	-0.0477311978084072	-0.0293372292511213
chr4	107844122	107851205	34	0	780.49	165	645.511	-33.2161077302812	-33.1782133431283
chr4	107851206	119350033	123659	2767926	2806976.2789	2336308	2356731.2066	-0.00448153658575873	0.0208561071677546
chr4	119350034	119350708	9	84	200.762	0	172.939	31.9654291769961	-1.21595738437986
chr4	119350709	147740605	324612	7319890	7402278.7992	6078154	6176095.8238	0.0100876210253202	0.0249201001112176
chr4	147740606	147894461	2020	53043	49593.5257	36376	37061.0809	0.127101848644086	0.138078186433387
chr4	147894462	168430186	199853	4491639	4603417.4044	3671910	3786796.086	0.012156975694631	0.005604325067387
chr4	168430187	168432051	23	3	529.634	419	438.484	-7.39514222890707	-7.42282179716034
chr4	168432052	175961866	86715	1935546	1980442.8334	1626512	1649097.3398	-0.0100141523546643	0.00798514324505203
chr4	175961867	175967536	4	4	91.0945	62	76.5096	-4.2027462600381	-4.4682244371148
chr4	175967537	184224823	95747	2154508	2212242.6413	1781768	1812076.3362	-0.0106437235504012	0.0029164305960096
chr5	34651	4579595	44936	960351	1001191.1716	833086	862874.2956	-0.00622558832787036	-0.0190161688505574
chr5	4579596	4580779	15	159	334.897	3	288.766	5.51727709265755	-1.03362308091309
chr5	4580780	13829344	94010	1985394	2084617.8773	1740131	1808738.2628	-0.0113966610566121	-0.0292900099690139
chr5	13829345	13829644	4	0	82.7128	77	78.9205	-33.2161077302812	-33.1782133431283
chr5	13829645	15302345	16230	347005	359472.2807	305199	312383.3792	-0.0141833980336381	-0.00985647050247403
chr5	15302346	15307332	66	1487	1390.63	2	1290.45	9.43349768298558	0.13773363509536
chr5	15307333	16367466	11682	250313	255625.6724	222222	225834.1037	-0.00386457870531676	0.010768092261948
chr5	16367467	16374391	62	675	1340.0108	3	1207.9364	7.66725421959583	-0.948217615019748
chr5	16374392	24918925	87017	1879247	1950472.7326	1608002	1666725.0197	0.00125099329659166	-0.0126015231442757
chr5	24918926	24941452	32	313	691.8883	85	619.2383	1.72375668883371	-1.10330888151345
chr5	24941453	26010184	11412	246611	258687.6271	207771	217487.6682	0.000138617598561356	-0.0279062942940421
chr5	26010185	26022169	143	1433	3178.8	2702	2744.55	-1.12372847338512	-1.10837603387593
chr5	26022170	48136109	240347	4954574	5242071.7609	4507887	4654593.2568	-0.0319991154776378	-0.0403084793990183
chr5	48136110	48137534	19	218	472.086	0	348.234	32.1077326028987	-1.07365395850969
chr5	48137535	68765569	218565	4772626	4947253.4239	4047311	4169499.3872	-0.00576083436658765	-0.0107769117047187
chr5	68765570	68769204	48	543	1028.05	902	937.333	-0.862278868923513	-0.879818723656916
chr5	68769205	68987107	2409	51923	53110.6402	46168	46456.5761	-0.0204643659682771	0.00844042757549644
chr5	68987108	68989963	38	373	877.118	0	719.354	31.9888588542924	-1.19252770708911
chr5	68989964	68990263	4	94	84.3244	63	78.3753	0.474931058917477	0.197778214705964
chr5	68990264	68992157	25	205	530.59	0	489.017	31.8504805917666	-1.3309059695808
chr5	68992158	77656319	90993	2037477	2077517.2021	1691832	1730466.3578	0.0076711486066266	0.0129909567680578
chr5	77656320	77699347	405	7934	8941.183	10377	7809.5387	-0.579324291354885	-0.131349722348814
chr5	77699348	89464026	127758	2727743	2822596.137	2389771	2461503.616	-0.00347429641629596	-0.00824738957388812
chr5	89464027	89466568	33	0	699.278	280	645.721	-33.2161077302812	-33.1782133431283
chr5	89466569	89477308	136	2722	2891.33	2538	2665.64	-0.013103108249486	-0.0459986064976765
chr5	89477309	89482177	62	0	1357.01	612	1198.04	-33.2161077302812	-33.1782133431283
chr5	89482178	89549243	744	14236	15929.4292	12946	14523.3744	0.00689276785907563	-0.121083127761796
chr5	89549244	89553539	56	1196	1158.07	509	1107.36	1.17105490119637	0.0875625351848437
chr5	89553540	90187096	6338	122926	137024.5521	113405	123162.5527	-0.0343916840772684	-0.115576721473152
chr5	90187097	90194072	24	7	517.146	258	469.23	-5.34097549270072	-6.16600528918499
chr5	90194073	90555772	4027	85160	87380.0911	77624	78086.404	-0.0253868436321414	0.00393894578777494
chr5	90555773	90557502	23	0	514.438	209	441.304	-33.2161077302812	-33.1782133431283
chr5	90557503	90605204	536	10443	11688.9267	9463	10391.0795	-0.0244570172849702	-0.121538639082293
chr5	90605205	90608281	36	3	766.088	316	704.445	-6.83666806413061	-7.95533616952029
chr5	90608282	92815607	21768	434180	471397.528	401040	422732.8022	-0.0394777789008331	-0.077583315835999
chr5	92815608	92838999	74	930	1566.74	463	1439.966	0.887660703694773	-0.71139555757318
chr5	92839000	108800490	174085	3688556	3841650.1237	3246187	3356204.8266	-0.00741211994474672	-0.0176023874337663
chr5	108800491	108803416	39	0	831.482	387	762.754	-33.2161077302812	-33.1782133431283
chr5	108803417	118809417	112267	2430213	2484300.0531	2115349	2162190.0659	0.00301419529465711	0.00931094023045813
chr5	118809418	118811518	28	0	655.478	327	523.23	-33.2161077302812	-33.1782133431283
chr5	118811519	130231336	130253	2947948	2985935.979	2406117	2471337.9496	0.0232865742657753	0.0225954490918529
chr5	130231337	130247580	81	534	1784.239	1045	1565.275	-1.15431081114389	-1.6993296249092
chr5	130247581	132286483	22301	467117	490274.8365	410008	430553.7471	0.00390773704131156	-0.028739160134381
chr5	132286484	132367307	147	846	3147.71	1334	2866.1045	-0.7890672981874	-1.85450545605649
chr5	132367308	132407446	73	695	1596.884	599	1410.925	0.0390119773330307	-1.15910702804232
chr5	132407447	133057251	6023	61896	130092.1836	112833	117105.6553	-1.01482130209762	-1.0305485923004
chr5	133057252	134388605	12619	287886	296159.2961	223848	237147.3618	0.0455618695931809	0.000191866337588768
chr5	134388606	134461038	126	2266	2890.9278	3602	2396.1971	-0.936263097354501	-0.310317111328466
chr5	134461039	137797823	36069	847626	854127.2196	662687	674600.9582	0.0178568386287876	0.0300444765692159
chr5	137797824	137803929	46	6	1007.977	164	890.661	-4.94793067321224	-7.35121687378432
chr5	137803930	137960192	1327	30863	29928	26016	25393.5	0.0126157453291364	0.0854500390077305
chr5	137960193	137964418	49	1082	1157.004	2177	919.9822	-1.33618368861184	-0.0556257470822115
chr5	137964419	137969945	58	1401	1296.32	3203	1113.35	-1.40930831961947	0.153102666397902
chr5	137969946	163351113	298386	7070250	7196189.2581	5400318	5534347.1285	0.0130700906155598	0.0155957050693958
chr5	163351114	164587006	3077	61658	67485.366	58076	59485.1283	-0.0925264409979204	-0.0892189925477648
chr5	164587007	169803971	62282	1530128	1524649.2891	1148310	1145960.5154	0.00539330974180128	0.0462425281650047
chr5	169803972	171206469	16949	376308	416361.9388	294954	312414.0959	-0.0597814396873197	-0.104856626370319
chr5	171206470	173707145	29471	735231	726614.1359	533782	540132.9343	0.0372452450495984	0.058075770133878
chr6	0	123769	1366	27091	29314.963	24900	26652.665	-0.0125163160781292	-0.0727559817427864
chr6	123770	126156	29	650	634.01	1	564.06	9.17881208216112	0.0770017283996085
chr6	126157	608573	5298	109332	115971.7106	98741	102537.8908	-0.0274480218607773	-0.0439896003633278
chr6	608574	609403	11	116	240.796	0	211.685	32.1687675459543	-1.01261901546703
chr6	609404	736414	1352	29798	30073.0941	25805	26018.9744	0.00182887749080577	0.0278097995054928
chr6	736415	740646	56	595	1276.46	1101	1068.38	-1.14140313161248	-1.06011914961348
chr6	740647	784057	555	12228	12493.6	10630	10630.3	-0.0277868547479076	0.010066817365297
chr6	784058	785032	13	174	310.887	0	242.721	32.3851511831	-0.796235378363062
chr6	785033	5102477	50055	1115117	1136508.2026	931035	953831.2331	0.0106588310493727	0.0136545973758529
chr6	5102479	5107322	16	532	339.049	149	313.892	1.72806160411766	0.691000062129876
chr6	5107323	10798877	65742	1505930	1530437.4391	1218341	1240202.5423	0.00554162566129424	0.0177782449193
chr6	10813030	10846166	36	810	905.6306	289	609.7249	0.919261392087608	-0.119933191750928
chr6	10846167	16239996	56600	1214734	1266411.4063	1056159	1084665.2104	-0.018509735117118	-0.0190381188331033
chr6	16239997	16907674	271	121	5887.021	2	5244.749	5.7553720343789	-5.56339120862019
chr6	16907675	17367446	270	2767	5890.5812	3279	5228.8105	-0.413687239552634	-1.04901973600636
chr6	17367447	20950165	36060	732746	778012.468	679796	701456.6403	-0.0380548140359614	-0.0454124819526198
chr6	20950166	20951065	12	0	246.791	113	237.351	-33.2161077302812	-33.1782133431283
chr6	20951066	35777099	165213	3721047	3786034.3402	3064254	3135924.0317	0.0115490562133894	0.0160887222648107
chr6	35777100	35781224	55	595	1202.47	1069	1066.21	-1.01563634361592	-0.97397172158438
chr6	35781225	38862586	35728	789815	803712.5726	668484	683524.3762	0.0101080943323073	0.0159027229311946
chr6	38862587	38881742	6	94	122.706	1	117.421	6.49424670698789	-0.343405526874215
chr6	38881743	51047447	144282	3250145	3295369.8905	2694927	2743493.2781	0.00900473846252005	0.0211312786166565
chr6	51047448	51060142	167	2070	3655.75	2	3222.18	9.8364577133671	-0.77946904073793
chr6	51060143	51507905	5575	126368	126015.0384	105032	106440.7481	0.0264300999138984	0.0451028713741708
chr6	51507906	51564245	648	13246	14839.3765	11059	12307.6976	-0.00636052905304515	-0.122806106855259
chr6	51564246	51567997	9	247	206.859	13	172.933	3.99266620059558	0.296930920110744
chr6	51567998	52198865	7293	159437	163609.058	134870	139553.5399	0.0151563087408159	0.00380145198468247
chr6	52198866	52204143	70	0	1593.04	696	1331.39	-33.2161077302812	-33.1782133431283
chr6	52204144	84189615	351442	7455325	7717004.4901	6607020	6788235.1277	-0.00755965603424622	-0.00870209398855658
chr6	84189616	84194674	67	715	1441.07	1254	1303.35	-0.952264843085952	-0.970057663111404
chr6	84194675	85234707	11272	224666	240051.1194	214770	220474.6977	-0.0545660232813245	-0.0544922479644699
chr6	85234708	85253624	101	944	2113.15	1842	1985.066	-1.05144928200243	-1.12146880851399
chr6	85253625	86540710	13220	268888	285297.6404	248771	257266.2672	-0.0338452374800705	-0.0443948373320963
chr6	86540711	86541685	13	1	279.788	269	253.876	-8.20849917131488	-8.08712263085718
chr6	86541686	91196590	49868	1024708	1079274.2828	939409	968684.5032	-0.0274020284645179	-0.0337810877108698
chr6	91196591	91197539	9	77	219.354	0	165.2009	31.7121235037203	-1.46926305758953
chr6	91197540	105321354	154773	3468368	3544077.5876	2844612	2938503.4455	0.0188697148035991	0.00991439709332946
chr6	105321355	105323785	22	0	486.586	195	424.942	-33.2161077302812	-33.1782133431283
chr6	105323786	131118149	295893	6620657	6770065.7871	5499983	5622427.8021	0.00274382633696964	0.00887214263483557
chr6	131118150	131119124	13	0	304.325	261	244.008	-33.2161077302812	-33.1782133431283
chr6	131119125	147989969	155682	3542673	3622694.64	2853171	2932845.5523	0.0106832036852216	0.00884270721881172
chr7	794	2230360	4547	75208	99706.2859	68393	87792.2686	-0.0433798889907307	-0.36573072312933
chr7	2230361	3527029	12966	306244	307481.8767	234082	241942.3659	0.0450028353324607	0.0352478056636435
chr7	3527030	7479142	13738	166670	297606.5036	156597	266803.6089	-0.0645167811154808	-0.795344000248368
chr7	7479143	7533140	143	3403	3027.885	2424	2808.714	0.384189986798936	0.209564344812103
chr7	7533141	10903512	16985	325245	371467.7657	301138	328756.1852	-0.0619436614060966	-0.150642541181509
chr7	10903513	13225380	27571	742610	700344.1293	489280	491707.0207	0.0948526080467004	0.125608352736763
chr7	13225381	40057380	241083	5300558	5502509.1633	4438233	4584900.4344	-0.00386718510913849	-0.0128777937665157
chr7	40057381	40067414	87	1	1911.7	831	1676.1	-9.88527922687664	-10.8595725443902
chr7	40067415	41887818	21188	457492	470420.5007	397133	407221.4576	-0.000839863707222482	0.000863188112655441
chr7	41887819	41888118	4	3	86.9629	52	78.1281	-4.26686251811335	-4.81629803575701
chr7	41888119	42662964	8715	185285	191624.1851	167982	168171.9636	-0.0437297875377982	-0.00746596005829012
chr7	42662965	42664918	26	0	563.591	267	503.587	-33.2161077302812	-33.1782133431283
chr7	42664919	58229928	168588	3530090	3677521.5932	3198411	3265410.2148	-0.0259467265762987	-0.0179612410205533
chr7	58229929	58241193	69	1373	1556.89	635	1323.19	0.881029567051133	-0.140267784917316
chr7	58241194	77096998	214619	4792497	4897829.4403	3987393	4081354.5819	0.0054104622528641	0.00970259964472876
chr7	77096999	77098652	22	256	527.812	472	410.455	-1.24226992016811	-1.00281273497153
chr7	77098653	80046309	33047	729372	739744.6034	628379	633015.9379	-0.00659237490393491	0.0206951560560906
chr7	80046310	80049927	30	63	699.762	2	562.555	4.66558293213009	-3.43237298126407
chr7	80049928	87181225	77641	1592950	1676290.2841	1454769	1509612.285	-0.0170098205291016	-0.0325034132368081
chr7	87181226	87183441	29	320	605.55	1	572.883	8.24509567048425	-0.879106576408628
chr7	87183442	87741381	5112	102938	108686.9159	97424	100009.5414	-0.037440874566534	-0.0373350108319131
chr7	87741387	87743708	29	354	633.77	0	560.662	32.3822441575392	-0.799142403923305
chr7	87743709	88068911	2059	41904	43903.5218	39439	40258.98	-0.0343878404949086	-0.0261811020836068
chr7	88068912	88070793	25	234	515.81	0	495.014	32.0821229543714	-1.09926360703132
chr7	88070794	113595846	275290	5944146	6114191.1866	5095991	5293422.7483	0.0173192521014201	0.000375492630386838
chr7	113595847	113603573	47	421	1077.672	748	893.892	-1.09579052397675	-1.31495840205181
chr7	113603574	117081234	38322	927937	925545.7015	692239	710631.0243	0.0447263006041566	0.044790237234619
chr7	117081235	117092214	139	4969	3250.71	2626	2616.96	0.610398860192537	0.653268290630072
chr7	117092215	119779235	26062	643014	636079.0647	475739	480370.8682	0.0327956270253886	0.0567116509976876
chr7	119779236	119780365	15	2	387.403	125	264.448	-6.51346211477034	-7.55662368211717
chr7	119780366	120302252	6636	172740	167069.0739	120771	120168.1183	0.0441108279085849	0.0892250992996458
chr7	120302253	120302697	5	4	119.99	70	92.3301	-4.50415101719828	-4.86570275593911
chr7	120302698	125149592	59780	1463156	1446907.3961	1097714	1106481.2484	0.0307610046939266	0.057178611520822
chr7	125149593	125153717	53	468	1235.206	1	997.879	8.56572292274017	-1.35910362456406
chr7	125153718	145280850	236727	5500434	5574927.8291	4356018	4437706.6733	0.0105699407263792	0.0216599332202915
chr7	145280851	145442654	100	2778	2298.7082	968	1892.8888	1.24390718504902	0.314290864456946
chr7	145442655	145481469	51	289	1110.271	253	987.363	0.0258459551414154	-1.90070285499335
chr7	145481470	145677524	64	1037	1404.616	244	1240.3872	1.91125082846453	-0.396692274044335
chr7	145677525	145729228	580	10972	13096.586	9396	11078.3561	-0.0145658356117283	-0.214296647799671
chr8	510	4283987	38851	784557	836947.1001	735682	756099.7917	-0.0505905902199404	-0.0521905667307314
chr8	4283988	4299706	56	1399	1230.3758	198	1084.5634	2.64201220295114	0.226364535745422
chr8	4299707	4322821	161	3436	3429.16	49	3142.17	6.00888370280493	0.0439424223087051
chr8	4322822	4324278	6	233	127.576	72	117.051	1.57321467119408	0.910040610422618
chr8	4324279	4339180	91	2101	1914.3	124	1789.47	3.98855277050143	0.175326828034179
chr8	4339181	8265120	41112	886966	915045.8408	762281	789830.8189	0.00942874715143805	-0.00389761074256195
chr8	8265121	8266712	7	4	158.956	72	131.812	-4.43689753639685	-5.27141605219196
chr8	8266713	9571228	14835	310423	320939.9711	283285	288329.3407	-0.0194313649725307	-0.00700041941903291
chr8	9571229	9573491	24	269	554.522	431	454.978	-0.962356389599165	-1.00257091990554
chr8	9573492	17285329	74428	1628652	1670255.7419	1401941	1425458.8635	-0.00921665852175745	0.00467695832481953
chr8	17285330	17290679	66	773	1424.33	1351	1284.88	-0.950963949912295	-0.840675514715221
chr8	17290680	18116808	6187	127024	133530.3748	116149	120359.6067	-0.017519066591186	-0.0309992436409696
chr8	18116809	18135974	143	1510	3110.4261	2740	2780.0908	-1.01843435155211	-1.00149607436067
chr8	18135975	22904216	45288	1009351	1026811.4131	859182	862886.0764	-0.0153637324619908	0.0163243254027696
chr8	22904217	22908851	57	704	1357.93	1110	1072.39	-0.99431856438721	-0.906694171943385
chr8	22908852	38251476	172448	3873868	3917147.5014	3238134	3285938.668	0.00828742423972158	0.0250389471613709
chr8	38251477	38603059	99	1541	2124.808	2071	1925.683	-0.565249725938497	-0.422398015824058
chr8	38603060	43127050	23687	499670	534366.7358	424616	452540.5164	-0.00179315352171449	-0.055786995487231
chr8	43127051	43130376	21	54	482.173	206	401.252	-2.19348209015715	-3.11745194790829
chr8	43130377	43135362	46	692	949.929	783	912.884	-0.232455189137392	-0.415980043137403
chr8	43135363	43168516	334	6	7076.52	3394	6539.04	-9.25459625844516	-10.1627940727256
chr8	43168517	43174594	68	891	1416.12	1534	1338.79	-0.86164176971817	-0.627378579697761
chr8	43174595	43270553	871	18904	18752.74	17796	16967.327	-0.0540303532533408	0.0526577342718322
chr8	43270554	43272105	20	6	449.381	220	382.027	-5.42748851110057	-6.18576520061388
chr8	43272106	43819272	4872	103161	105250	94999	94820.4	-0.0284641995118182	0.0121450357964688
chr8	43819273	43820038	10	3	209.248	79	197.676	-4.79772113576302	-6.08303990675537
chr8	43820039	116311476	815673	18396356	18719476.938	15075682	15475952.2443	0.0158580299023062	0.0159475040179594
chr8	116311477	116324985	179	2499	4389.19	2984	3283.67	-0.671368991250387	-0.771536215753229
chr8	116324986	133306290	193615	4467696	4560474.0732	3548645	3630830.246	0.0065516605272094	0.0114148241760274
chr9	501	3392355	30714	652409	685500.6356	559723	589119.4432	0.00563903554066207	-0.0303137135784666
chr9	3392356	3396655	56	1365	1222.78	522	1083.38	1.21532695997511	0.19980369645741
chr9	3396656	9914939	42856	855845	944057.8011	772544	826528.5613	-0.040904867013435	-0.100458049860636
chr9	9914940	17812565	73386	1741603	1779926.1862	1319904	1356859.8684	0.0116103322972663	0.00966598999219231
chr9	17812566	17842943	376	10048	9357.22	5854	6770.94	0.315863098630787	0.143824096703997
chr9	17842944	23532304	56578	1246316	1279217.0789	1051766	1080164.4522	0.00401922948968484	0.00347640643945383
chr9	23532305	23536440	54	1264	1175.87	585	1048.37	0.949080557773981	0.145335499630445
chr9	23536441	43049068	213873	4540509	4738802.0053	4011096	4116700.4155	-0.021003162185296	-0.0206007426988805
chr9	43049069	43168480	1559	41037	38820.8112	27456	28297.4038	0.12681645890218	0.121162607873858
chr9	43168481	104609892	692286	15400011	15659606.4413	12971302	13212264.4374	0.00561109678054561	0.0169510321709898
chr9	104609893	104610793	12	2	263.67	138	230.147	-6.30152902281643	-7.00152199774663
chr9	104610794	110936277	64930	1372053	1426748.0205	1231464	1254303.9675	-0.0267085722391593	-0.0153267441299987
chr9	110936278	110937973	22	351	500.849	82	301.803	1.37017986687612	-0.471837077145063
chr9	110937974	119866831	100202	2252581	2304008.7067	1864074	1899405.6078	-0.00230508068335311	0.00850042173478434
chr9	119866832	119866988	2	27	50.7829	270	36.4492	-3.79721050783374	-0.870315770352684
chr9	119866989	120358723	4973	103060	110021.4244	90554	95674.0583	-0.0117773442489181	-0.0532323826652719
chr9	120358724	120360898	29	0	622.754	616	561.74	-33.2161077302812	-33.1782133431283
chr9	120360899	121416511	9748	196734	209999.4747	179603	189722.0028	-0.0118906365566121	-0.053071804314073
chr9	121416512	121417575	7	165	156.029	0	133.533	33.3031059944659	0.121719432881551
chr9	121417576	122094282	5943	123061	130550.6329	107680	114731.2549	0.00944553439517656	-0.0441682247371622
chr10	1186	489151	879	11853	20441.6017	9425	16595.6101	0.0331543719860325	-0.745188384810848
chr10	489152	509437	58	537	1312.6852	868	1104.9616	-0.938124481870272	-1.24845938013663
chr10	509438	5729917	49113	1143340	1148834.6332	908949	924510.6718	0.0207471836637377	0.0341509468033449
chr10	5729918	5733943	53	1	1266.43	502	988.699	-9.3255343011787	-10.2654838326806
chr10	5733944	34024616	333892	7544477	7678934.4807	6184178	6328152.3486	0.0108904612728053	0.0155823609843886
chr10	34024617	34035708	48	522	1023.79	10	933.239	5.57554979084307	-0.930730501866036
chr10	34035709	47827677	151053	3539600	3550505.8765	2780023	2835929.479	0.0274597973622999	0.0366293459751553
chr10	47827678	47828829	15	208	340.584	3	284.662	5.85988967902714	-0.670359527142871
chr10	47828830	56008466	98004	2263885	2271964.7543	1813624	1851557.4253	0.0278973461401617	0.0359278263908876
chr10	56008467	56027492	187	3375	4801.635	1711	3312.713	0.447708440192768	-0.467570632042442
chr10	56027493	57042140	12672	306317	305291.733	231682	234647.8206	0.026361230263832	0.0459045185170962
chr10	57042141	57042590	6	3	143.119	72	111.823	-4.93778753468743	-5.53504128857543
chr10	57042591	65217111	91345	2118582	2135873.7343	1659533	1717601.9647	0.0410642545226979	0.0293402131294436
chr10	65217112	65316944	905	19215	21449.523	16146	16951.9299	-0.0852666399055935	-0.117644982751727
chr10	65316945	72384340	78945	1849431	1850677.6199	1461233	1484243.8986	0.0247430310556847	0.0400954763657013
chr10	72384341	72387702	43	409	930.371	0	834.088	32.0367488824465	-1.14463767894613
chr10	72387703	72415331	315	6782	6888.55	5945	6107.72	0.0196407823550097	0.018578054344647
chr10	72415332	72416527	15	172	318.966	0	295.467	32.3314600834679	-0.849926477985307
chr10	72416528	73948327	17288	396525	394053.2103	322562	328802.5019	0.0398393788442388	0.0500889786401771
chr10	73948328	73949469	15	178	343.305	7	285.608	4.40609724274442	-0.906546022088896
chr10	73949470	87636354	162829	3733672	3790157.3285	2982051	3067387.0048	0.0222159447572626	0.0194050638991056
chr10	87636355	87640741	33	634	756.9864	176	625.9939	1.57796184749041	-0.214716934736151
chr10	87640742	110410565	268473	6362913	6417520.6027	4900904	4998234.5138	0.0192152980567962	0.0287389792588386
chr10	110410566	110412803	29	2	676.682	295	548.548	-7.50425804513289	-8.36126654803516
chr10	110412804	111042940	8021	187869	187361.4154	146399	150913.8232	0.0508956270610674	0.0449707555373138
chr10	111042941	112626397	1551	21787	34629.7146	19568	29732.7616	-0.0618125644404093	-0.627475336020245
chr11	797	8860931	89986	1826216	1936879.0195	1701487	1752293.7056	-0.0392547318832187	-0.0438088242938426
chr11	8860932	8862446	19	0	409.006	134	368.062	-33.2161077302812	-33.1782133431283
chr11	8862447	10646262	20418	425357	446269.3319	387175	395166.8332	-0.0365911869042229	-0.0281728641853321
chr11	10646263	10648223	24	135	531.729	3	460.713	5.28820344820623	-1.93666413820868
chr11	10648224	12596824	23608	495898	509347.6016	453294	459196.3552	-0.0167698009430458	0.00246046066762446
chr11	12596859	12598283	19	205	429.738	0	364.608	32.1546207227342	-1.02676583868415
chr11	12598284	13662477	12354	252598	264326.7757	235992	241095.0938	-0.0314418001291574	-0.0244117518888232
chr11	13662478	13758072	885	14992	19199.6885	15108	17148.9448	-0.170909708757676	-0.315822440492523
chr11	13758073	19385410	60303	1265534	1312833.2768	1129886	1168706.6478	-0.00102859533768602	-0.0118698393792504
chr11	19385411	19387215	10	10	232.207	91	186.883	-3.49596945018364	-4.49627194943851
chr11	19387216	21701697	23521	475699	502596.6025	448643	459353.3423	-0.0421422833165262	-0.0382843203737246
chr11	21701698	21708032	8	9	180.494	105	150.954	-3.79898918942869	-4.2848144593873
chr11	21708033	38015437	178215	3994767	4067260.7789	3339469	3390250.6339	-0.000999706569306506	0.015121469972873
chr11	38015438	38029175	27	12	628.596	279	511.973	-4.83205095180219	-5.66995916748911
chr11	38029176	38030620	19	275	424.386	275	364.154	-0.217655153316268	-0.584877839602857
chr11	38030621	38031855	16	8	385.886	127	299.277	-4.35220475993957	-5.55096328071394
chr11	38031856	38035587	45	811	1090.766	707	838.839	-0.177710875096573	-0.386500210678151
chr11	38035588	38036338	8	16	203.849	99	143.501	-3.13262348950902	-3.63028946176208
chr11	38036339	38048636	138	2829	3176.795	2317	2615.3693	0.010650030636803	-0.126212212658371
chr11	38048637	38049911	17	39	367.365	185	330.117	-2.39704277074802	-3.19460054678515
chr11	38049912	39258849	7468	172154	174337.7479	138900	140720.7673	0.00377659802345455	0.0228823301997733
chr11	39258850	39300204	8	3	179.583	154	155.085	-5.89024244457864	-5.86247686029402
chr11	39300205	40874734	13521	275105	291705.064	255622	262988.9385	-0.0403647388940073	-0.0434604650418035
chr11	40874735	40878262	47	532	994.478	876	919.976	-0.828674636129886	-0.86144560414213
chr11	40878263	52148872	119391	2499528	2600195.5991	2245726	2313761.7826	-0.0107328258131983	-0.0158968594866392
chr11	52148873	52149247	5	100	114.921	2	95.1343	5.37442444317044	-0.159574845924774
chr11	52149248	55778619	37017	792455	819074.6344	690197	712769.2422	0.00193419439516325	-0.00659829756213943
chr11	55778620	55779594	13	2	270.668	272	255.191	-7.16923648606452	-7.03931289804876
chr11	55779595	55853262	756	15699	16321.8404	14526	14702.0699	-0.0355760561180069	-0.0150634696090098
chr11	55853263	55862284	52	5	1215.3082	91	977.2855	-4.49716355850182	-7.88411077409208
chr11	55862285	56447293	6544	127533	140549.4777	120600	127554.6505	-0.0561486799949406	-0.0991398843909135
chr11	56447294	65405221	106482	2332199	2366966.8546	2010416	2046869.3447	0.00774956718897143	0.019718997113981
chr11	65405222	65406496	17	178	356.603	0	334.121	32.2200125686592	-0.961373992772563
chr11	65406497	90463331	269173	6088948	6189488.9279	4990223	5101389.1051	0.0113317795277332	0.0174403085508871
chr12	322	1505031	13363	299324	310210.9693	243491	252256.9047	0.00265678722677927	-0.0104741364603524
chr12	1505032	1506828	20	41	442.5242	170	384.5182	-2.25137018014851	-3.3909929308246
chr12	1506829	2753006	12470	286683	297209.6338	226466	232431.9832	-0.0113371747826342	-0.0109569176662107
chr12	2753007	2773229	194	1	4372.55	1878	3705.3	-11.1106923358262	-12.0531909295143
chr12	2773230	3726680	2230	41055	50189.1023	34965	42619.9566	-0.00102536895636519	-0.248748600429736
chr12	3726681	3751774	168	2805	3683.0207	3633	3254.664	-0.548368269663946	-0.351821128995436
chr12	3751775	9284479	42425	936255	993406.9497	767201	798684.945	-0.0242881841665451	-0.0444157155551734
chr12	9284480	9285890	17	221	369.822	0	330.291	32.4796694866327	-0.701717074846696
chr12	9285891	10010428	8681	196040	206636.9208	154753	162066.8217	-0.00615538464044034	-0.0348823926514205
chr12	10010429	10016717	79	2777	1867.11	1410	1487.95	0.653524355201103	0.613787857159835
chr12	10016718	18044638	92058	2172416	2219788.3995	1661757	1707858.5883	0.0115305465625186	0.00994584109545653
chr12	18044639	22596969	23208	472374	538665.3236	386338	437406.7968	-0.00717436610854748	-0.148392029894584
chr12	22596970	22599185	27	1	622.911	201	512.198	-7.93020286732544	-9.2418145433973
chr12	22599186	26968911	52769	1247051	1262100.5951	973300	982919.0815	5.4878908986544e-05	0.0237611692248532
chr12	26968912	26971743	7	21	163.231	95	127.998	-2.52515877100558	-2.91738623275218
chr12	26971744	27195115	2535	48969	59024.6882	43371	47721.8096	-0.128358518741718	-0.228382174514627
chr12	27195116	27196765	22	1	502.545	372	416.722	-8.80615304879933	-8.93204129860532
chr12	27196766	34645596	82019	1857605	1929852.4829	1523889	1540602.3496	-0.0361368836990941	-0.0139792062857323
chr12	34645597	34648856	12	6	276.495	198	227.503	-5.32258871711591	-5.48507946836614
chr12	34648859	36256655	1409	22602	32260.0636	19042	26746.3255	-0.0199699365273268	-0.472231237667317
chr12	36256656	36257555	12	2	294.427	235	222.764	-7.27573758008351	-7.16069854050385
chr12	36257556	36316862	675	15778	16098.7076	13081	12607.3066	-0.0790700528558021	0.0120370747616372
chr12	36316863	36319670	7	28	167.211	121	129.976	-2.47175959945635	-2.53710341955445
chr12	36319671	38868466	31111	752042	758134.5735	565720	573486.3388	0.0112034400352993	0.0294268833203857
chr12	38868467	38886056	224	4948	5645.175	2770	3961.9848	0.329337782806672	-0.14910519890497
chr12	38886057	46782494	94142	2234732	2289946.987	1714193	1740841.7753	-0.00978362260016312	0.0058552327638703
chr12	46782495	46835638	687	18540	17395.5	12056	12371.9	0.132416070983271	0.132994702811951
chr12	46835639	47114041	3070	73726	74692.444	56078	56570.3402	-0.00300465094115287	0.0222787864504952
chr12	47114042	47114787	9	6	213.844	96	168.596	-4.33981519937993	-5.11438480704686
chr12	47114788	48196874	12953	318983	320861.1558	230827	236625.1985	0.0304953421764555	0.0325980002331495
chr12	48196875	48197933	14	0	348.738	126	256.378	-33.2161077302812	-33.1782133431283
chr12	48197934	48303486	1339	34780	33110.7	25130	24521.3	0.0387584343804277	0.112028027162416
chr12	48303487	48304806	17	2	419.799	177	313.116	-6.88743381360091	-7.67248728374862
chr12	48304807	49092886	9305	230276	231094.2585	168843	170227.9118	0.0098411018920873	0.0359502464760468
chr12	49092887	49234532	110	1219	2521.398	619	2086.9986	0.708065798256499	-1.00745813205183
chr12	49234533	50269637	11787	286331	292439.6993	212967	215677.9235	-0.00903346605610696	0.0106123065001666
chr12	50269638	50369367	1291	35216	32687.7363	23946	23275.5043	0.0696825399482927	0.148549185565963
chr12	50369368	52716696	28189	678242	681398.4821	516980	522206.1423	0.0109855684959556	0.0343689979663614
chr13	0	68984237	690339	14562084	15295344.3486	12894555	13288284.6365	-0.0243096362491565	-0.0298081447876842
chr13	68984238	68988007	48	534	1099.7	1	911.08	8.79240865572676	-1.00113075473447
chr13	68988008	69883462	11141	257348	257561.9947	209853	210796.7192	0.00844738659798311	0.0398684483149003
chr13	69883463	69884287	11	265	239.067	6	211.554	5.2916702271893	0.189644966501696
chr13	69884288	76101517	73507	1656424	1689794.271	1351312	1394179.8405	0.0194534774184374	0.0122920051108635
chr13	76101518	76103317	24	320	529.438	0	460.485	32.4960643257165	-0.685322235765554
chr13	76103318	83798428	91554	2017509	2055810.3913	1700834	1753045.5914	0.0196622925894441	0.0139355052090306
chr13	83798429	83799423	12	144	269.596	5	228.674	4.61366336928809	-0.863662673707052
chr13	83799424	84216038	5371	124637	124509.2545	98316	101517.611	0.0508845515261881	0.0425470406564972
chr13	84216039	84217088	14	224	338.88	32	210.5357	2.12381853343317	-0.556208156196442
chr13	84217089	84625298	5050	117246	117137.8406	93717	95280.8649	0.0283804552813126	0.0423991058826356
chr13	84625299	84636075	141	4781	3193.04	2687	2686.08	0.585060950310266	0.623449385509276
chr13	84636076	89902542	60311	1355426	1382281.4402	1121628	1145434.2706	0.00516858677019979	0.0127625703520229
chr13	89902543	89972430	355	7117	8170.5829	4745	6726.4865	0.307448488474022	-0.158102163902528
chr13	89972431	94676803	52320	1157535	1180366.6188	976766	999247.1918	0.0078226389366547	0.0128883958108825
chr13	94676804	94678304	20	0	454.8	430	382.394	-33.2161077302812	-33.1782133431283
chr13	94678305	95947407	14469	322070	329355.6889	270697	275442.447	-0.004026963693951	0.00879541975991557
chr13	95947408	95947941	6	0	124.609	119	119.246	-33.2161077302812	-33.1782133431283
chr13	95947942	96212818	2804	58587	64257.2379	48685	53210.7121	-0.00186580313047451	-0.0922107845924707
chr13	96212819	96213343	7	0	168.748	139	130.893	-33.2161077302812	-33.1782133431283
chr13	96213344	109008757	150039	3451782	3495050.6142	2800290	2829805.2635	0.000327757285421773	0.0230956103502668
chr13	109008758	109258832	3104	68482	74492.3289	56100	57919.1408	-0.072154382185353	-0.0802994250020587
chr13	109258833	114025099	54965	1272047	1276210.168	1021874	1037619.6877	0.0205197014602052	0.0363536490358678
chr14	322	413287	180	827	3953.3288	686	3459.9271	0.0805256621806245	-2.21604110874984
chr14	413288	726156	108	1108	2448.659	1730	2054.742	-0.892675560253192	-1.10296639087595
chr14	726157	741252	62	744	1380.79	2370	1192.4	-1.87996495452056	-0.85105178887774
chr14	741253	1433815	4555	77166	98978.7779	71804	88349.8717	-0.0568168620206438	-0.318086299587414
chr14	1433816	15555622	150164	3389443	3461376.0993	2794767	2843173.0349	-0.00235038626460235	0.0107701076942975
chr14	15555623	16030441	2185	44374	48737.5781	39356	41931.4279	-0.0406983736463513	-0.0942523478807125
chr14	16033724	16150160	95	618	2170.274	1500	1808.27	-1.53937762660743	-1.77113084685601
chr14	16150180	31300731	163573	3435979	3595541.5308	3049952	3158113.2013	-0.0120382890560057	-0.0244202489101979
chr14	31300732	31305614	63	641	1343.27	0	1230.78	32.1551011108744	-1.02628545054401
chr14	31305615	39839597	97950	2173540	2221529.7383	1837034	1867640.375	-0.00449523513496887	0.00956079791845283
chr14	39839598	39847025	18	251	390.941	0	350.301	32.5831906362069	-0.598195925289176
chr14	39847026	40510414	5990	120244	128053.4348	115283	116932.2449	-0.0671147911809171	-0.0497134378048428
chr14	40510415	40512682	23	9	520.082	283	439.8743	-5.21320781176171	-5.81160268147848
chr14	40512683	40544651	348	7264	7382.4295	6717	6827.4918	0.00338039446591749	0.0177361344031151
chr14	40544652	40545331	9	146	192.873	1	175.404	7.05602820343899	-0.360615221780531
chr14	40545332	40887862	3830	75889	81975.3132	71968	74728.1682	-0.0538289138914459	-0.0702311185281813
chr14	40887863	40891098	40	182	877.462	0	772.999	30.9530559695083	-2.22833059151689
chr14	40891099	41498428	6395	132628	137494.5879	123314	124580.2994	-0.03407688399318	-0.0109218413212645
chr14	41498429	41500228	24	306	514.442	2	468.26	7.1248624002304	-0.708409172870075
chr14	41500229	61682024	206297	4358348	4556594.2215	3855204	3976573.4714	-0.0162826623278805	-0.0231068984387487
chr14	61682025	61683390	18	195	408.559	0	343.037	32.1553838584529	-1.02600270296563
chr14	61683391	61953314	3086	63461	66089.7726	58297	60182.6881	-0.00945665448718229	-0.0174891708807658
chr14	61953315	61957549	36	5	800.011	634	692.871	-7.19067075887376	-7.28088030297905
chr14	61957550	62269526	3651	77354	78898.9997	70356	70951.2751	-0.0132027457849346	0.0125364921871679
chr14	62269527	62270651	15	187	328.733	0	288.564	32.4085761483447	-0.772810413122477
chr14	62270652	62365169	1093	21115	23664.418	19572	21221.6568	-0.044531869626109	-0.123383587988916
chr14	62365170	62386761	95	608	2066.44	10	1840.453	5.7620860433811	-1.72393664001439
chr14	62386762	72378734	104475	2223152	2292366.0944	1956675	2018053	0.00350226367166053	-0.00316326641566542
chr14	72378735	72379524	10	49	223.573	0	134.179	31.032561851506	-2.14882470955649
chr14	72379525	86785353	163111	3812838	3813617.5432	3024540	3068352.1722	0.0236266245019966	0.0407726738320208
chr14	86785354	86831432	578	15114	13952.326	9812	10701.989	0.243812904044396	0.156447479189933
chr14	86831433	87022852	2432	59794	59203.9574	45710	44896.8931	-0.00841387626628452	0.0553747171684288
chr14	87022853	87051724	345	6903	8185.0944	6414	6445.6224	-0.235507032164589	-0.204707965428
chr14	87051725	94788287	83387	1803919	1869346.5208	1557026	1597322.7431	-0.0113634409567141	-0.0103318605736137
chr14	94788288	97081438	636	6294	14159.7183	4489	12190.1111	0.274675011301678	-1.12867587424362
chr14	97081439	102568365	43753	905616	957272.1933	811521	846457.1109	-0.0160479951517668	-0.0389621496023878
chr14	102568366	102571152	36	353	804.522	706	689.77	-1.21884327043997	-1.14739608303376
chr14	102571153	102766935	2281	47991	50042.4974	42703	44076.2811	-0.0115516198544929	-0.0193223087909211
chr14	102766936	102769041	28	0	652.726	236	528.221	-33.2161077302812	-33.1782133431283
chr14	102769048	115493372	142267	3108158	3210504.6306	2633152	2717852.3053	0.00210923717565519	-0.00567263012669477
chr15	0	6108368	55679	1255401	1281324.2165	1020358	1055082.3486	0.0219660952542629	0.0115802987036172
chr15	6108369	6108968	8	0	175.875	89	154.287	-33.2161077302812	-33.1782133431283
chr15	6108969	6354909	2775	57928	60475.3818	53078	53775.8346	-0.0400698978821951	-0.0210195105913778
chr15	6354910	6357206	29	649	616.944	274	569.947	1.13290402920408	0.114146542201983
chr15	6357207	6597446	2534	52166	55791.9769	45600	48920.6502	0.00763511522756938	-0.0558802517882051
chr15	6597447	6598196	10	3	228.018	111	188.375	-5.48182034586812	-6.20697378921415
chr15	6598197	6681080	964	21097	20985	18673	18669	0.0105435400107301	0.0487470044962339
chr15	6681081	6681680	8	0	170.167	69	156.282	-33.2161077302812	-33.1782133431283
chr15	6681681	7646684	11428	243442	247780.1216	220028	221817.3556	-0.0106240178893088	0.0155852468649733
chr15	7646685	7654167	96	0	2178.94	941	1834.02	-33.2161077302812	-33.1782133431283
chr15	7654168	7654917	10	219	216.397	185	193.779	0.0873105521281098	0.0583179770815757
chr15	7654918	7656636	20	0	427.275	243	392.519	-33.2161077302812	-33.1782133431283
chr15	7656637	21036064	150604	3351608	3419983.2392	2801179	2870403.5681	0.00925679868931794	0.0119317742302576
chr15	21036065	23306363	507	6249	11351.1824	4446	9679.8208	0.264500270564107	-0.820077732972098
chr15	23306364	35519139	94536	2145836	2187022.8163	1743384	1786695.2182	0.0111479466110444	0.0136391537148145
chr15	35519140	35533756	129	4	2738.73	1301	2524.66	-8.45964991035548	-9.37822362388796
chr15	35533757	86827848	557926	12064734	12447261.7725	10439537	10710825.6717	-0.00484710830441088	-0.00396469035487925
chr15	86827849	86828523	9	0	208.403	86	169.426	-33.2161077302812	-33.1782133431283
chr15	86828524	95309187	94150	1976637	2060327.6432	1790072	1821263.416	-0.0317306268967699	-0.0187582227555394
chr15	95309188	95310312	15	6	328.841	166	291.158	-4.96249163417299	-5.73521626130981
chr15	95310313	96729426	16045	321187	343576.3444	306542	313094.6831	-0.0635297341771494	-0.0561496017424189
chr15	96729427	96731694	29	0	621.262	288	564.477	-33.2161077302812	-33.1782133431283
chr15	96731695	97045663	3768	76216	80864.4046	72160	73411.6614	-0.0574277612869363	-0.0443432879374289
chr15	97045664	97046402	8	2	164.274	94	158.294	-5.60491321381613	-6.31889273208223
chr15	97046403	105433303	94663	2008052	2095887.978	1775506	1822812.1104	-0.0206561360820871	-0.020697373767938
chr15	105433304	105437135	51	579	1176.05	1	966.796	8.89792662841213	-0.981246538579713
chr15	105437136	106498168	13291	306162	309702.7271	249120	250549.294	-0.00516201464140494	0.0244787496524867
chr15	106498169	106521936	311	3605	7498.101	0	5782.258	32.1659281679616	-1.01545839345912
chr15	106521937	109991850	28842	657229	665729.6366	530218	545610.3695	0.0259183792954427	0.0225273511777579
chr15	109991851	109994055	25	824	562.209	352	480.248	1.00291518382026	0.592605394280617
chr15	109994056	111239624	12045	248533	259846.1049	227860	234261.0912	-0.0210771225746683	-0.0231524029101811
chr16	17697	19657335	210073	4746453	4837902.3759	3882449	3979351.1108	0.0112075833880786	0.0135357459137108
chr16	19664037	20071961	4913	129358	122345.1792	88629	89000.2872	0.0896163977118361	0.121479628878854
chr16	20071962	20263245	2055	49345	50978.384	36388	37363.909	-0.00562587594463382	-0.00591412760978341
chr16	20263246	20701568	5500	145415	139161.9598	95998	98492.5243	0.103594289473398	0.104478799700627
chr16	20701569	57056851	356723	7526549	7874577.0891	6645089	6874655.6489	-0.013041771134617	-0.0241463125017182
chr16	57056852	57058051	16	359	340.53	0	312.584	33.2986561091811	0.117269547597118
chr16	57058052	57393279	2745	56873	58934.8497	52521	53466.636	-0.0224593404217552	-0.0103094761869772
chr16	57393280	57393729	6	75	123.924	0	118.383	32.4979610511047	-0.683425510377663
chr16	57393730	57761787	4360	89531	92775.7705	84939	85271.1931	-0.0425562396401843	-0.0102931713334758
chr16	57761788	57764487	36	443	805.002	725	695.59	-0.918256252979612	-0.820618062770547
chr16	57764488	66016444	95063	2087315	2140748.708	1781536	1817742.875	-0.00426739600209055	0.00460048744433109
chr16	66016445	66020302	48	609	1045.54	955	930.209	-0.814506740078422	-0.738666518001339
chr16	66020303	66894366	7573	152264	163901.7259	139699	147102.3527	-0.0285843169073555	-0.0651885566804869
chr16	66894367	66894891	7	10	146.496	153	138.018	-4.01829136777284	-3.83172176014744
chr16	66894892	70320055	34119	751540	770399.6473	642748	651707.528	-0.0126124878682688	0.0053104554514052
chr16	70320056	70320955	12	143	288.149	0	224.559	32.2116543015039	-0.969732259926132
chr16	70320956	90664038	231991	5200236	5326172.6863	4314652	4400968.3302	-0.00277210110413049	0.0065454991492917
chr16	90664039	90665950	23	155	560.0396	390	406.4469	-1.79049464762216	-1.81219302094654
chr16	90665951	90668716	15	239	328.5242	244	287.8208	-0.217526102995248	-0.417921423213965
chr17	545	60272129	633734	14118287	14500174.7177	11689908	12038640.7114	0.00707691891986673	0.00256237616172202
chr17	60272130	60274454	31	330	686.271	0	597.176	32.1661418004499	-1.01524476097091
chr17	60274455	85826959	281420	6128293	6340734.7869	5223487	5379952.9467	-0.00341120187550323	-0.00809715314296654
chr17	85826960	85827826	11	143	253.478	9	209.154	3.71582460239867	-0.784777784487323
chr17	85827827	88135728	25489	567451	583617.7875	470967	483996.1483	0.00201477438559757	0.000539571039694334
chr17	88135729	88136253	7	0	154.934	73	134.894	-33.2161077302812	-33.1782133431283
chr17	88136254	89383501	14275	308481	317818.6146	266043	274173.4048	0.00358041639157389	-0.00195438629183789
chr17	89383502	89463173	228	2856	5210.2707	957	4303.3659	1.30468555053088	-0.826294744403163
chr17	89464669	90843705	12726	273839	285296.9449	233528	243763.9645	0.00592617920230935	-0.0180687629547272
chr18	0	4949978	50658	1115862	1155640.9668	926838	963356.286	0.00839084953626147	-0.00946702836454847
chr18	4949979	4970263	203	2875	4605.779	2924	3872.972	-0.271212253018798	-0.638815625638072
chr18	4970264	29846876	275635	5965319	6173453.1986	5156103	5281465.8433	-0.011647883048898	-0.00841080965391185
chr18	29846877	29850264	45	509	978.448	0	871.358	32.2796246434674	-0.901761917976018
chr18	29850265	38376908	84196	1870810	1897112.5274	1585733	1609295.5715	0.0043104566950984	0.0209253965147732
chr18	38376909	38538212	691	12617	15009.5482	12832	13399.6837	-0.184885518257724	-0.209444030259822
chr18	38538213	60530586	242731	5346640	5440853.2971	4576175	4649997.9458	0.0010606846527982	0.0158672171218411
chr18	60530587	60535612	67	0	1565.37	624	1264.18	-33.2161077302812	-33.1782133431283
chr18	60535613	61053680	4645	104454	109817.4363	82874	87080.3997	0.0023622947211608	-0.0311717904593866
chr18	61053681	61054880	16	0	370.262	320	302.903	-33.2161077302812	-33.1782133431283
chr18	61054881	63311209	25836	583152	596820.3991	477146	488813.4263	0.00460147992471238	0.00764273312094934
chr18	63311210	63312919	22	1	562.406	457	389.231	-9.36386241011683	-9.0944004887031
chr18	63312920	63348454	458	10209	10410.229	8585	8754.343	0.00319374736537848	0.0129073582217195
chr18	63348455	63349246	10	0	230.967	216	190.8	-33.2161077302812	-33.1782133431283
chr18	63349247	63453982	1334	30933	29999.2	25594	25480	0.0409555871642476	0.0852903358099488
chr18	63453983	63454785	9	2	203.167	174	171.369	-6.68533019464491	-6.62545465651042
chr18	63454786	65123809	20161	431747	458444.0859	364938	383699.6726	-0.0110602632825394	-0.045492027251728
chr18	65123810	65125674	15	4	342.972	281	288.026	-6.38314484118388	-6.38087937222642
chr18	65125675	68769780	42559	906421	937378.0024	798168	820759.7793	-0.00500883993718054	-0.0073820473984049
chr18	68769781	68777423	96	2981	2113.209	1826	1852.003	0.519933804782283	0.537428521829755
chr18	68777424	70859220	24743	571711	573212.0601	464439	467664.4008	0.00937479328174694	0.0372846910748073
chr18	70859221	70859595	5	130	108.089	0	97.0226	33.4887460803478	0.307359518747012
chr18	70859596	70871160	136	3124	3262.44	2538	2541.99	-0.0571174113178676	-0.0214893097400914
chr18	70871161	70871835	9	167	226.919	4	164.536	4.92310336974708	-0.401261702741423
chr18	70871836	71314435	5183	124074	122185.5454	98238	97229.2999	0.0104103654397715	0.0631948090333208
chr18	71314436	71321147	86	3290	2051.16	1673	1610.15	0.629578418675268	0.722715156679439
chr18	71321148	72549979	9701	226528	235059.3196	170504	179563.361	0.0245251431714858	-0.0122678898921451
chr18	72549980	72550729	10	66	218.1998	3	130.845	3.72481384716071	-1.68404424349466
chr18	72550730	73209558	7709	175025	181912.5428	141631	144474.0809	-0.023837177615349	-0.0146164071637415
chr18	73209559	73210043	6	78	147.262	3	111.426	4.30131363961481	-0.875771565233059
chr18	73210044	76937529	39971	907344	921204.7173	744412	756829.3547	0.00516777577095418	0.0191954283177162
chr18	76937530	76939254	23	0	545.874	185	430.255	-33.2161077302812	-33.1782133431283
chr18	76939255	77216268	2361	57397	57493.5228	43131	43709.6916	0.0199771530553299	0.0386435069430766
chr18	77216269	77217318	14	0	354.779	113	253.054	-33.2161077302812	-33.1782133431283
chr18	77217319	82993863	60923	1376393	1415577.8351	1121109	1150193.2454	-0.000375679647588602	0.000568988348226246
chr18	82993864	82995132	5	107	126.658	1	90.7057	6.26296710669216	-0.202259801202141
chr18	82995133	87746343	51932	1056079	1119849.5942	970407	1010231.5152	-0.0233899088485531	-0.0435196130196285
chr18	87746344	88201446	148	2577	3357.338	1797	2839.5365	0.281613015751855	-0.340557644538233
chr19	0	138727	1078	21820	24451.9959	18081	20551.2318	0.0236224880679972	-0.123233522742344
chr19	144448	442998	225	1042	5110.4435	1457	4284.6553	-0.734741735119695	-2.25302561403811
chr19	442999	11438928	122499	2659302	2728897.4654	2325752	2352087.0211	-0.0178531757221727	0.00379704175265516
chr19	11438929	11441070	27	0	608.21	211	515.204	-33.2161077302812	-33.1782133431283
chr19	11441071	12130963	6884	160196	160658.2157	126712	129487.8357	0.0302800013709283	0.0369109719617484
chr19	12130964	12143189	141	1201	3220.9744	1398	2634.8775	-0.505716295465875	-1.38219343718674
chr19	12143190	26395726	159270	3662211	3720626.2404	2936587	2997813.5587	0.0101129447298803	0.0182370507454824
chr19	26404085	27062762	312	1708	6946.901	2193	5976.1175	-0.574585642237229	-1.98299395639942
chr19	27062763	27786597	2194	44368	49660.94	37702	41809.5718	-0.0102266187160703	-0.121524442223127
chr19	27786598	28178027	370	1359	8468.3647	1642	7001.277	-0.544200768000547	-2.59847033927795
chr19	28178028	50419049	247287	5569195	5694419.7717	4590940	4685112.6346	0.000387334306913998	0.00898756681260628
chr19	50419050	50419142	1	32	24.7694	316	17.7005	-3.78537633574437	0.410580588994485
chr19	50419143	62275498	138531	3324025	3348216.9285	2537688	2566552.3352	0.0090284226931884	0.0306058364908526
chr20	747	4008	7	299	148.969	15	136.006	4.18894245283418	1.04620094881059
chr20	4009	160239	149	2000	3502.2853	1581	2769.4508	0.00363914759297031	-0.767229006080205
chr20	167394	173356	48	147	1151.8868	348	894.1198	-1.60555682618047	-2.92904327793931
chr20	173357	452023	2676	52464	59232.9249	47078	51485.142	-0.0427951866082231	-0.134003914889448
chr20	452024	521314	186	2308	4036.03	19	3603.38	6.76408708975071	-0.765226068122939
chr20	521315	661034	1057	22635	22779.154	20028	20551.919	0.0312691065224976	0.0319087450030445
chr20	661035	665546	56	1066	1203.9298	570	1095.1526	0.769727470583968	-0.134476228370937
chr20	665547	814764	1189	24941	26211.4355	21857	22934.0965	0.000894839033359897	-0.0306094501771735
chr20	814765	815332	6	74	132.27	0	114.505	32.3845654605329	-0.796821100930051
chr20	815333	2878790	13878	298713	314200.7638	246082	264657.7147	0.03523513097631	-0.0318590566770777
chr20	2878791	2883504	12	215	283.441	4	226.672	5.42892379050943	-0.357644194758283
chr20	2883505	3159332	769	18613	18524.7775	11734	14069.6107	0.271915121655526	0.0479219957438125
chr20	3159333	3243149	333	9133	8075.398	5653	6170.236	0.307037660165905	0.21862307366012
chr20	3243150	3245852	19	0	449.092	188	354.567	-33.2161077302812	-33.1782133431283
chr20	3245853	3249767	12	56	296.825	137	219.489	-1.72296791083317	-2.36504626885687
chr20	3250205	3266018	57	24	1372.87	506	1062.44	-4.76467150271087	-5.79694919001299
chr20	3266019	4276617	10270	225425	249830.2848	164187	189319.0794	0.0603522768992189	-0.107233245672828
chr20	4277402	4280748	25	311	612.471	2	463.043	6.88044859407899	-0.936659348919014
chr20	4280749	5378506	8186	199360	204794.6594	136079	147839.5257	0.0839586877202397	0.00226548589341691
chr20	5380310	5382354	19	476	452.354	152	344.1394	1.25560431295755	0.114576950675983
chr20	5382355	15655087	109831	2631032	2680444.0575	1973482	2023542.2014	0.0124695649932024	0.0142243758308357
chr20	15655088	15655687	8	5	183.117	72	152.066	-4.11289179725902	-5.15362621643119
chr20	15655688	16347651	8275	175973	182149.9947	158275	159685.8121	-0.0337969040646075	-0.00870525785839416
chr20	16347652	16349133	15	179	320.184	0	293.271	32.3835125385986	-0.797874022864111
chr20	16349134	19756560	39723	846160	900357.0801	730975	757969.6979	-0.0340754711377095	-0.0484991917823202
chr20	19756561	19760499	49	700	1194.68	1002	907.83	-0.910412631483173	-0.730129804929892
chr20	19760500	21013488	15291	345050	357933.7404	283349	287845.7781	-0.0269979521396171	-0.0118195060355776
chr20	21013489	21014014	7	60	152.918	1	135.721	5.73794952314543	-1.30865622459037
chr20	21014015	32993911	137864	3091011	3174557.0584	2555666	2611708.517	-0.00400871244167576	0.0025910855634943
chr20	32993912	33002699	28	292	599.713	526	543.74	-0.987276494894459	-0.997236271347396
chr20	33002700	34063609	7951	162354	179861.8345	139222	151613.4954	-0.0215619696957401	-0.106678553256142
chr20	34063610	34064673	14	161	311.84	1	269.615	7.12418482503032	-0.912677701343807
chr20	34064674	35572835	16474	360265	370181.3717	302714	315226.4901	0.0224327987995059	0.00189380801409975
chr20	35572836	35575820	37	387	794.144	808	725.316	-1.18963946474859	-0.995999458697178
chr20	35575821	36681139	12329	255770	266575.5017	232151	239499.0611	-0.0115674230693344	-0.0186295406011211
chr20	36681188	36683744	14	165	303.268	3	272.178	5.62849010152333	-0.837059646323614
chr20	36683745	41357475	50008	1027822	1092571.88	924534	967866.9781	-0.0188821374523637	-0.0470701537251431
chr20	41357476	41362073	27	49	623.1186	97	504.9572	-1.28537545095566	-3.62758551986415
chr20	41362074	56205872	168638	3634351	3804846.9156	3123950	3221787.3031	-0.018477541147255	-0.025073043979081
chrX	598	10794572	84955	1769590	1862485.0804	1583692	1641513.7338	-0.0189054759656236	-0.0327461248884756
chrX	10794573	10800554	69	2299	1569.55	1371	1317.82	0.496753452187034	0.591723083372946
chrX	10800555	21257874	100861	2193352	2274784.4915	1876714	1926554.9925	-0.0116047349891058	-0.0115249064257571
chrX	21257875	21259971	24	263	547.874	517	457.876	-1.23081545593077	-1.01771373492827
chrX	21259972	22594729	12121	259843	269708.9235	223861	232597.5109	0.00464260551499339	-0.0126954547266878
chrX	22594730	22609966	95	688	2102.245	1183	1819.1382	-0.987472050004745	-1.57038273754955
chrX	22609967	23792750	9837	203321	217395.0494	180270	189407.7973	-0.0220502416382009	-0.0554922496894393
chrX	23792751	23823061	93	1003	2030.66	16	1797.86	5.79761107030763	-0.976559492749495
chrX	23823062	37713692	138803	2934746	3055170.3179	2604440	2677626.313	-0.0148625133562578	-0.0169495583375154
chrX	37713693	37723505	22	9	480.736	149	427.657	-4.21486098755532	-5.69810841887425
chrX	37723506	112384955	713203	14582034	15501980.9732	13390319	13832944.1186	-0.038169485039252	-0.047193010567745
chrX	112384956	112394453	69	2010	1791.254	1933	1146.1949	-0.584590461453041	0.207293181144478
chrX	112394454	150495443	366340	7599544	7997339.5052	6878000	7091677.9144	-0.026296163627138	-0.032539674717433
chrX	150495444	150620612	167	1252	3641.7606	1857	3232.3409	-0.737622760313909	-1.49933391792518
chrX	150620613	159969947	80320	1695905	1776581.0881	1496662	1546124.3629	-0.0169670422854856	-0.0259805765881023
