chrom	start	end	binNum	tumor	tumor_expect	normal	normal_expect	log2.copyRatio	log2.TumorExpectRatio
chr1	987	31272479	310303	6186356	6439449.3912	5762455	5951134.2692	-0.00536039244524586	-0.0139738283982152
chr1	31272480	31385444	126	1125	2622.838	10	2424.836	6.70654562705851	-1.17733005082454
chr1	31385445	31518469	1296	27111	27055.732	24746	24963.826	0.0215937685284929	0.0468177038016339
chr1	31518470	31522345	50	525	1051.74	1037	972.363	-1.08923176769414	-0.958515123303879
chr1	31522346	35816514	52510	1069733	1078159.0902	985422	991378.4523	0.00338089609830018	0.0325543277874819
chr1	35816515	35819214	36	340	730.396	0	674.856	32.1221428275068	-1.05927046831228
chr1	35819215	36025388	2435	49654	49992.335	46712	46159.958	-0.020942278715466	0.0340766791076294
chr1	36025389	36026796	18	176	368.757	1	341.478	7.35455976493876	-1.02322135722413
chr1	36026797	51387805	154336	3095719	3178548.9156	2846714	2930376.3178	0.00970061868073826	0.00577988222213955
chr1	51387806	51388984	15	164	307.605	36	286.279	2.08997589014937	-0.863509489358608
chr1	51388985	54971857	35061	699801	721122.5946	649653	661449.7196	-0.0113316648508435	0.000573829779324339
chr1	54971858	54978712	20	80	406.9	0	379.558	30.8786845702963	-2.30272872509895
chr1	54978713	67782435	95654	1873375	1992032.9038	1727485	1835982.1519	0.00528308732317638	-0.0447281102046293
chr1	67782436	67785453	40	0	849.02	863	784.385	-33.2132749521519	-33.1754072994074
chr1	67785454	67796280	123	2583	2593.69	2607	2397.03	-0.121095035313014	0.0379152352925975
chr1	67796281	67802112	8	3	165.743	151	154.283	-5.75080507073346	-5.74396797237067
chr1	67802113	68003842	918	19006	19301.8468	17331	17851.1227	0.0263819513064892	0.0215896930503207
chr1	68003843	68007252	7	2	142.807	143	129.048	-6.30002424419089	-6.114049227986
chr1	68007253	68138577	1342	28355	28381.859	26826	26195.5758	-0.0296687131414158	0.0425077174924194
chr1	68138578	68158717	7	12	143.799	123	133.169	-3.46234136857603	-3.53907368095103
chr1	68158718	71804812	18536	360694	382393.7437	333810	352659.1218	0.000969683859535139	-0.0404098454533395
chr1	71804813	71808502	9	3	187.829	87	172.249	-4.97689921298909	-5.92443985673166
chr1	71808503	72054083	1990	40324	41592.9076	36924	38495.8658	0.0214518799640645	-0.000825135902243861
chr1	72054084	72101910	50	1468	1046.3341	830	967.2498	0.715291568436915	0.532382032463919
chr1	72101911	73406293	12855	255666	265365.0912	230991	241212.4118	0.0147552179239721	-0.00984463183515698
chr1	73406294	73424261	123	0	2557.58	1008	2362.042	-33.2132749521519	-33.1754072994074
chr1	73424262	73424973	6	96	123.565	183	115.306	-1.02453390964396	-0.320290194641823
chr1	73424974	73439407	140	3	2933.937	1210	2714.773	-8.76182909485542	-9.88978588594648
chr1	73439408	74825297	10457	212477	219096.5618	193696	201963.6563	0.022047373814673	-0.000386512942543549
chr1	74825298	74826923	21	0	435.869	348	401.716	-33.2132749521519	-33.1754072994074
chr1	74826924	74950834	1408	30626	29659.3	27995	27409.2	0.021769440241244	0.0901460527411713
chr1	74962201	74974498	53	2104	1122.4288	989	1037.6392	0.981779230991523	0.95038442203088
chr1	74974499	75004734	50	3549	1056.37	967	974.426	1.76534007370334	1.79217098800773
chr1	75004735	75012188	96	4200	2027.39	1984	1873.72	0.974265037962563	1.09463933709552
chr1	75012189	75039059	340	24073	7235.75	6883	6673.32	1.69557464768382	1.77807512468986
chr1	75039060	75049837	66	3083	1380.95	1284	1273.29	1.15259563844	1.20254745403453
chr1	75049838	75060122	137	10813	2918.13	2845	2689.5	1.81456611791699	1.9335244344001
chr1	75060123	75067596	25	859	522.6218	472	481.8114	0.752578492895403	0.760764476206374
chr1	75067597	97687380	201909	4079701	4163945.2491	3695419	3776537.3924	0.00784443886173329	0.0143859719723259
chr1	97687381	97691876	49	2080	1022.7	1010	939.325	0.925547538684131	1.06807417259189
chr1	97691877	97694760	33	751	689.296	624	637.957	0.161608417787862	0.167562913989301
chr1	97694761	97697849	40	413	849.513	1	783.132	8.57862333015928	-0.996620593567437
chr1	97697850	113349392	154003	3148295	3196382.918	2856983	2923270.9623	0.017227586122766	0.0220041299277075
chr1	113349393	113352134	32	1	672.402	311	623.236	-8.38431017079537	-9.34930645905004
chr1	113352135	113361026	27	650	565.838	272	523.502	1.15064504494625	0.243924300629979
chr1	113361027	124815319	76450	1507497	1599753.6302	1373574	1476745.6603	0.0247981235873286	-0.0418209594952291
chr1	124815320	124816819	20	712	375.506	304	286.32	0.842604403116812	0.966914930794488
chr1	124816820	148463935	256929	5131384	5301126.7321	4746145	4877902.7234	-0.00144023201470483	-0.00307738974067024
chr1	148463936	148622791	50	111	1028.39	250	822.137	-1.48829918017655	-3.16788225418524
chr1	148623391	148626298	31	260	636.1053	164	504.7742	0.33719437099293	-1.2468803339668
chr1	148626299	148629153	36	189	761.343	489	612.7963	-1.67858120996165	-1.9662866781887
chr1	148629154	148653533	184	2149	3788.3091	2928	3206.4225	-0.680833586362089	-0.774014917127834
chr1	148653534	154087072	49980	1012947	1048665.9311	937540	968890.067	0.00346226772904531	-0.00612281787862445
chr1	154087073	154087852	6	0	122.365	114	114.072	-33.2132749521519	-33.1754072994074
chr1	154087853	158839284	44038	905928	919862.2675	830361	850758.4289	0.0189953852544428	0.0218521838430866
chr1	158839285	158845789	46	1518	954.503	893	880.121	0.654397855624678	0.713223803175277
chr1	158845790	167755696	106642	2174163	2207263.8631	1989666	2019973.2413	0.00601690982527721	0.0220746507484088
chr1	167755697	167756296	8	1	170.88	82	157.924	-6.46529911063999	-7.37296606779381
chr1	167756297	180497234	121193	2465009	2509442.5464	2251586	2308987.626	0.0165508534794646	0.0180996476304384
chr1	180508974	182078354	1182	13415	24827.8749	15257	22857.2712	-0.298925863231865	-0.844240077423232
chr1	182078355	215003378	341125	6897019	7010486.1251	6300186	6434138.4158	0.0128170007523714	0.0203321028698423
chr1	215003379	215004133	10	2	207.428	83	193.212	-5.47145938054626	-6.65259317713716
chr1	215004134	215043929	523	11116	10744.01	9056	9552.1234	0.13205869982828	0.092978836588068
chr1	215043930	215451956	2516	45507	51518.8813	42612	47203.3829	-0.0253762985821159	-0.135139135627592
chr1	215451957	215453375	18	0	366.727	185	340.585	-33.2132749521519	-33.1754072994074
chr1	215453376	215453975	8	150	160.417	134	150.267	0.0744366740420659	-0.0529908874368175
chr1	215453976	215465787	142	4	2919.14	1293	2697.47	-8.44443700128689	-9.46745393309779
chr1	215465788	233200861	177086	3595054	3665405.1439	3237921	3328386.0953	0.0178017771015193	0.0159144197581295
chr1	233200862	233203420	34	397	699.099	0	647.887	32.4089291816323	-0.772484114242736
chr1	233203421	282763000	522182	10613356	10789244.4017	9790444	9934033.2115	0.00329836223739298	0.020160733151841
chr2	0	5692478	37396	777128	783001.668	717951	723095.7556	0.00544418321162294	0.0330105118783193
chr2	5692479	5693738	5	119	104.594	21	93.8519	2.35216409973485	0.23003512888864
chr2	5693739	12249115	66633	1402619	1398309.6782	1316638	1291951.1595	-0.0168619410568012	0.0483129215874463
chr2	12249116	12250241	15	97	315.335	0	291.963	31.5244582899463	-1.65695500571377
chr2	12250242	14630809	24653	506478	518128.8538	468565	478354.8839	0.00302680666408186	0.0110623260329408
chr2	14630810	14631563	10	92	211.805	0	195.969	32.0222560649928	-1.15915723080416
chr2	14631564	15637668	10904	226425	230594.6955	206338	212621.3829	0.0229570831539672	0.0175475809432077
chr2	15637669	15645082	49	770	1022.374	1	939.199	9.47230022160002	-0.365119052098893
chr2	15645083	17848016	22897	472675	484994.7787	430229	446937.6871	0.0238542706961427	0.00675299573273503
chr2	17848017	17849296	16	3	339.763	194	313.815	-6.12355877413678	-6.77954877564401
chr2	17849297	52403899	370076	7390404	7663475.7389	6875998	7076172.071	-0.00493963507297939	-0.00847198740576911
chr2	52403900	52409079	62	653	1277.82	1165	1185.53	-0.937321515753607	-0.924656078856417
chr2	52409080	52631181	2103	44246	43348.4383	40130	39966.2855	0.0296753516158978	0.0734406669161972
chr2	52631182	52971658	1359	26288	28038.8977	25105	25752.6414	-0.050273561921615	-0.0491515984218404
chr2	52971659	52989887	46	85	970.3667	437	880.4603	-2.49636462423693	-3.46912164497605
chr2	52989888	53387421	4388	85098	91065.0672	79699	84338.5366	-0.0101361497925391	-0.0538988632667536
chr2	53387422	53389395	25	0	526.346	275	486.839	-33.2132749521519	-33.1754072994074
chr2	53389396	92248406	401082	8060884	8395481.3595	7430380	7752606.7974	0.0085765136071085	-0.0148013344780961
chr2	92248407	92250066	16	10	328.828	194	304.764	-4.38161940310003	-4.9953875917078
chr2	92250067	95906110	39989	796064	829587.3933	739743	764187.2585	-0.00660148838855917	-0.0156358993157979
chr2	95906111	95907689	21	236	442.467	0	409.58	32.3185039448154	-0.862909351043119
chr2	95907690	137345807	417653	8460883	8721188.4633	7844320	8055873.0292	0.000682037461789829	0.000157135355550189
chr2	137345808	137348566	15	360	319.629	694	295.229	-1.05549662687862	0.215472245949303
chr2	137351258	137354863	36	717	743.883	691	689.211	-0.0508365954588396	-0.00922895951951937
chr2	137354864	137356729	21	0	427.797	204	391.776	-33.2132749521519	-33.1754072994074
chr2	137356730	186880057	463928	9333052	9669025.6886	8651031	8930731.5674	0.000890689579036822	-0.00714793871961199
chr2	186880058	186881480	18	0	368.598	156	339.476	-33.2132749521519	-33.1754072994074
chr2	186881481	187744094	10542	216232	217184.132	193859	195313.563	0.0104517608024668	0.037534991573453
chr2	187744098	187748374	47	1058	956.446	4	888.477	7.94678078876042	0.189457854207656
chr2	187748375	191381172	36824	747893	760325.2415	675092	692507.2922	0.0189663306325691	0.020088843258821
chr2	191381173	191382557	16	43	334.868	196	309.136	-2.29778993982971	-2.91731030311614
chr2	191393786	192494471	5717	114149	119762.1872	107030	110628.9979	-0.0155338986078504	-0.0253806039514863
chr2	192494472	192495703	16	0	336.784	310	311.409	-33.2132749521519	-33.1754072994074
chr2	192495704	192527935	258	4572	5444.177	4532	5007.107	-0.102053147503536	-0.208014919028249
chr2	192527936	192529921	26	1	552.79	566	509.78	-9.2555089014495	-9.06671397809126
chr2	192529922	202656060	85988	1712010	1774062.6006	1574906	1632326.5225	0.00630416047564638	-0.00749214002241747
chr2	202656061	202659208	32	702	670.213	2	620.258	8.3495819396911	0.110725009625997
chr2	202659209	211988674	106874	2144474	2202085.8825	1972326	2021867.5691	0.00354955999184415	0.00562673833207848
chr2	211988675	211992684	52	948	1070.48	458	995.849	0.951286524465835	-0.131425227939032
chr2	211992685	249204195	403200	8153851	8395256.463	7555676	7758748.3018	0.00217627965352598	0.00178084539522932
chr2	249204196	249205395	16	1	335.457	173	311.392	-7.5360181726051	-8.34611034071456
chr2	249205396	252863915	44744	896970	921510.4578	834327	850299.8096	-0.00557612700631636	0.00493284484790309
chr2	252863916	252864517	8	88	166.188	0	154.739	32.3080461618172	-0.873367134039387
chr2	252864518	257362914	52009	1058285	1081676.57	997107	1001648.0698	-0.0189795159889306	0.012332666196482
chr2	257362915	257363408	6	0	121.707	71	111.272	-33.2132749521519	-33.1754072994074
chr2	257363409	266433159	104619	2112303	2169087.7258	1976056	2003305.6515	-0.0125068852558949	0.00560204499373744
chr3	534	23971461	225387	4524733	4669371.8481	4081034	4220725.671	0.00916650973885176	-0.00152217067913699
chr3	23971462	23988296	106	827	2221.0049	1494	2025.7349	-0.979982105943946	-1.38137969141165
chr3	23988297	24554491	5894	119859	124122.5192	111787	114517.5638	-0.00960418285445697	-0.00655299123849106
chr3	24554492	24560047	67	670	1385.91	1335	1288.79	-1.09341711225739	-1.00472692248951
chr3	24560048	25295821	7811	157335	165111.3536	146801	152299.4984	-0.01054429529999	-0.0257260369314705
chr3	25295822	25297056	16	205	347.04	2	317.733	6.55819905246432	-0.715604398681627
chr3	25297057	28256223	34189	720811	721732.7273	654324	666546.9487	0.0308636562333455	0.0420300013932284
chr3	28256224	28257696	19	136	393.461	3	365.1687	5.40084878907567	-1.48874034099356
chr3	28257697	44957963	184340	3707888	3846962.1328	3444352	3556760.1687	-0.00078485637916431	-0.00924831230319828
chr3	44957964	44961195	43	441	887.458	869	826.323	-1.07554454372192	-0.965026538330931
chr3	44961196	46586670	20492	412220	422269.0658	384002	389429.5836	-0.0084934039789444	0.00912558917257938
chr3	46586671	46594677	76	780	1568.09	0	1455	32.217824609855	-0.963588685983981
chr3	46594678	47148343	6116	123507	125858.5739	115305	116383.3702	-0.00777483787014297	0.0166629603165872
chr3	47148344	47155099	89	2737	1823.41	1746	1694.6	0.548853653805382	0.629830091477968
chr3	47155100	48895186	19467	393439	406401.587	359833	375727.6374	0.0215996731615313	-0.00289241306871334
chr3	48895187	48897992	37	392	772.3	737	716.662	-1.01267347982735	-0.934434067287275
chr3	48897993	49254051	4199	88013	88497.542	80472	81769.71	0.0211648797382823	0.0359528978135316
chr3	49254052	49256020	26	225	549.596	0	508.793	31.9368404428837	-1.24457285289294
chr3	49256021	49553536	3642	76595	76778.0732	69681	70922.5656	0.0280412577337904	0.0404295128052625
chr3	49553537	49555052	20	235	410.827	0	379.915	32.4194167021168	-0.761996593760001
chr3	49555053	51356216	21388	435931	447166.5065	401966	413534.5379	0.0102280145132223	0.00716131811279268
chr3	51356217	51361393	68	629	1416.08	0	1315.18	32.0545160964996	-1.12689719930466
chr3	51361394	56515154	61502	1249825	1278225.4577	1166149	1182152.5518	-0.0067461396002922	0.011457426928683
chr3	56515155	56517668	33	1	665.683	289	617.895	-8.27639326759529	-9.33481776991173
chr3	56517669	57636055	8391	166230	172390.7392	157998	158664.5903	-0.0404216088253532	-0.00862785269518489
chr3	57636056	57638313	21	183	430.46	443	400.289	-1.37429426557815	-1.19016188475954
chr3	57638314	58397211	8858	173746	182307.5473	164149	167787.0096	-0.0317634644810645	-0.0255208744002848
chr3	58397212	58410603	31	244	632.817	562	589.671	-1.29956109842062	-1.33103355927167
chr3	58410604	59815994	17637	352872	361817.8515	329111	333629.3257	-0.0104407759156965	0.00775501810461726
chr3	59815995	59817724	23	0	470.854	355	437.095	-33.2132749521519	-33.1754072994074
chr3	59817725	60418981	7155	145226	147632.902	135528	135944.0299	-0.0132866674047245	0.0201591322010261
chr3	60418982	60419628	8	0	161.326	166	146.399	-33.2132749521519	-33.1754072994074
chr3	60419629	66812169	76736	1555224	1586308.3551	1444308	1465737.1032	-0.00129692099577762	0.0153228002321959
chr3	66812170	66815544	45	436	952.871	0	880.048	32.097334165788	-1.0840791300258
chr3	66815545	73326034	67557	1357380	1413148.1665	1259745	1303975.2826	-0.00229728723488084	-0.0142144270928365
chr3	73326035	73327159	15	161	326.391	3	298.945	5.62523916450124	-0.975666938468205
chr3	73327160	94830606	221263	4519695	4623532.5584	4155218	4252647.7915	0.0066730738241901	0.0111035209969332
chr3	94830607	94835876	46	409	949.109	927	880.797	-1.28222672609436	-1.17059928946194
chr3	94835877	94918483	915	18801	19130.7	18069	17721.9	-0.0470576461281448	0.0187933851319433
chr3	94918484	94924910	38	385	799.259	697	740.123	-0.961192247773989	-1.00993098889045
chr3	94924911	109323127	152484	3118023	3176602.7034	2890580	2937500.8003	0.00238314646507835	0.0170205557184672
chr3	109323128	109324405	17	175	354.445	1	328.744	7.34861984602502	-0.974333206894863
chr3	109324406	115420056	67120	1354590	1384101.451	1245047	1270507.2254	0.00411693020190134	0.0127802074981419
chr3	115420057	115424943	56	1	1163.69	547	1079.78	-9.19736032534597	-10.1406172514782
chr3	115424944	115739869	3196	65567	66785.0207	59679	61837.8045	0.0307170648894662	0.0173189808545017
chr3	115739870	115741565	14	1	293.764	152	272.261	-7.35158876311701	-8.15464010619822
chr3	115741566	119733013	46285	940322	956629.955	871148	884300.9483	0.00281949730844906	0.0190675543573241
chr3	119733014	119734297	16	0	325.206	133	301.768	-33.2132749521519	-33.1754072994074
chr3	119734298	149739201	330535	6684100	6833029.5868	6157549	6294579.0854	0.00596764633872011	0.0120815935082347
chr3	149739202	149754312	88	310	1816.123	0	1687.028	30.6747651513095	-2.50664814397439
chr3	149754313	151772070	22006	441691	452301.7947	405166	413136.1429	-0.000138122697022024	0.00962536510940908
chr3	151772071	151773375	17	150	353.13	0	328.269	31.9900500565055	-1.19136323928393
chr3	151773376	152955400	12251	246437	251678.9446	227699	229179.7772	-0.0150078601404444	0.013508001815429
chr3	152955401	152974788	111	1676	2276.082	3930	2049.4173	-1.37483992655176	-0.397656735598102
chr3	152974789	153027624	555	9478	11359.1079	9074	10409.6078	-0.0570838240378118	-0.217321319931586
chr3	153027625	153048184	194	3680	3985.3441	8639	3673.2753	-1.34278982924861	-0.0711248779299634
chr3	153048185	153051977	49	781	1014.6169	621	940.1639	0.226784371207032	-0.333666992945993
chr3	153051978	153070173	120	1724	2472.2435	4723	2273.3979	-1.56890839732942	-0.476187422273895
chr3	153070174	158905228	67997	1356886	1398037.174	1261399	1280417.9208	-0.0155071298551655	0.000770443457057957
chr3	158905229	158912569	86	900	1803.9688	1612	1669.8967	-0.946264367390223	-0.959303830800373
chr3	158912570	168951417	108338	2131215	2226927.4102	1963508	2008002.1467	-0.0250450583388499	-0.0195047410315976
chr3	168951418	168952842	19	225	391.799	0	363.832	32.42509823166	-0.756315064217845
chr3	168952843	174800590	60467	1196094	1243216.526	1098335	1125004.6092	-0.0151280572465954	-0.011873162869579
chr3	174800591	174803892	44	535	906.289	887	816.079	-0.874651572354161	-0.716558633089502
chr3	174803893	177699918	32419	659383	668060.9039	586569	599597.6343	0.0188369209171809	0.0250107097375464
chr4	784	42713107	445566	9053861	9286750.8442	8369314	8568213.1032	0.00325021207049179	0.00723287816992825
chr4	42713108	42718689	73	795	1539.11	1	1424.53	9.52920650132136	-0.909195929330602
chr4	42718690	43045805	3710	77195	77645.7856	71731	71858.501	0.000167878093223649	0.0354734340678022
chr4	43045806	43046480	9	88	187.6	0	174.414	32.1332025466046	-1.04821074921692
chr4	43046481	43326285	3108	64764	64782.175	61118	60009.347	-0.0208089191251651	0.043468836692842
chr4	43326286	43328422	26	293	549.497	0	508.196	32.3180760054959	-0.863337290362625
chr4	43328423	47285511	41878	852272	877806.2462	790445	810911.4753	0.000296743006120278	0.00128504925101398
chr4	47285512	47290610	25	292	539.313	1	495.497	8.07358399666173	-0.841280791219425
chr4	47290611	47383093	1007	21067	21386.4749	18951	19715.8089	0.041371101272878	0.0221598296883806
chr4	47383094	47385344	30	323	644.671	0	592.765	32.2282580240297	-0.953155271811446
chr4	47385345	49571296	24527	498956	513449.5239	457107	474483.9553	0.0185235309127137	0.00256379266210238
chr4	49571297	49572826	13	119	268.678	6	249.819	4.21086626383953	-1.13104297152678
chr4	49572827	49692139	1369	25996	28335.0324	25073	26236.043	-0.0528756834549279	-0.0804235493947213
chr4	49692140	49694308	12	111	249.808	0	230.094	32.0550269427608	-1.12638635304361
chr4	49694309	49902057	2356	47223	49120.4825	44749	45442.36	-0.0286467202248327	-0.0129613859107176
chr4	49902058	49905211	42	462	879.672	0	816.358	32.2962141055132	-0.885199190341132
chr4	49905212	54483183	50715	1022832	1063097.7531	949531	982502.4064	-0.000453222579423402	-0.0118314087720905
chr4	54483184	54483783	8	0	169.545	88	156.574	-33.2132749521519	-33.1754072994074
chr4	54483784	71856741	196061	3955501	4053590.6045	3642284	3736639.8477	0.00756414296813228	0.00853369620188269
chr4	71856742	71860217	39	0	821.217	444	753.577	-33.2132749521519	-33.1754072994074
chr4	71860218	107844121	359172	7268196	7474132.8785	6691783	6894916.2172	0.00883946728931808	0.00356476175348503
chr4	107844122	107851205	34	0	714.637	165	645.511	-33.2132749521519	-33.1754072994074
chr4	107851206	119350033	123643	2511454	2564781.8874	2335761	2356414.7069	-0.01160649466347	0.0135603580765083
chr4	119350034	119350708	9	87	185.488	0	172.939	32.1330483958231	-1.04836489999833
chr4	119350709	126484449	84427	1715833	1737217.6887	1577734	1584893.3901	-0.00533160123107449	0.0260042456872669
chr4	126484450	126485349	12	73	245.795	224	227.331	-1.7241855038746	-1.70761354942556
chr4	126485350	168430261	441925	8931627	9147010.937	8205201	8412581.637	0.00763854818894103	0.00949627653563324
chr4	168430262	168432051	22	1	454.617	393	419.489	-8.72839809744927	-8.78463410818864
chr4	168432052	184224823	182464	3640949	3755765.133	3408227	3461210.7295	-0.0165309647960217	-0.000918664567504175
chr5	34651	4579595	44917	905030	933256.2849	832542	862517.1226	0.0127283353814965	-0.00043405405067487
chr5	4579596	4580779	15	175	310.737	3	288.766	5.76646144388749	-0.784465464138628
chr5	4580780	15302345	110239	2219002	2295919.7094	2045332	2121112.7875	0.00933106890769035	-0.00528757295177609
chr5	15302346	15307332	66	677	1394.89	2	1290.45	8.29674081414307	-0.999049967993341
chr5	15307333	16367766	11674	242428	243656.989	221745	225685.9249	0.0241256007981579	0.0365783816896263
chr5	16367767	16374391	58	562	1216.87	3	1128.02	7.44608735812052	-1.07065936572724
chr5	16374392	24753561	86027	1718107	1783539.4758	1590125	1647993.123	0.0036527777775664	-0.0100496110832859
chr5	24753562	24762231	11	130	227.56	36	210.279	1.74450660054055	-0.763861713172798
chr5	24762232	24919801	1013	20582	20876.3531	18558	19170.2351	0.032346257676898	0.0233871197928167
chr5	24919802	24941452	22	324	464.3186	80	426.9081	1.90273836545581	-0.475247611768638
chr5	24941453	26010259	11423	225097	235484.6575	207962	217694.9674	0.00690787997049721	-0.021212588292604
chr5	26010260	26022019	140	8	2893.12	2655	2688.83	-8.47413771741243	-8.45453674722111
chr5	26022020	35214378	100138	2025911	2098377.5652	1879506	1939704.0922	0.000785565904086099	-0.00682984190465485
chr5	35214379	35215128	10	114	213.162	1	196.557	6.7218934516089	-0.859042800285282
chr5	35215129	35362427	834	17321	17483.5878	15178	16180.2759	0.0847814591983729	0.0303946036656759
chr5	35362428	35369747	55	812	1142.47	408	1053	0.881265725802451	-0.448731000010522
chr5	35369748	35601224	1557	31297	32581.4522	28137	30104.7629	0.0455027016772713	-0.0141528855254601
chr5	35601225	35602346	11	120	234.07	7	215.16	3.98401151917814	-0.920031985127801
chr5	35602347	53284779	188261	3796918	3940420.0431	3518362	3638579.6852	0.000956890412823572	-0.00964693529309738
chr5	53284780	53331163	361	3013	7646.614	5724	7017.6575	-1.04364851310159	-1.2997467261117
chr5	53331164	68765719	167725	3374722	3481380.8068	3108411	3191757.9321	-0.000711004319789668	-0.00101731865689599
chr5	68765720	68769360	47	446	993.063	866	918.553	-1.06383959684216	-1.11096788541826
chr5	68769361	68987107	2408	49277	50193.851	46154	46437.9196	-0.0117425588453516	0.0172774389908003
chr5	68987108	68989963	38	371	782.231	0	719.354	32.149111420891	-1.03230187493384
chr5	68989964	68990263	4	71	84.7072	63	78.3753	0.0663876509268096	-0.210791927684597
chr5	68990264	68992157	25	282	528.36	0	489.017	32.3194608581108	-0.86195243774798
chr5	68992158	86869565	192767	3882825	3995707.5515	3594884	3686861.392	0.00110964832029511	0.0025293404783066
chr5	86869566	86870465	5	62	104.003	0	88.7293	32.4790019222382	-0.702411373648844
chr5	86870466	108800490	233934	4712942	4889275.1499	4351676	4519043.1473	0.00745951224391262	-0.0091190205500653
chr5	108800491	108803416	39	0	824.858	387	762.754	-33.2132749521519	-33.1754072994074
chr5	108803417	132329538	264979	5356329	5492617.7232	4933207	5067118.0518	0.00839630379078777	0.00762434092882786
chr5	132329539	132367307	91	366	1938.003	818	1788.322	-1.27021547459061	-2.3607816001732
chr5	132367308	133057251	6096	61285	128420.0768	113432	118516.5816	-0.997997631320692	-1.02339120588977
chr5	133057252	137799331	48739	967331	1002644.6269	886785	912721.1753	-0.00413298304791675	-0.00785516552164964
chr5	137799332	137803929	36	8	761.841	164	704.184	-4.46508348921398	-6.52947245808473
chr5	137803930	137960267	1328	27841	27490.7	26044	25411.1	-0.0112188302185184	0.0621410379188587
chr5	137960268	137963680	40	711	814.34	2078	747.6337	-1.66456785990567	-0.151908059094509
chr5	137963760	147656772	113336	2230337	2329391.4469	2062411	2114779.942	-0.0205097033957758	-0.0188177353643315
chr5	147656773	147657597	9	72	183.8	0	171.144	31.8732189906359	-1.30819430512483
chr5	147657598	173707145	296920	5910000	6117378.7552	5377484	5479313.7131	-0.0166855965461758	-0.00588182274233088
chr6	0	16239996	181129	3640056	3749794.0654	3367098	3447549.2587	-0.00277927078182105	0.00102292863037272
chr6	16239997	16907674	271	89	5683.44	2	5244.753	5.36584947035799	-5.95294160515249
chr6	16907675	40704256	257109	5182943	5331580.7095	4794412	4910821.4686	-0.000175318179197512	0.00308184993021049
chr6	40704257	40705150	11	0	235.52	96	216.953	-33.2132749521519	-33.1754072994074
chr6	40705151	44651043	46807	929120	961458.1273	859527	881626.6011	-0.00672829650373708	-0.00548543899704645
chr6	44651044	44657086	80	2390	1624.94	1499	1500.02	0.563611519704702	0.600497819352683
chr6	44657087	51047447	77560	1577730	1596664.8136	1454919	1475752.2187	0.00930652599035486	0.0266625040118314
chr6	51047448	51060142	167	1620	3475.1	2	3222.18	9.55876645770142	-1.05718703075723
chr6	51060143	51507830	5574	114135	115242.0369	105029	106420.7951	0.0110725554945805	0.0299478524354947
chr6	51507831	51564245	649	11771	13359.7925	11062	12327.6006	-0.0203749358075058	-0.138787061790834
chr6	51564246	51567997	9	214	188.201	13	172.933	3.92497216730623	0.229210152418727
chr6	51567998	63550653	136427	2775001	2849841.0925	2561270	2634027.1495	0.00802368250902398	0.00548046430512744
chr6	63550654	63555266	60	691	1265.81	1	1170.64	9.32578433848343	-0.829429604847426
chr6	63555267	63969499	4720	100358	99327.581	91226	91873.1942	0.0310942679665248	0.0587629928341419
chr6	63969500	63970749	11	121	228.565	0	211.987	32.3076894915214	-0.873723804335127
chr6	63970750	65649464	15762	317526	328714.4387	293473	304278.1022	0.00820863078948083	-0.00608644921156866
chr6	65649465	65651506	26	256	559.952	0	514.923	32.0961275935253	-1.08528570228823
chr6	65651507	69013501	37197	774596	785257.7786	708120	725077.3267	0.0204247160881145	0.0241513719617934
chr6	69013502	69014401	12	131	257.441	9	237.06	3.75051441000881	-0.930801373655599
chr6	69014402	71216053	22019	461370	464426.215	425332	428597.0164	0.00751319179743001	0.0343484384045149
chr6	71216054	71219963	49	469	1017.94	1011	945.47	-1.20866611329305	-1.07411905013312
chr6	71219964	72325895	12425	255965	258425.711	236034	239175.6415	0.0112787151321869	0.0300705907260015
chr6	72325896	72340521	107	1040	2185.88	5	2022.62	7.59445675293397	-1.02775702426608
chr6	72340522	75733942	40869	814966	843629.1634	764069	779763.8856	-0.014528689329737	-0.00599544683714261
chr6	75733943	75734789	11	118	226.321	0	210.836	32.2857033487693	-0.895709947083074
chr6	75734795	84189165	89128	1807583	1864696.6231	1662644	1721363.4395	0.0111993963917129	-0.00100538673098876
chr6	84189166	84195199	80	924	1691.66	1566	1560.67	-0.871387580009444	-0.828601229583412
chr6	84195200	85228674	11255	232825	238939.2168	214592	220145.8671	0.00547178103696565	0.00647596714127607
chr6	85228675	85253624	111	1082	2371.0731	1855	2174.1161	-0.89682384874337	-1.08796599273479
chr6	85253625	91196590	63144	1302510	1328635.0039	1189696	1227042.8128	0.0219482311892928	0.0152232694997433
chr6	91196591	91197539	9	36	184.8942	0	165.2009	30.8646557881318	-2.31675750725629
chr6	91197540	115217205	268814	5359057	5540786.5456	4960196	5097803.8159	-0.00262690730828146	-0.00423797889302922
chr6	115217206	115232868	151	1552	3130.11	2917	2904.19	-1.0124283484	-0.968211150727388
chr6	115232869	147989969	337398	6803064	6994102.213	6234769	6393284.1912	0.0022728945815479	0.00391943099851413
chr7	794	10903437	48415	836181	1011253.2954	763713	928813.4827	0.0141070930711646	-0.230383586932857
chr7	10903438	12178699	15730	341386	327509.9076	278234	279954.0003	0.0747624097573771	0.103738994564758
chr7	12178700	12179974	17	718	333.078	297	259.294	0.918255666366651	1.15199742728787
chr7	12179975	12404661	2869	62807	59839.671	52154	50822.422	0.0385163380142627	0.113696766441591
chr7	12404662	12436358	422	10218	8790.24	5905	7248.61	0.518911686084832	0.261012029506162
chr7	12436359	13158906	8000	172933	166556.6746	142459	143108.6114	0.0667697438348998	0.098073677840579
chr7	13158907	30355457	129195	2549653	2665933.4735	2356329	2449034.5773	-0.00266171361223161	-0.0204662157687397
chr7	30355458	30356434	13	125	266.585	0	248.993	32.1326194342284	-1.04879386159296
chr7	30356435	44454171	162082	3267292	3362779.6232	3031285	3106911.7589	-1.0771104511512e-06	0.00231480852791689
chr7	44454172	44486885	13	144	270.06	26	251.389	2.37213283139473	-0.86333750915286
chr7	44486886	58229928	148880	3044073	3116809.1823	2823982	2881053.8262	0.000804841908493783	0.00980677337837978
chr7	58229929	58241193	69	7	1427.97	635	1323.19	-6.60719728288207	-7.62852135403717
chr7	58241194	77160139	215377	4319329	4445138.1016	4001955	4095549.5881	-0.00206291760545012	0.00245261791044049
chr7	77160140	77162839	36	962	708.38	396	552.489	0.927964720735367	0.485387063138241
chr7	77162840	97969104	228630	4647742	4785613.1989	4289711	4421404.3467	0.00745640981425091	0.00169984080356224
chr7	97969105	97991271	274	5936	5645.624	4565	5164.0361	0.256248266365147	0.116231693433218
chr7	97991272	109377643	117799	2369090	2437874.386	2152854	2254610.4212	0.0313428968589392	0.00258286464698016
chr7	109377644	109378018	5	79	103.012	0	96.236	32.8423990954039	-0.339014200537023
chr7	109378019	117081159	84108	1718369	1742171.1531	1546559	1593590.1544	0.0293782726218956	0.0240271584546959
chr7	117081160	117092214	140	4263	2862.32	2639	2635.88	0.578983422937005	0.618557734195983
chr7	117092215	119779235	26091	532744	537784.3543	476489	480838.5048	0.00553017319817158	0.0302883057817589
chr7	119779236	119780365	15	1	312.927	125	264.448	-7.20262034519077	-8.2458086378757
chr7	119780366	145202346	302338	6084346	6223155.2729	5558894	5648882.7893	-0.00337035517926091	0.0113296039871204
chr7	145202347	145204476	21	206	435.223	0	403.969	32.1461764830581	-1.03523681276613
chr7	145204477	145280771	852	17035	17687.489	16040	16353.68	-0.0202801324897503	-0.0103536536701695
chr7	145280772	145325643	48	1585	985.5273	617	911.6453	1.25472322111024	0.729388749024669
chr7	145325644	145481306	102	833	2144.1032	599	1948.275	0.343589470588943	-1.32011229674021
chr7	145481307	145677524	66	704	1385.574	249	1279.9602	1.3910508697663	-0.932962779841747
chr7	145677525	145729228	580	10270	12028.6389	9396	11078.3591	0.0155943648991118	-0.184163572376906
chr8	510	8266195	80282	1609000	1679781.2235	1498557	1552161.0082	-0.00539876601054515	-0.0182353714183328
chr8	8266196	8266712	6	0	119.791	60	112.26	-33.2132749521519	-33.1754072994074
chr8	8266713	10109531	20215	418835	425443.1003	387225	393118.0447	0.00521229572777723	0.0212894603222227
chr8	10109532	10111631	28	280	599.846	570	552.27	-1.1387474961404	-1.05529168451953
chr8	10111632	40443650	311993	6389751	6460606.8097	5858474	5952134.5244	0.0129782423793123	0.0279636862040901
chr8	40443651	43127050	4994	92374	104725.2131	83670	96612.8123	0.0324600128440536	-0.137176423765646
chr8	43127051	43130376	21	51	431.222	206	401.252	-2.11199138802706	-3.03598798021973
chr8	43130377	43135362	46	643	993.961	783	912.884	-0.40094527029486	-0.58449685869959
chr8	43135363	43168516	334	4	7085.11	3394	6539.04	-9.83847612393827	-10.746700631559
chr8	43168517	43174594	68	956	1456.737	1534	1338.785	-0.798026106728506	-0.563784263049144
chr8	43174595	43270553	871	18924	18396.53	17796	16967.382	-0.0219996281824728	0.0846570484113526
chr8	43270554	43272105	20	6	412.985	220	382.027	-5.30280598793257	-6.06110941222532
chr8	43272106	43819363	4874	102218	102704.2551	95047	94859.5646	-0.00368853377458155	0.0370269638992897
chr8	43819364	43820038	9	0	193.271	70	178.065	-33.2132749521519	-33.1754072994074
chr8	43820039	61303017	207159	4146825	4260723.5059	3834896	3908043.9534	-0.00582603061990038	0.00478238228690573
chr8	61303018	61303242	3	0	63.6973	66	52.6284	-33.2132749521519	-33.1754072994074
chr8	61303243	133306290	802307	15975200	16560351.724	14792491	15202013.7476	-0.00649589794328893	-0.00802567186371137
chr9	501	3392974	30727	609351	637257.2836	559908	589369.4386	0.0153859903747124	-0.0207288155198653
chr9	3392975	3396655	49	1121	1030.57	430	949.729	1.27052902056917	0.16521742653023
chr9	3396656	17815624	116364	2303943	2408995.7631	2095675	2185772.2425	0.00240724598358272	-0.0204531819099551
chr9	17815625	17841443	318	7204	6555.45	4912	5723.26	0.362635947375133	0.179977012944613
chr9	17841444	73814939	616736	12495747	12815654.4714	11567354	11828635.1059	0.00176071174836689	0.00740364217990359
chr9	73814940	73816439	20	719	396.542	291	321.322	1.00752469757553	0.902391742218785
chr9	73816440	81672741	91826	1863533	1909057.8779	1728425	1761469.7165	-0.00149281005835593	0.00905317424214802
chr9	81672742	81678529	70	1717	1452.51	992	1213.68	0.538324003580216	0.285215592836747
chr9	81678530	103939179	248975	5024286	5141292.2573	4641182	4716463.436	-0.00399322732477186	0.0106612148772283
chr9	103939180	103947327	64	775	1322.3559	342	1221.8984	1.07221979532113	-0.726968652074661
chr9	103947328	113760583	105263	2129266	2191041.9007	1989356	2022309.9939	-0.01155219910525	0.0026127661456981
chr9	113760584	114373270	2576	45352	52921.4705	39818	48400.1436	0.0649095908753668	-0.178813325648207
chr9	114373271	120358648	69119	1377323	1422233.2423	1285371	1311412.7075	-0.0113482045971767	-0.00241750298616063
chr9	120358649	120360898	30	327	626.28	643	580.829	-1.07821642579665	-0.893643522326313
chr9	120360899	121315350	8650	175014	182226.8059	160287	168304.2556	0.0181553666532239	-0.0143912151971252
chr9	121315351	121319284	52	551	1102.12	0	1014.67	32.2251298548697	-0.956283440970805
chr9	121319285	121416511	1055	21922	22283.6166	19614	20579.7924	0.0517466687680997	0.0202696755850679
chr9	121416512	121417575	7	78	144.059	0	133.533	32.3401731798583	-0.841240116004307
chr9	121417576	122086633	5962	116637	124598.6146	108190	115083.068	-0.000148082135701157	-0.051388859697111
chr10	1186	491742	911	10823	18751.4453	9507	17194.9174	0.068024770071694	-0.749027696799239
chr10	501228	509628	17	228	361.715	489	333.5892	-1.21157548827382	-0.621945952431914
chr10	509629	5729842	49109	995618	1009858.2056	908934	924434.1007	0.00991241581777065	0.0233851299981854
chr10	5729843	5733943	54	1	1095.88	507	1006.82	-9.10211991094638	-10.0540003074331
chr10	5733944	8661645	35074	707497	720188.2348	655821	664640.3846	-0.000372147014330453	0.0182236486659909
chr10	8661646	8663445	24	243	493.495	0	459.919	32.2032077917898	-0.978205504046302
chr10	8663446	34024616	298706	6050748	6177018.146	5525721	5661394.3122	0.0112036180095561	0.0140765816939387
chr10	34024617	34035708	48	447	1010.13	10	933.239	5.37398643893963	-1.13232058813514
chr10	34035709	39222224	55660	1130093	1143972.0886	1033085	1043971.9994	0.00351970352573197	0.0262632997432861
chr10	39222225	39222827	8	92	168.786	0	155.963	32.3497974675967	-0.831615828267651
chr10	39222828	41295276	24890	495617	511561.8528	454266	468397.3391	0.00451853474856099	-0.00180936300633401
chr10	41295277	41295954	9	87	185.866	3	173.303	4.76302072651054	-1.05130192996803
chr10	41295955	49504758	89587	1801384	1842628.7239	1643532	1684107.3513	0.00853089915468941	0.0112139942818767
chr10	49504759	49506129	18	130	372.969	409	345.354	-1.75856301255245	-1.47667045009501
chr10	49506130	61997078	146021	2937224	3004512.6867	2681726	2752119.0249	0.0107093017861252	0.0111959292462751
chr10	61997079	62029869	384	8334	7904.2045	6302	6909.3452	0.215134061719636	0.120262476390068
chr10	62029870	72384340	116546	2328825	2395660.5893	2144386	2188290.2435	-0.00557581566018396	0.00305235616089218
chr10	72384341	72387702	43	407	902.101	0	834.088	32.0770267721918	-1.10438652361753
chr10	72387703	72415331	315	6184	6628.26	5945	6107.72	-0.0551267634953403	-0.056216225913759
chr10	72415332	72416527	15	183	320.478	0	295.467	32.4169052712084	-0.764508024667953
chr10	72416528	73948327	17288	348577	357053.407	322562	328802.5511	-0.0010115044762271	0.00921114503545672
chr10	73948328	73949469	15	125	310.437	7	285.608	4.04417122586291	-1.2684987733006
chr10	73949470	78139548	51323	1016057	1053858.4896	942443	967455.091	-0.00890449400056806	-0.0088261691867604
chr10	78139549	78151556	56	463	1181.2752	696	1038.6101	-0.767760062190462	-1.30738735806715
chr10	78151557	86680749	99882	2006107	2067076.0768	1827200	1882559.8613	0.00587425152961957	0.000680720056495825
chr10	86680750	86711755	409	8870	8397.974	6147	7361.182	0.344953735867895	0.122766432511275
chr10	86711756	90193580	41600	832285	855736.8055	762241	775035.9337	-0.0100675198844411	0.00378414309963853
chr10	90193581	90267743	880	18925	18110.899	14679	15885.8422	0.183429024498806	0.107308788361525
chr10	90267744	97205694	82228	1633867	1693759.3822	1507198	1544134.2899	-0.0110031208559837	-0.00806473832011744
chr10	97205699	97212298	83	2023	1681.1777	1294	1437.8732	0.42512893031846	0.310897744397049
chr10	97212299	99975960	32349	636864	666242.6283	599755	613695.8421	-0.0259058162896106	-0.0211886924447618
chr10	99975961	99977535	21	166	432.262	430	401.874	-1.47231019372331	-1.33684912358168
chr10	99977536	106954949	80523	1611251	1659424.7946	1475727	1490662.6815	-0.0219680232723594	0.00137165586493873
chr10	106954950	106985075	394	8503	8129.3595	6322	7060.193	0.230162832405863	0.108703898497268
chr10	106985076	112626397	51172	1014392	1056036.839	904957	940416.2042	0.00341126219008936	-0.0141712403957487
chr11	797	8860931	89986	1863378	1898899.5364	1701487	1752293.4885	0.0212110830475146	0.0166304349708055
chr11	8860932	8862446	19	0	397.514	134	368.062	-33.2132749521519	-33.1754072994074
chr11	8862447	21701772	141143	2888574	2967709.1331	2670214	2741699.2345	0.0051286981387977	0.00488140447618222
chr11	21701773	21707945	6	2	123.577	69	112.485	-5.23819608113659	-5.90539278698573
chr11	21707946	38043244	178452	3601283	3693399.8668	3343507	3394723.361	-0.00850061754927623	0.00743516033782638
chr11	38043245	38046907	44	969	894.428	1132	815.488	-0.351601095290554	0.15940496289403
chr11	38046908	38051267	58	1095	1213.45	835	1124.06	0.28669314575658	-0.104310144258418
chr11	38051268	39195894	7473	150835	153719.1487	138260	140798.525	0.00492872730675045	0.0165479905226967
chr11	39210256	39258849	75	1759	1543.2995	2970	1430.4995	-0.859200523204454	0.232611067100923
chr11	39258850	39300204	8	2	167.792	154	155.085	-6.37439531059677	-6.34665646069615
chr11	39300205	40874809	13521	275925	284914.177	255596	262988.9598	0.000891741614909886	-0.00237758363761969
chr11	40874810	40878262	46	523	973.589	863	900.316	-0.829425025303546	-0.85262827178802
chr11	40878263	60119741	206910	4213632	4329420.4032	3884380	4003249.0543	0.0103834489827511	0.00476407212933343
chr11	60119742	60123867	49	462	1007.69	864	938.618	-0.999574316020883	-1.08121347808855
chr11	60123868	60563920	4987	102781	103633.8907	94853	95958.6488	0.0108031548517737	0.0319513684072785
chr11	60563921	60564745	11	0	229.366	217	212.996	-33.2132749521519	-33.1754072994074
chr11	60564746	60621001	714	14793	15004.7	13587	13849.4	0.0131027113038858	0.0233738339236104
chr11	60621002	60621751	10	6	205.682	212	191.933	-5.23676471291504	-5.05543557839759
chr11	60621752	64478085	46416	950970	964259.475	880713	891682.3942	0.00384237997034461	0.0238520619719046
chr11	64478086	64487126	116	1107	2395.87	5	2200.04	7.67349746990626	-1.07002075766303
chr11	64487127	74309336	106040	2121331	2184407.9391	1969245	2001076.6541	-0.0131327403918303	0.0016010923646921
chr11	74309337	74317290	102	1769	2073.298	1107	1755.158	0.441958237544213	-0.185119795640245
chr11	74317291	83440634	106952	2141733	2210084.9737	1995483	2038557.2869	-0.00850669446170214	-0.0014495528928242
chr11	83440635	83520043	924	15826	19021.091	15408	16937.2231	-0.122779586414653	-0.221429685807244
chr11	83520044	90463331	66281	1337782	1372073.806	1217779	1253305.8235	0.0109771021181658	0.00735860008120622
chr12	322	8204082	63198	1216353	1300525.1266	1136135	1189183.6002	-0.0246890986467731	-0.0526586466225762
chr12	8204083	8204382	4	0	83.5045	52	77.6114	-33.2132749521519	-33.1754072994074
chr12	8204383	14848416	68311	1326277	1402157.3442	1226367	1273259.8271	-0.020124062861599	-0.0363924805367612
chr12	14848417	14848866	6	0	122.825	66	112.985	-33.2132749521519	-33.1754072994074
chr12	14848867	22596969	63278	1233651	1305186.0579	1115530	1177620.5249	0.00283023777335418	-0.0374475183979684
chr12	22596970	22599185	27	1	550.507	201	512.198	-7.74910495262953	-9.06074336945619
chr12	22599186	26853020	51286	1022051	1052741.7608	946494	954827.1721	-0.0240321374121584	0.00118925326953567
chr12	26853021	27195115	4037	69076	82576.1661	70661	76156.7559	-0.143477040141793	-0.213667245237395
chr12	27195116	27196765	22	2	447.524	372	416.722	-7.63603257338677	-7.76194756191738
chr12	27196766	36537502	86803	1703120	1778427.235	1605291	1629919.2671	-0.0344502006504709	-0.0185482082600625
chr12	36537503	36537802	4	69	81.6102	0	72.6169	32.9831338296793	-0.198279466279078
chr12	36537803	36708850	2021	41548	41575	36238	37306	0.0469731111898356	0.0429364176176839
chr12	36708851	36709453	8	193	162.497	0	151.932	33.4734747095634	0.292061413555821
chr12	36709454	41442990	56268	1119014	1157529.5176	1015471	1038256.883	-0.010800504211102	-0.00494724780180406
chr12	41442991	41510230	873	18971	18116.811	15329	15797.857	0.115937980125752	0.110340349482237
chr12	41510231	45763747	50857	993402	1044958.3538	932518	940587.7841	-0.0545588705957754	-0.0291222396273436
chr12	45763748	45764371	8	0	163.291	66	148.151	-33.2132749521519	-33.1754072994074
chr12	45764372	47114187	16539	327532	339911.0212	302844	305785.3229	-0.0335709450845428	-0.00964762526189224
chr12	47114188	47114894	9	2	182.124	91	167.87	-5.61936525774512	-6.46490357798378
chr12	47114895	48196799	12951	257858	267584.7864	230810	236587.8176	-0.0117432340724275	-0.00954563831106126
chr12	48196800	48197933	15	0	306.602	134	275.442	-33.2132749521519	-33.1754072994074
chr12	48197934	48303486	1339	28573	27623.1	25130	24521.3	0.0194080750997131	0.092650933473377
chr12	48303487	48304806	17	1	347.825	177	313.115	-7.61326853217241	-8.39834412052924
chr12	48304807	52716696	50682	1004424	1044106.5844	923355	933473.9635	-0.0341702300681923	-0.0120269365721655
chr13	0	28273732	245152	5034062	5150550.7896	4611178	4758232.4282	0.0182926503719443	0.0108699151276347
chr13	28273733	28278308	59	639	1230.05	0	1139.48	32.2804578213678	-0.90095547448356
chr13	28278309	33448633	47983	1009885	1015921.4703	931927	936509.542	0.00448486988643975	0.0352757784232175
chr13	33449365	33594375	61	203	1274.6367	468	1182.9331	-1.30674042564652	-2.60666082238829
chr13	33594844	33889900	550	10594	11460.2155	9839	10621.1978	0.00298211402062553	-0.0695131096825262
chr13	33889901	33898357	62	554	1314.937	0	1209.448	31.9782511468297	-1.2031621489569
chr13	33898358	33909395	124	2346	2593.957	1691	2400.0957	0.366269718153298	-0.101077901253966
chr13	33909396	33955505	335	3132	7050.242	51	6487.8795	5.8265233792239	-1.1267149165394
chr13	33955506	33962089	2	46	42.95	17	37.4081	1.24279767153384	0.142849379406861
chr13	33962090	34029634	360	3335	7500.514	15	6920.308	7.68643316457702	-1.1254290537202
chr13	34029635	46159166	134912	2695642	2787698.567	2513591	2568510.7655	-0.0112574650456121	-0.0045720125381104
chr13	46159167	46159621	6	0	126.209	53	116.701	-33.2132749521519	-33.1754072994074
chr13	46159622	57482305	136349	2715056	2818246.4022	2495867	2576217.7215	-0.00209633581966429	-0.00994214889815762
chr13	57482306	57482760	6	0	128.716	121	118.516	-33.2132749521519	-33.1754072994074
chr13	57482761	58419058	9914	194452	209763.6605	180389	193314.47	-0.00350643295348855	-0.0654770437314157
chr13	58419059	58422103	13	2	276.806	150	255.24	-6.33983345807993	-7.0688577352682
chr13	58422104	59186258	8347	174119	177281.6628	159381	163338.85	0.0154246393532486	0.0179039709785727
chr13	59186259	59186408	2	0	41.118	41	38.3516	-33.2132749521519	-33.1754072994074
chr13	59186409	59199956	174	3267	3707.34	3504	3415.44	-0.21334330595519	-0.138544326321836
chr13	59199957	59211739	42	0	880.211	556	801.592	-33.2132749521519	-33.1754072994074
chr13	59211740	69883612	117083	2387760	2458818.9122	2195787	2269282.7437	0.0111966050409267	0.00156599762585082
chr13	69883613	69884287	9	77	185.113	0	172.795	31.9598110810641	-1.22160221471811
chr13	69884288	76101517	73510	1458605	1514496.2116	1351402	1394238.432	-0.00322232231346103	-0.0103750750564211
chr13	76101518	76103317	24	251	494.47	0	460.485	32.2470913159137	-0.934321979931195
chr13	76103318	78589035	28990	583198	601021.5645	534760	556405.1961	0.0198193502914691	0.000442666363276563
chr13	78589036	78597345	110	0	2281.1	1019	2116.08	-33.2132749521519	-33.1754072994074
chr13	78597346	87422610	104724	2100997	2161983.5775	1950920	1996940.02	-0.00163908451000021	0.00259218725812257
chr13	87422611	87428860	36	355	747.613	122	688.379	1.42785530347761	-1.03059898146998
chr13	87428861	97180577	110232	2233810	2274744.1106	2046795	2096821.6245	0.0146457368782549	0.0176758666058089
chr13	97180578	97184150	38	351	770.423	0	697.147	32.0911072024731	-1.09030609333933
chr13	97184151	114025099	196412	3936607	4036516.8015	3663551	3705368.772	-0.0137777751509176	0.00771544517944521
chr14	322	2545474	12077	225315	251142.96	202734	229487.6643	0.0282690709397257	-0.112691822572147
chr14	2545475	39839597	406496	8178430	8430298.2157	7582596	7772540.8597	-0.00205931431154237	0.000113901161043636
chr14	39839598	39847025	18	179	377.29	0	350.301	32.1495726707889	-1.03184062503605
chr14	39847026	40887862	10200	211405	215786.5384	194252	199103.1039	0.0119968881441589	0.0142782816008912
chr14	40887863	40891098	40	136	836.116	0	772.999	30.6051904860863	-2.57622280915584
chr14	40891099	61656736	212767	4326863	4447605.8019	3979759	4102611.1809	0.010159875574111	0.00416616607112109
chr14	61656737	61683390	19	178	389.608	1	362.393	7.37727116265137	-1.08627241027056
chr14	61683391	62739018	11410	233735	240083.0864	212905	221753.3823	0.0260922866395338	0.00521366147764988
chr14	62739019	62746444	39	379	813.462	0	755.703	32.1234098404627	-1.05800345535674
chr14	62746445	115493372	539806	10913112	11202548.3333	10026875	10299204.2832	0.00690244407501051	0.00610926010838195
chr15	0	8729846	85923	1727707	1775316.1992	1593057	1636269.6998	0.00540123959201066	0.00465621874368408
chr15	8729847	8731499	22	780	428.818	320	347.134	0.986535426771461	0.906982308103251
chr15	8731500	29345768	200246	4007036	4129831.8739	3722845	3812215.8055	-0.00331734258385104	0.000326070398079387
chr15	29345769	29811613	143	1791	2977.9146	2795	2738.0167	-0.757248084071547	-0.689663394182454
chr15	29811614	29952152	132	1391	2724.3982	1253	2522.6702	0.0457560263285616	-0.925941514477243
chr15	29952153	30406082	226	3036	4693.1819	3991	4345.861	-0.499496837818622	-0.584520937490605
chr15	30406083	30556092	300	5378	6254.8203	5073	5788.8445	-0.0214564417414626	-0.174025031740845
chr15	30556093	30562250	22	39	459.643	228	426.105	-2.65078658712313	-3.51509408941164
chr15	30562251	30571518	48	890	996.201	729	914.3259	0.17016414649269	-0.118757873501202
chr15	30579166	30721414	205	3091	4275.9555	3981	3950.2703	-0.473346685336945	-0.424299535103044
chr15	30721415	30985145	193	3567	3987.907	3311	3681.822	-0.00176168360249564	-0.117046900321083
chr15	30985146	32138539	744	11794	15447.6256	13907	14244.9932	-0.348682311741577	-0.345458354680613
chr15	32159991	34892234	28958	589820	595453.5798	527713	542225.7384	0.0314317690579745	0.0301593494169109
chr15	34892235	34893847	21	812	432.612	360	403.081	1.07748491403922	0.952279692928797
chr15	34893848	35519139	2423	46076	50072.8456	41714	46129.9013	0.0311635743141413	-0.0761393179404865
chr15	35519140	35533756	129	1	2740.35	1301	2524.66	-10.4576701029283	-11.3762704071266
chr15	35533757	61632237	282218	5660484	5812483.0162	5243023	5355555.1937	-0.00158591509156924	0.00564447003797509
chr15	61632238	61632705	5	59	102.757	4	95.7222	3.78633782637042	-0.756576167048088
chr15	61632706	66186434	45341	939880	951401.1727	858266	878655.8802	0.0223021707977474	0.0262964172389838
chr15	66186435	66195684	94	1074	1998.96	1831	1834.24	-0.887698984600119	-0.852381960400634
chr15	66195685	72468242	68282	1392499	1438539.3531	1284997	1327684.3939	0.00622485054253302	-0.00305474726773115
chr15	72468243	72481667	144	1550	3033.42	1	2803.37	10.4902749981897	-0.924803398611545
chr15	72481668	86827848	161933	3308011	3407998.3845	3053892	3145944.599	0.00588959904188941	0.000913029789188155
chr15	86827849	86828523	9	0	182.708	86	169.426	-33.2132749521519	-33.1754072994074
chr15	86828524	95309262	94149	1909588	1971989.5336	1790040	1821244.3278	-0.0154518393600553	-0.00251683941642945
chr15	95309263	95310312	14	3	291.124	143	271.288	-5.67071137739657	-6.55665380442862
chr15	95310313	96729426	16045	333126	339707.6131	306542	313094.6448	0.0082944833162177	0.0156480578233999
chr15	96729427	96731694	29	0	610.141	288	564.477	-33.2132749521519	-33.1754072994074
chr15	96731695	97016270	3460	73357	73222.8703	66268	67404.3501	0.0331756322001094	0.0465139617709944
chr15	97016271	97045738	309	6090	6519.142	5912	6027.055	-0.0644269148109276	-0.0543662226245302
chr15	97045739	97046402	7	0	150.929	74	138.548	-33.2132749521519	-33.1754072994074
chr15	97046403	111239624	149223	3019840	3102311.9483	2782820	2860370.1656	0.00678861475948139	0.00500200127319485
chr16	17697	50418873	510026	10323400	10601769.3146	9460164	9740710.0878	0.00978089445038063	0.00548679434273956
chr16	50418874	50430928	158	1675	3247.84	3246	2998.73	-1.06362483896509	-0.911445816734949
chr16	50430929	57056776	69083	1386573	1444251.1696	1285623	1335231.1117	0.00182973825597871	-0.0149244403236518
chr16	57056777	57058051	17	181	357.859	1	331.448	7.39524312019909	-0.939527916210982
chr16	57058052	64995993	90652	1825874	1877243.8662	1704596	1734396.6673	-0.00901883223183771	0.00384478298200491
chr16	64995994	64996499	6	0	122.535	62	114.68	-33.2132749521519	-33.1754072994074
chr16	64996500	66894441	19223	393100	401508.0623	357200	371780.076	0.0331907797164238	0.0133410559606707
chr16	66894442	66894891	6	2	130.224	135	119.542	-6.19428736329629	-5.98097788948101
chr16	66894892	83282862	181700	3682674	3744921.8897	3382238	3436010.0223	0.0045801229641278	0.0196917135808105
chr16	83282863	83284362	20	676	399.105	328	309.443	0.682238761939713	0.804128542967604
chr16	83284363	90668716	84396	1692223	1755303.8508	1574266	1616445.7049	-0.00864937479797766	-0.00892744101437722
chr17	545	36929852	405347	8013718	8338495.0233	7448975	7652382.3418	-0.0124422446868875	-0.0134416294253864
chr17	36929853	36931919	24	237	492.011	1	459.045	7.79469419620997	-1.00992986169159
chr17	36931920	36933570	17	330	351.93	311	326.54	-0.0164713322595504	-0.0489488266586545
chr17	36933571	36934570	8	75	165.688	0	154.269	32.0817803275676	-1.09963296824274
chr17	36934571	88135728	535300	10714108	11091335.6491	9935329	10250261.7844	0.00110573991295231	-0.0060477157939039
chr17	88135729	88136253	7	0	144.687	73	134.894	-33.2132749521519	-33.1754072994074
chr17	88136254	89383501	14276	289732	296187.1283	266081	274192.777	0.0175411572213302	0.0120837388617971
chr17	89383502	89463173	220	3301	4514.6218	720	4150.2183	2.08142241154954	-0.407828346742807
chr17	89464669	89653336	1809	33835	37792.9472	31392	34821.4622	-0.00401480484024495	-0.115726990214806
chr17	89653337	89659072	32	492	674.026	3174	604.01	-2.84179771798917	-0.410272278029757
chr17	89659073	90616851	8031	160534	166787.0192	149300	154222.6032	-0.00232207107954889	-0.0112544779796254
chr17	90616852	90617165	4	3	82.3847	75	75.8578	-4.75692909103436	-4.73546837421875
chr17	90617166	90843705	2871	58217	59046.7889	52755	54449.6342	0.0312024104668974	0.0234555422947898
chr18	0	393595	2254	47483	47205.7816	44852	43080.9131	-0.0436699716935552	0.052321170991723
chr18	393596	416700	306	7086	6363.93	5302	5625.612	0.246532878110582	0.198927148209018
chr18	416701	40903037	430371	8711777	8932140.9932	8032800	8237845.079	0.00633103589945307	0.0078346505305137
chr18	40903038	40905621	34	359	705.899	652	645.76	-0.983345821500953	-0.93160428371679
chr18	40905622	44748270	42070	841280	878176.4827	791157	812162.1803	-0.0181150255825342	-0.0180512033604599
chr18	44748271	44754355	81	861	1662.66	1564	1525.96	-0.978925407522491	-0.905534387291876
chr18	44754356	67884617	264186	5345294	5466849.762	4955924	5045903.0479	-0.000476008049632876	0.0114332218965485
chr18	67884618	67891392	10	0	206.839	76	191.713	-33.2132749521519	-33.1754072994074
chr18	67891393	82993863	160836	3216529	3312125.9096	2972947	3037021.7258	-0.00548333970396347	0.00162082804108492
chr18	82993864	82995132	5	51	102.995	1	90.7057	5.49512214216895	-0.970131500014372
chr18	82995133	84894801	22431	471216	472510.6254	427440	436500.0803	0.0323077482387022	0.0399154041492321
chr18	84894802	84896532	23	249	483.709	0	447.542	32.2672933067421	-0.914119989106688
chr18	84896533	84990541	1185	25369	25122.849	22618	23154.889	0.0539180463459207	0.0579402226255539
chr18	84990542	84991066	7	73	150.345	0	138.524	32.1829784254728	-0.998434870359169
chr18	84991067	86565342	17790	356729	373916.0724	329069	345614.5841	0.008893988223451	-0.0240123323656916
chr18	86565343	86571753	85	0	1804.22	882	1664.74	-33.2132749521519	-33.1754072994074
chr18	86571754	88201446	10563	210149	223170.9056	192266	205628.4	0.01620550241901	-0.0428627167806366
chr19	0	14714190	157457	3231289	3277547.6701	2956665	3015415.1581	0.0138848745011248	0.0233666739409211
chr19	14714191	14716859	5	0	106.236	32	93.7926	-33.2132749521519	-33.1754072994074
chr19	14716860	26338656	132535	2653941	2723880.8266	2452312	2489471.2377	-0.00982448288701578	0.00634636308765738
chr19	26344080	26360588	9	9	188.81	169	173.622	-4.34593384571355	-4.34699271244796
chr19	26360589	27105279	431	2402	8953.918	2426	8232.5642	-0.129514651689732	-1.85440930505013
chr19	27105280	27199587	21	66	443.971	213	409.274	-1.80170792790849	-2.70605386339596
chr19	27199588	58784198	349454	6960146	7197292.4532	6456390	6564618.0864	-0.0183473623715348	-0.00446306289435155
chr19	58784199	58785252	14	142	288.248	0	256.554	32.2038672775092	-0.97754601832696
chr19	58785253	62275498	38758	752066	796312.1234	707756	732643.155	-0.0266101411966919	-0.0386010965226676
chr20	747	132945	88	622	1827.6125	493	1658.3964	0.201161604876401	-1.51110007968178
chr20	144017	147540	13	45	268.4708	520	239.0624	-3.6918866621937	-2.53289462635281
chr20	147541	168423	89	1416	1832.417	1658	1650.744	-0.372248194924417	-0.328052937364214
chr20	168424	2643982	18816	365421	390908.7322	332222	360126.4385	0.025089634878624	-0.0533986174953671
chr20	2643983	2646721	34	11	693.805	427	639.067	-5.39121768430048	-5.93508115021124
chr20	2646722	2647811	7	194	143.784	422	133.746	-1.21958774910752	0.476027157536101
chr20	2648793	3141055	799	13472	16374.6205	11637	14622.0385	0.0539338430478096	-0.237623777820552
chr20	3141056	3242623	464	10306	9530.72	6483	8612.86	0.528664190078217	0.156701035175478
chr20	3242624	3245852	20	1	405.386	201	372.877	-7.76564211864681	-8.61927874803513
chr20	3245853	3250204	14	86	287.3758	220	256.3979	-1.51364309323195	-1.6966563622641
chr20	3250205	3265883	56	24	1147.84	497	1044.31	-4.5025050618821	-5.53586968309547
chr20	3265884	3427219	1796	37624	36980.2756	30820	32928.6816	0.126381145915897	0.0687709102742087
chr20	3427220	4708173	12529	230104	258621.9858	202683	229164.1169	0.0146032065275384	-0.124685213374645
chr20	4708174	4767159	31	250	633.543	418	580.843	-0.860863131827797	-1.29764079695382
chr20	4767160	4770228	24	563	500.23	1776	440.727	-1.83412505677946	0.214416989884106
chr20	4771895	4785057	42	370	860.6712	563	743.4434	-0.810842937707861	-1.17406327326126
chr20	4802205	4905077	903	17002	18578.8909	14125	16573.3965	0.108664508592374	-0.0840862652078276
chr20	4912220	4942442	63	911	1294.227	2543	1150.159	-1.6452598700936	-0.462694071156433
chr20	4942443	5347113	3059	60301	63210.7004	51316	55503.4754	0.051188514211739	-0.0241132237712681
chr20	5347114	5350414	44	9	912.952	264	769.1562	-5.11572551665905	-6.6205965342961
chr20	5350415	5381003	118	1375	2418.6453	1678	2183.6518	-0.428761484807702	-0.77089394186506
chr20	5381004	5388774	29	0	593.85	121	529.476	-33.2132749521519	-33.1754072994074
chr20	5388775	5400109	57	452	1173.8891	1617	1071.2341	-1.96494133302205	-1.33302779257682
chr20	5402292	5417849	42	550	864.079	686	762.4231	-0.493342349559188	-0.607857951116394
chr20	5418496	5497967	930	18835	19332.482	15099	16655.6221	0.109951397285483	0.00626281310924109
chr20	5497968	5498492	7	0	146.914	71	127.337	-33.2132749521519	-33.1754072994074
chr20	5498493	16347651	117087	2333211	2417958.5239	2115770	2164928.7378	-0.012329987309461	-0.00759906721032184
chr20	16347652	16349133	15	137	316.115	0	293.271	32.0190133444682	-1.16239995132794
chr20	16349134	18211334	21330	420440	443857.7168	395237	411066.8301	-0.0155363999423123	-0.0343236986244298
chr20	18211335	18216533	43	319	878.644	561	811.092	-0.923851532601817	-1.41784867346259
chr20	18216534	56205872	427067	8516218	8858273.4272	7898746	8144735.4458	-0.00656244365432273	-0.0129389990944442
chrX	598	13022945	111237	2209567	2316437.256	2082042	2137891.9865	-0.0239481372006247	-0.0242702776916188
chrX	13022946	13023772	11	0	231.188	217	214.423	-33.2132749521519	-33.1754072994074
chrX	13023773	20824243	70984	1381344	1475108.4181	1312734	1360792.4029	-0.0368699746394076	-0.0508747017573721
chrX	20824244	20882261	704	12541	14617.973	10458	13511.8489	0.154533238404665	-0.177217233333455
chrX	20882262	37713617	163934	3254622	3416469.7086	3067160	3160913.7181	-0.020572116178811	-0.0261426910205306
chrX	37713618	37723505	23	3	483.405	153	446.887	-5.7797416559517	-7.28825241173998
chrX	37723506	63559811	249876	5094591	5264474.5157	4753894	4856485.4066	-0.0105143151415279	-0.0034495535470402
chrX	63559812	63594005	266	6271	5535.54	7525	4621.62	-0.517315483277683	0.223845108299756
chrX	63594006	112386400	463047	9178774	9728329.838	8628503	8971590.7241	-0.021631153814201	-0.0400170272946035
chrX	112386401	112394903	71	1663	1461.102	1951	1185.965	-0.525415075202289	0.230604921556862
chrX	112394904	131943869	192971	3848918	4043437.9294	3628581	3736056.8486	-0.0230126006637067	-0.027255879965313
chrX	131943870	131959220	131	2864	2695.61	3696	2509.77	-0.464983891313243	0.131293359247514
chrX	131959221	155860510	222605	4446795	4669678.7674	4168066	4310923.4855	-0.0159325809194328	-0.026683761982479
chrX	155860511	155863660	42	1232	857.9608	595	702.8829	0.768419303177349	0.565892267607692
chrX	155863661	159969947	31342	624969	647522.1354	583610	595953.7962	-0.014943004380599	-0.00727123190914261
