chrom	start	end	binNum	tumor	tumor_expect	normal	normal_expect	log2.copyRatio	log2.TumorExpectRatio
chr1	987	1163606	1339	21809	33051.7402	18307	25737.7581	-0.10413679341582	-0.557687525454726
chr1	1163607	1371494	473	6345	11621.4063	6371	8969.4244	-0.375422201668334	-0.830977502649272
chr1	1371495	31272479	308714	7329571	7609790.4623	5744633	5920642.708	-0.00641408287695035	-0.0120128823189554
chr1	31272480	31385444	126	1343	3111.95	10	2424.836	6.71355857557128	-1.17024448854168
chr1	31385445	31518544	1297	31658	32050.239	24773	24983.7335	-0.00136968238528464	0.0243500878005747
chr1	31518545	31522270	48	632	1186.03	987	932.357	-0.986136833758157	-0.866028951816826
chr1	31522271	35816514	52511	1292329	1295259.3057	985445	991398.5915	0.00959712453810605	0.0388475353740572
chr1	35816515	35819214	36	472	884.087	0	674.856	32.3180542815697	-0.863286400516968
chr1	35819215	36025388	2435	60185	60011.016	46712	46159.9058	-0.00880150450928946	0.0462916985589319
chr1	36025389	36026796	18	217	443.367	1	341.478	7.38901724453432	-0.988691263863919
chr1	36026797	38428910	20452	488609	503728.2071	375533	389165.4074	0.0116535243592598	-0.00184999450455822
chr1	38428911	38496784	22	237	552.0683	26	417.1753	2.78828532725578	-1.17784461692777
chr1	38496785	51387955	133913	3217746	3300390.8376	2472615	2541776.5019	0.00738794615575948	0.00552865442411965
chr1	51387956	51388984	13	137	321.413	24	248.795	2.14777361129902	-1.18813730154609
chr1	51388985	62959225	102821	2425730	2540184.9112	1891187	1963406.5182	-0.0082728363331904	-0.024399456047767
chr1	62959226	62995084	36	728	885.025	90	691.374	2.66386450473424	-0.239664671168875
chr1	62995085	63000821	19	496	468.967	1	372.857	8.6275070963179	0.122968800119728
chr1	63000822	63010649	3	52	74.9736	47	59.2332	-0.189950962631816	-0.485755967144576
chr1	63010650	63097769	173	1967	4287.567	78	3388.572	4.32107204774132	-1.08204717096823
chr1	63097770	63102473	53	1484	1308.71	901	1034.6	0.384994555187987	0.223460736383935
chr1	63102474	63132023	153	1502	3779.511	0	2968.832	31.8921409941432	-1.28919968785066
chr1	63132024	63708935	1093	26072	27097.2351	19908	21235.2073	0.0416403260424898	-0.0135293076225321
chr1	63708936	63711056	20	279	502.727	0	374.585	32.3739457173061	-0.807394964790888
chr1	63711057	63714502	20	363	493.059	226	372.519	0.283375315261505	-0.399675656094191
chr1	63714503	63720583	76	978	1866.062	71	1437.378	3.41156094233449	-0.889975463083933
chr1	63720584	63748026	178	3756	4385.658	2350	3373.0816	0.301985033383699	-0.181481162827688
chr1	63748027	63757691	22	313	548.739	45	419.056	2.41336350445882	-0.767842370371083
chr1	63757692	63769750	127	3017	3122.11	2364	2414.44	-0.0147732743963623	-0.00729158450128231
chr1	63769751	63777516	37	449	908.327	10	699.854	5.11666057103834	-0.974381232655349
chr1	63777517	63780536	20	325	491.8118	82	375.9766	1.60345524766802	-0.555551544504114
chr1	63780537	63788884	68	875	1674.81	15	1315.24	5.52175206264967	-0.894527428015676
chr1	63788885	63830461	28	298	702.166	47	541.95	2.29510210276408	-1.1943847223338
chr1	63830462	63832965	33	264	805.651	232	634.853	-0.153144493506603	-1.56750199596233
chr1	63832966	63978783	108	1702	2687.487	546	2053.731	1.25642245285774	-0.616911651866678
chr1	63978784	64071494	14	148	344.6	0	268.794	32.0041302435973	-1.17721043842373
chr1	64071495	65094497	7825	184971	193176.9004	142485	147998.1513	-0.00367956337771033	-0.020508402783352
chr1	65094498	65111385	90	920	2238.103	5	1745.484	7.16908742631679	-1.24045557869714
chr1	65111386	65187901	407	9262	10016.3729	7758	7861.6885	-0.0896352701521947	-0.0708494292826982
chr1	65187902	65197843	27	437	670.848	7	535.061	5.64202681398721	-0.57623755230477
chr1	65197844	65253677	95	1951	2347.9396	1254	1859.9956	0.305755162590726	-0.225066430984348
chr1	65253678	65263199	69	947	1708.55	84	1346.51	3.15553048678238	-0.809221050235386
chr1	65263200	65274386	103	1181	2529.74	8	2010.09	6.87823901567431	-1.05686506415736
chr1	65274387	65292195	55	686	1360.415	57	1071.647	3.2491325122771	-0.945651249723887
chr1	65292196	65370926	328	7546	8140.6418	5840	6376.5659	0.0215556814801205	-0.0673153523466015
chr1	65370927	65420838	19	186	469.937	3	372.45	5.62295051384532	-1.29504965265482
chr1	65420839	66071347	5216	127377	128730.1026	96036	98708.4018	0.0285277358481396	0.0268704292549076
chr1	66071348	66084911	129	430	3166.0324	680	2444.4166	-1.03020910240174	-2.8381523666174
chr1	66084912	66700119	3552	76505	87629.4629	62126	68456.7311	-0.0516919229423371	-0.153746890692587
chr1	66700120	66738873	94	1106	2313.0063	1613	1811.7412	-0.892612540997559	-1.02230272266499
chr1	66738874	67774281	7730	178945	191019.8377	144432	149832.2346	-0.0370738004658716	-0.0520911518203492
chr1	67774282	67775935	20	1	493.991	394	392.307	-8.9503786073494	-8.90622578921067
chr1	67775936	67791389	178	4015	4398.85	3620	3461.59	-0.192106437394795	-0.0896113315937208
chr1	67791390	67796280	60	1	1489.62	1303	1170.29	-10.6915245805243	-10.4986133309199
chr1	67796281	68115126	2046	48274	50654.0766	40006	39843.4494	-0.0711310218578741	-0.0273169196181556
chr1	68115127	68117132	18	2	446.881	335	352.868	-7.72460453698729	-7.76163177768934
chr1	68117133	68127036	114	2861	2843.5	2203	2242.21	0.0384784225800545	0.0509667804633276
chr1	68127037	68128638	16	3	397.156	301	313.327	-6.9865190413447	-7.00648438185863
chr1	68128639	68577480	216	4772	5334.584	3598	4213.8755	0.0713455952406955	-0.118666641461644
chr1	68577481	68581141	48	591	1187.53	0	938.195	32.2167218448055	-0.964618837261498
chr1	68581142	70886171	11572	270668	285221.1415	213008	220869.8536	-0.0190928645799355	-0.0334415022545894
chr1	70904589	71083403	46	471	1130.14	51	882.03	2.85373085437184	-1.22058745030159
chr1	71083404	71804812	6715	152978	165604.6824	118000	126954.5382	-0.00471934506591118	-0.0723041862240592
chr1	71804813	71808502	9	4	220.59	87	172.249	-4.79564045512609	-5.74310848562934
chr1	71808503	72126251	2192	52259	54063.4758	40680	42410.033	0.015285997743298	-0.00685966190950647
chr1	72126252	72134392	103	2293	2542.662	2785	1997.771	-0.624214627463452	-0.106988253058485
chr1	72134393	73406293	12600	303495	312736.338	225280	236267.7317	0.0296040753580337	-0.00115902535871641
chr1	73406294	73424261	123	0	3031.273	1008	2362.042	-33.2151061284413	-33.1771658619246
chr1	73424262	73424973	6	125	145.898	183	115.306	-0.885233253408644	-0.180916924624206
chr1	73424974	73439407	140	10	3452.968	1210	2714.773	-7.2616937893333	-8.38957801724606
chr1	73439408	74040769	4485	103566	110727.5631	79924	85630.8614	0.00721293154442678	-0.0543488517606649
chr1	74040770	74047511	54	4	1342.437	928	1039.185	-8.22320800472293	-8.34852353402683
chr1	74047512	75002179	7379	176503	182579.3779	141535	143731.3771	-0.0224401159376332	-0.00671603190628834
chr1	75002180	75003834	21	1202	518.699	414	406.396	1.18989765752009	1.25458248961599
chr1	75003835	75012188	108	2836	2664.29	2210	2111.7	0.0286397512670825	0.132221495664474
chr1	75012189	75040588	356	15532	8839.96	7145	6982.971	0.784213656010157	0.855246952707412
chr1	75040589	75080998	223	5201	5519.99	4339	4350.298	-0.0779501507254318	-0.0437615283868837
chr1	75080999	75188755	501	6742	12336.9219	10519	9666.3504	-0.989513491563411	-0.829618862882465
chr1	75188756	76330772	6452	152154	159115.2394	122635	124475.1762	-0.0388776606530177	-0.0224246689710054
chr1	76330773	76345562	131	2039	3256.053	3113	2499.174	-0.987941814251335	-0.6331473205515
chr1	76345563	76509539	336	7966	8339.9844	7719	6556.8215	-0.297431722597673	-0.0240741182990205
chr1	76509540	76612037	275	5255	6786.883	4078	5341.998	0.0246341025356877	-0.326943291200015
chr1	76616580	76714615	120	3138	2957.174	4574	2311.484	-0.894835950558555	0.127741305316654
chr1	76714616	76754897	203	4735	5024.8166	3847	3958.1094	-0.0404540358126538	-0.0435914277547105
chr1	76754898	77152850	545	7623	13442.1453	7359	10488.6292	-0.302913302819889	-0.776217535066469
chr1	77152851	77191402	79	1422	1940.575	2002	1524.982	-0.837037666559868	-0.406447639864338
chr1	77191403	77562810	936	12276	23137.2734	9990	17869.5495	-0.0712568089024583	-0.872263222674406
chr1	77562811	77583405	147	1778	3607.4	3076	2811.47	-1.14626010855106	-0.978588991206273
chr1	77583406	79146624	16790	407182	418280.1153	302304	311420.9354	0.00824505704662622	0.00331945869367253
chr1	79146625	79149249	35	377	861.277	644	659.543	-1.15333192808345	-1.14979769451092
chr1	79149250	82099250	31352	779006	785512.4293	567131	577292.1791	0.0177948195946469	0.0301154235237825
chr1	82099251	82151693	684	18539	17338.8	10989	12224.8	0.254484948105041	0.138674459064569
chr1	82151694	89616913	67748	1652694	1688317.3835	1238760	1266314.7675	0.00514766848416583	0.0113485792564052
chr1	89616914	89617946	13	1	320.296	148	244.047	-7.5975252814115	-8.28114683781962
chr1	89617947	96094217	63481	1528906	1571838.9738	1176887	1190486.8883	-0.0192029727317898	0.00216136788626883
chr1	96094218	96198463	26	306	635.697	29	495.082	3.04290988281849	-1.01269253987176
chr1	96198464	96701454	98	1403	2396.3541	807	1869.0273	0.443495787190568	-0.730211009205677
chr1	96701455	108761364	125663	3063646	3115135.2302	2333266	2369852.0958	0.00257586652739675	0.0180698995897183
chr1	108761365	108764169	29	44	715.353	334	558.571	-3.27701251255336	-3.98096481558786
chr1	108764170	109071243	2806	65517	69232.1876	51871	54435.5842	-0.00577695930257562	-0.03745855007784
chr1	109071244	109073156	24	0	598.194	266	471.776	-33.2151061284413	-33.1771658619246
chr1	109073157	113348724	37920	890002	936038.179	706234	735316.2579	-0.0103653715480736	-0.0306437102736308
chr1	113348725	113358651	34	724	834.842	333	661.114	0.788038223553093	-0.163398398330154
chr1	113358652	113361026	26	0	634.731	266	504.936	-33.2151061284413	-33.1771658619246
chr1	113361027	115468554	21888	518534	539648.0041	403022	421691.9783	0.0119257049961379	-0.015465012171809
chr1	115468555	115469231	9	0	224.325	104	178.822	-33.2151061284413	-33.1771658619246
chr1	115469232	124814119	54526	1238380	1348201.9706	969547	1054414.3106	0.00265137280816619	-0.0804674748946373
chr1	124814120	124817194	41	1590	1062.43	601	618.711	0.627734488683332	0.623774062579686
chr1	124817195	131717893	82890	1987520	2046400.1018	1533268	1569263.0875	-0.00446668953953282	-3.77599291465774e-06
chr1	131717894	131718868	13	0	319.884	277	248.25	-33.2151061284413	-33.1771658619246
chr1	131718869	148454613	173896	4171945	4291237.6878	3210710	3306103.0302	0.00574046817122791	0.00144141271822588
chr1	148454614	148900329	504	4748	12810.6285	4059	8868.3913	-0.300226509234264	-1.38983432979377
chr1	148925785	154123136	50150	1199390	1239114.4102	942599	972212.7329	0.00179414710929351	-0.00489346439139305
chr1	154123137	154127374	6	89	148.516	0	113.559	32.484714645955	-0.696626036161188
chr1	154127375	168128432	154146	3780260	3811855.8069	2884348	2937703.36	0.0186102242871855	0.0301070044341695
chr1	168128433	168133767	62	828	1524.61	0	1192.87	32.3427181981717	-0.838622483919545
chr1	168133768	179796274	117209	2851141	2895048.15	2182063	2232094.2568	0.0148320603668348	0.0200671319123835
chr1	179796283	180387453	167	290	4127.743	60	3189.085	1.90498270904366	-3.7891132546598
chr1	180387454	181610308	900	12691	22200.5522	12456	17433.1204	-0.317625014059109	-0.764674722089895
chr1	181610309	181660015	45	389	1103.5315	162	864.8046	0.916269452380626	-1.46217066385195
chr1	181660016	181792586	86	1754	2126.0413	70	1608.0048	4.24842692307781	-0.235405787704026
chr1	181792587	183115484	1050	19102	25998.0589	14425	20423.8158	0.0611757198602437	-0.402565125909276
chr1	183115485	224280532	435148	10685966	10774258.2824	8006562	8172678.3055	0.0219296596367934	0.0302438638483937
chr1	224280533	224294611	17	483	417.8966	8	327.1799	5.56699229274886	0.250992255170383
chr1	224294612	232974199	82814	2001717	2047508.2303	1526451	1583773.8507	0.0247286585027425	0.00948385841338002
chr1	232974200	232976046	24	16	592.797	123	457.02	-3.31362052900108	-5.16927924401759
chr1	232976047	238922228	67400	1619820	1661143.2534	1254081	1296896.3871	0.0162645210574158	0.00577209828762971
chr1	238922229	238924256	27	0	673.514	304	513.842	-33.2151061284413	-33.1771658619246
chr1	238924257	240536726	19476	470779	479058.1195	360519	373868.3394	0.0314791025506991	0.0169643598781123
chr1	240536727	240618807	809	22534	19945.7299	20280	15635.7893	-0.195007273377879	0.218138596712319
chr1	240618808	258505325	187337	4577418	4614719.71	3529940	3572725.0723	0.00984707706776452	0.0304061051075103
chr1	258505326	258565452	40	466	988.803	55	756.787	2.70120543569541	-1.04323807820972
chr1	258565453	264121274	48167	1189371	1194106.2362	901144	906103.9435	0.00636132579341257	0.0363826968974418
chr1	264121275	264121874	8	110	199.312	0	147.557	32.3659307197614	-0.815409962334138
chr1	264121875	269490186	58756	1468370	1455708.8819	1114231	1105559.321	0.00539657377751282	0.0546087626651151
chr1	269490187	269492961	37	0	907.699	317	715.025	-33.2151061284413	-33.1771658619246
chr1	269492962	277250075	83405	2005608	2059565.0188	1556812	1589917.7544	-0.00376779333090106	0.00381507139787772
chr1	277250076	277250375	4	0	97.995	45	74.814	-33.2151061284413	-33.1771658619246
chr1	277250376	282763000	59250	1425859	1462830.186	1096508	1119269.7778	-0.00311468472984757	0.00518410845040439
chr2	0	6036545	40838	1003900	1008102.6265	787150	789705.2231	0.00282352199214633	0.0360881394664683
chr2	6092261	6093389	15	201	365.843	0	287.426	32.3594266159601	-0.821914066134236
chr2	6108456	12249115	62369	1538958	1541259.677	1214377	1209405.6314	-0.00389944308329163	0.0399589936222413
chr2	12249116	12250241	15	184	370.486	0	291.963	32.2137425088794	-0.96759817318698
chr2	12250242	17848091	58514	1393158	1447812.7671	1105140	1139068.3972	-0.00771610203406886	-0.0134010710323761
chr2	17848092	17849296	15	0	375.711	187	294.667	-33.2151061284413	-33.1771658619246
chr2	17849297	20611122	30760	740154	758724.5793	582826	593236.0067	-0.00603505128751211	0.00636428775890321
chr2	20611123	20614597	30	0	738.599	302	576.612	-33.2151061284413	-33.1771658619246
chr2	20614598	45840671	269556	6431908	6644544.7591	4978124	5134947.7891	0.0019986732224611	-0.00480850092227419
chr2	45840672	45840971	4	3	98.3337	87	76.3312	-5.21921922553997	-4.99253643065985
chr2	45840972	52403899	69764	1675100	1721197.7255	1315743	1348046.7198	1.9835535045561e-06	0.00294947221262549
chr2	52403900	52409304	65	787	1599.13	1199	1242.02	-0.967820118495639	-0.980736598242737
chr2	52409305	76070530	253947	6056550	6273545.5534	4780191	4916395.5163	-0.00607726382175142	-0.0086697155905801
chr2	76070531	76074806	57	1480	1413.44	541	1117.45	1.11707113413794	0.108501620337654
chr2	76074807	92248331	155000	3570970	3825082.691	2794765	2986534.1217	0.000745124643700798	-0.0570598355766458
chr2	92248332	92250066	17	15	419.014	212	324.541	-4.18545273516568	-4.76184895091404
chr2	92250067	95906110	39989	952389	987261.2355	739743	764187.1039	-0.000804331226553292	-0.00976583651515625
chr2	95906111	95907689	21	543	518.518	0	409.58	33.2900138952498	0.108673213030655
chr2	95907690	116727364	211601	5034955	5224961.9678	3960863	4089901.4962	-0.00301553609587791	-0.0113265646611078
chr2	116727365	116728639	17	0	421.156	367	331.173	-33.2151061284413	-33.1771658619246
chr2	116728640	118617002	22544	534665	555001.05	424907	431937.2994	-0.0260056487284692	-0.0117401750114911
chr2	118617003	118618454	19	172	459.702	7	358.077	4.26265555733674	-1.37617529055974
chr2	118618455	120936253	26577	627438	654037.7248	484762	507092.8972	0.00924732972979217	-0.0177858586087592
chr2	120936254	120940252	53	755	1303.4	978	1007.36	-0.740883549210587	-0.745616263318544
chr2	120940253	135522923	140748	3373733	3474063.4487	2664327	2710882.0145	-0.0131123153711121	-0.000163213838290648
chr2	135522924	135551053	348	3807	8675.86	5972	6819.609	-0.992702522653013	-1.14623711564145
chr2	135551054	159863655	232813	5564212	5742003.0857	4346409	4478215.26	0.00189804132873126	-0.00326163021678719
chr2	159863656	159957721	62	605	1524.262	176	1168.6386	1.40225247639941	-1.29098876907763
chr2	159957722	160700849	252	6850	6215.9157	3797	4797.3182	0.481680006199748	0.182252137047188
chr2	160700850	160729202	96	3041	2362.724	761	1836.003	1.63886958204011	0.40620979171734
chr2	160729203	161514134	201	2724	4951.2732	1612	3884.12	0.410837997099161	-0.81995776556799
chr2	161516946	161702274	278	4267	6933.3736	3752	5252.9764	-0.210685295229563	-0.6582203035147
chr2	161702275	162953298	279	5912	6887.128	3719	5334.6147	0.304387925686918	-0.178141133736167
chr2	162953299	186880057	245761	5865619	6068882.9437	4593421	4739053.8161	5.72178027152051e-05	-0.00703254296303316
chr2	186880058	186881480	18	0	444.214	156	339.476	-33.2151061284413	-33.1771658619246
chr2	186881481	190118287	40050	1000636	995405.4821	733712	745774.7125	0.0352618437350619	0.0496761118262854
chr2	190118288	191381247	7370	169844	182229.4482	135577	143073.1798	-0.0197302427493495	-0.0594307760697688
chr2	191381248	191382557	15	35	371.393	174	289.991	-2.66642415521506	-3.36540470802264
chr2	191394754	192494471	5700	133865	140754.9618	106570	110294.6947	-0.0186701249686757	-0.0302918864091619
chr2	192494472	192495703	16	1	394.668	310	311.409	-8.61377843719765	-8.58238059498175
chr2	192495704	192528010	259	5174	6422.965	4548	5026.883	-0.16335270381114	-0.269844293786132
chr2	192528011	192529921	25	0	619.469	550	490.001	-33.2151061284413	-33.1771658619246
chr2	192529922	215820957	229886	5542691	5677017.7571	4244489	4373127.7069	0.0127027505371384	0.00756841380791663
chr2	215820958	215821590	8	86	199.838	0	156.854	32.0070333907482	-1.17430729127345
chr2	215821591	216027555	2178	50376	53944.8583	41309	42557.3841	-0.0516207259119827	-0.0566337976696663
chr2	216027556	216029487	23	264	572.518	0	448.707	32.106672646549	-1.07466803549501
chr2	216029488	223340819	78821	1873762	1945297.9731	1476212	1524099.4367	-0.00382151185393096	-0.0119383538456094
chr2	223340820	223341794	13	179	320.069	6	251.535	4.55540429696772	-0.796308278000728
chr2	223341795	244511383	233973	5600469	5767377.29	4369743	4483205.9092	-0.00121060515888673	-0.000252668716253332
chr2	244511384	244512690	17	175	420.858	327	333.738	-1.23237847083401	-1.22386353212609
chr2	244512691	246889108	25386	613768	626917.1869	491342	492684.7806	-0.022469291030532	0.0115336354018297
chr2	246889109	246892433	35	384	870.434	699	686.083	-1.20336311547221	-1.13851351254018
chr2	246892434	248425822	17256	412082	425638.2949	321269	332719.3429	0.00800227326493417	-0.00458142243667137
chr2	248425823	248430696	25	8	610.359	271	483.642	-5.41369273420405	-6.2113991462531
chr2	248430697	248432473	16	57	399.891	163	296.057	-1.94539516598268	-2.76845789967592
chr2	248432474	252863915	53290	1285201	1312572.2084	992355	1014531.2797	0.0056571631837842	0.0117123037670679
chr2	252863916	252864517	8	109	196.613	0	154.739	32.3724251888581	-0.808915493238581
chr2	252864518	261990977	106826	2555853	2632251.8429	2025041	2042825.1272	-0.0257032523819983	-0.000377577634651627
chr2	261990978	261992552	21	0	520.26	233	410.812	-33.2151061284413	-33.1771658619246
chr2	261992553	263477721	17620	424343	434053.9557	340501	340319.7887	-0.0292366833931958	0.00947157582712805
chr2	263477722	263506904	385	4947	9456.16	7695	7410.51	-0.984874218955153	-0.892585459671231
chr2	263506905	266433159	31782	761167	784189.136	599764	614097.7868	-0.00474034448347467	-0.000873552412297335
chr3	534	15657578	159822	3976470	3995166.8459	2924420	2958106.8387	0.0139309891055552	0.0353476196734212
chr3	15657579	15711000	431	5088	10621.295	8083	8316.916	-1.01645646759886	-1.01967401428486
chr3	15711001	16048986	2919	70190	72052.314	55630	56501.4028	-0.011180858702876	0.00433582677891802
chr3	16048987	16054134	66	1	1628.34	657	1279.2	-9.70373474367786	-10.6270709308864
chr3	16054135	20901282	30273	640880	748214.3563	504879	587983.5992	0.000615664014634368	-0.181282312381522
chr3	20901283	20904631	38	301	951.997	493	745.752	-1.05991042465363	-1.61907845282789
chr3	20904632	20908576	29	37	720.207	310	562.923	-3.41797024441536	-4.24069935615532
chr3	20908577	24872130	40985	985405	1014430.4411	761033	785660.0192	0.00823970656562468	0.000233840460265429
chr3	24872131	24875500	27	1	660.684	340	516.772	-8.75964855681245	-9.32570141443088
chr3	24875501	28256298	38926	935934	963437.3332	741991	758964.5612	-0.0049783764692704	0.000331055377054426
chr3	28256299	28257696	18	237	443.4545	0	346.2104	32.319556741923	-0.861783940163965
chr3	28257697	32337767	45433	1081626	1121632.294	848828	879660.2323	0.00325090922317559	-0.0102829695034211
chr3	32337768	32340992	42	499	1028.1	0	814.212	32.1805868922902	-1.00075378976948
chr3	32340993	33624542	14880	351490	366968.0353	273965	287118.9419	0.00966097845228081	-0.0200556709311351
chr3	33624543	33626668	14	152	339.692	4	270.134	4.92155031593007	-1.11804083113251
chr3	33626669	33627665	11	201	268.974	161	210.258	-0.0309963960466193	-0.378156134852992
chr3	33627666	33631916	39	433	967.414	0	745.87	32.0636893782599	-1.11765130377467
chr3	33631917	36339792	31158	740721	767840.4564	578551	599674.3817	0.00403368536315146	-0.00976124932209492
chr3	36339793	36340017	3	0	73.5946	62	55.4767	-33.2151061284413	-33.1771658619246
chr3	36340018	37282906	11646	274851	286584.6335	219369	223638.8608	-0.0283254718221669	-0.0181964397193336
chr3	37282907	37283581	9	0	221.202	179	173.896	-33.2151061284413	-33.1771658619246
chr3	37283582	37524000	2684	55279	66198.7673	44891	51106.9037	-0.0688060603342792	-0.217957747925032
chr3	37524001	40588108	36445	882562	898788.4047	691736	702150.3811	-0.000550552356029869	0.0158312060185607
chr3	40588109	40596794	106	1300	2622.67	2138	2057.21	-1.06392262803439	-0.970409580023938
chr3	40596795	40975206	3977	92462	98523.3188	73906	77555.0785	-0.0179000744422007	-0.0494895702127447
chr3	40975207	40981505	75	856	1853.547	1410	1458.3303	-1.06180882261938	-1.07249090873404
chr3	40981506	44133207	29686	705564	732661.6561	559716	574724.0611	-0.0120208810823231	-0.0122550748786143
chr3	44133208	44136057	38	0	930.897	350	729.609	-33.2151061284413	-33.1771658619246
chr3	44136058	45260856	11765	280205	289748.6773	217772	224846.0486	0.00197450352953607	-0.00620428869735059
chr3	45260857	45261688	11	1	279.336	201	202.075	-8.11398749902888	-8.08374257840882
chr3	45261689	45418418	2051	51610	50542.6541	38737	38985.5865	0.043552636222326	0.0722642925199659
chr3	45418419	45418643	3	0	75.1188	56	53.855	-33.2151061284413	-33.1771658619246
chr3	45418644	66812169	250341	6041287	6170353.6513	4706382	4791655.463	-0.000416679971963735	0.0116178333735168
chr3	66812170	66815544	45	520	1115.5	0	880.047	32.1223487840902	-1.05899189795721
chr3	66815545	84223366	174649	4211516	4322004.1756	3282401	3352507.9479	-0.00269674501662894	0.00475426813997486
chr3	84223367	84225401	19	0	471.52	203	365.254	-33.2151061284413	-33.1771658619246
chr3	84225402	87319594	32955	785505	815041.3184	629936	641984.956	-0.0217436906218321	-0.0111376525308635
chr3	87319595	87329137	57	724	1421.66	1213	1102.39	-1.10728489671612	-0.931399785877459
chr3	87329138	87808633	5317	128459	131626.956	103929	103886.7409	-0.0315589197358288	0.00696808780018283
chr3	87808634	87812952	57	632	1418.34	1131	1120.2	-1.17587472414796	-1.12409186156165
chr3	87812953	89246768	14923	348204	369904.1376	280150	291566.6408	-0.0254176689117608	-0.0451035747900214
chr3	89246769	89252452	73	596	1829.401	1023	1386.549	-1.17511983206406	-1.57587202160585
chr3	89252453	90046758	8617	202381	213549.6509	160457	168367.1995	-0.00389848866290788	-0.035382599620457
chr3	90046759	90048633	23	287	569.391	470	444.821	-1.06362998948816	-0.946253865364825
chr3	90048634	92173484	22200	528701	548319.2197	409477	425721.6863	0.00773899589884738	-0.0104489013321079
chr3	92173485	92183137	121	1379	2980.94	0	2332.66	32.1113108889279	-1.07002979311718
chr3	92183138	94830681	29917	718287	737397.2127	547086	567949.3119	0.0202878032199297	0.00423352889762103
chr3	94830682	94836026	47	591	1158.68	937	900.077	-1.02507794816239	-0.929137060372484
chr3	94836027	94918483	913	22878	22469.7	18027	17683.3	0.00238309777002794	0.0680951612153024
chr3	94918484	94924910	38	476	940.25	697	740.123	-0.891301613153226	-0.939967740498396
chr3	94924911	111228954	174506	4225443	4304593.7616	3296884	3352572.0531	0.0015655428445109	0.0153405978626604
chr3	111228955	111230553	21	224	518.494	0	408.039	32.0126272072857	-1.16871347473724
chr3	111230554	111435125	2523	62387	62084.6759	47397	48228.4278	0.0362710726968348	0.0491233053775775
chr3	111435126	111437156	25	291	611.208	1	477.945	7.83423127587492	-1.02852918630746
chr3	111437157	115420630	42623	1049752	1052537.1063	793479	808141.4634	0.0267680761807204	0.0382925287347543
chr3	115420631	115424943	55	0	1351.26	545	1061.03	-33.2151061284413	-33.1771658619246
chr3	115424944	115739869	3196	76722	78728.1661	59679	61837.8056	0.0182010398827318	0.00487554395660771
chr3	115739870	115741565	14	0	346.328	152	272.261	-33.2151061284413	-33.1771658619246
chr3	115741566	117145887	15395	367309	379147.9995	290098	296213.9438	-0.0114928387392188	-0.00365177756009526
chr3	117145888	117146262	5	1	121.937	56	94.8716	-6.16526786520273	-6.88787704234093
chr3	117146263	119732043	30883	756853	760941.8195	580950	587954.6479	0.0136926628319232	0.0343420550479192
chr3	119732044	119734297	17	3	415.982	146	320.648	-5.97621792306399	-7.07329968481122
chr3	119734298	124943402	62275	1525042	1539574.2781	1155999	1171497.1791	0.00970565310377921	0.028432589324707
chr3	124943403	124943852	6	0	148.706	58	117.001	-33.2151061284413	-33.1771658619246
chr3	124943853	140719287	172601	4169791	4249127.3917	3242660	3312311.1702	0.00764374635821488	0.0149235639485591
chr3	140719288	140719887	8	86	198.414	0	153.275	32.0173505090227	-1.16399017300138
chr3	140719888	143318450	30190	726802	742679.4898	560691	575640.7717	0.0109603403443492	0.0109377399662156
chr3	143318451	143323995	60	10	1484.62	1289	1171.52	-7.34764573503397	-7.17183479070215
chr3	143323996	143325801	2	14	49.6238	19	38.8927	-0.787930593815256	-1.78349030087474
chr3	143325802	143334761	58	4	1435.32	3658	1135.24	-10.1710394610192	-8.4450415629477
chr3	143334762	143370162	186	4541	4599.74	3814	3611.11	-0.093229933990809	0.0235728086250482
chr3	143370163	143375339	14	23	348.177	327	262.98	-4.23027786578773	-3.87800004865967
chr3	143375613	143395505	42	1039	1030.5237	738	813.5886	0.156671438278172	0.0539330569526284
chr3	143395506	143406556	79	8	1950.82	1543	1516.94	-7.95026413536281	-7.88774983074741
chr3	143406557	143629707	1537	34793	38038.4475	27947	29930.6214	-0.0255576575904001	-0.0865461985780648
chr3	143629708	143647848	18	3	442.487	242	349.361	-6.67064240613959	-7.16241365113739
chr3	143647849	143673542	129	4397	3212.6324	1457	2481.6328	1.2252272229344	0.494878707279044
chr3	143673543	143692790	121	256	2983.472	203	2340.221	-0.0115085575713786	-3.5006614332394
chr3	143692791	143707431	157	23	3886.169	2685	3063.447	-7.20616232496267	-7.35845585885158
chr3	143707432	143708332	10	39	247.857	176	189.237	-2.55916838785165	-2.62584688715515
chr3	143708333	143719751	128	4	3187.2	2541	2517.29	-9.6474238470091	-9.59595863527779
chr3	143719752	143727284	28	496	688.3	188	540.323	1.05456686350536	-0.430582302191274
chr3	143727285	143736237	17	20	419.6556	277	330.8632	-4.13061024307728	-4.34901883756968
chr3	143736238	143737187	11	216	270.228	281	212.151	-0.724449687523387	-0.281030769476465
chr3	143737188	143741669	18	4	445.84	209	353.062	-6.03978880845847	-6.75826714527411
chr3	143741670	143743988	18	208	441.574	358	347.126	-1.12639703868267	-1.0439566127097
chr3	143743989	143760189	103	8	2527.79	2061	1992.56	-8.34820736917618	-8.26154576653557
chr3	143760190	143762164	12	29	297.4924	255	235.5938	-3.46874885936767	-3.31661291876528
chr3	143762165	143846205	118	1650	2921.5668	1038	2281.8551	0.316299306935281	-0.782161164404264
chr3	143846206	143846870	7	0	175.29	134	138.937	-33.2151061284413	-33.1771658619246
chr3	143846871	143857642	54	1633	1324.72	1188	1041.95	0.1167633678927	0.343952421912028
chr3	143857643	143873094	75	3054	1848.084	1243	1443.881	0.944970098640772	0.766784816860115
chr3	143873095	143931018	461	33285	11402.956	9137	8935.834	1.51752095442647	1.58757939106326
chr3	143931019	143943824	105	2550	2582.531	2011	2041.9757	0.00793901685850826	0.0238266672659193
chr3	143943825	144071076	764	46178	18908.1378	12121	14894.397	1.58963421574902	1.33031349337048
chr3	144071077	144296185	956	18272	23565.6749	14861	18470.2069	-0.0492087944208118	-0.324937356501161
chr3	144296186	144307870	60	1720	1474.12	2547	1157	-0.911680680680737	0.264669680919669
chr3	144307871	144379820	662	15942	16390.6848	12323	12900.6482	0.0302213604166017	0.00207158951158346
chr3	144379821	144384523	61	1	1501.91	1224	1182	-10.5987811263268	-10.5104673448549
chr3	144384524	144455314	837	20542	20718.4	16835	16271.2	-0.0573041893655945	0.0297791448463902
chr3	144455315	144463488	105	1708	2622.66	2183	2053.206	-0.702981742885577	-0.576607727514525
chr3	144463489	144539605	943	23482	23282.1	18643	18317.1	-0.00893400517573303	0.0544491850546639
chr3	144539625	144545305	70	1	1733.38	1437	1354.37	-10.840635302375	-10.7172569114385
chr3	144545306	149739201	57564	1408561	1426802.5495	1057543	1081548.373	0.0179930322536358	0.0235514315730577
chr3	149739202	149754312	88	784	2154.804	0	1687.028	31.7648246803671	-1.4165160015933
chr3	149754313	149755819	20	447	495.362	648	384.294	-0.89781691079069	-0.10609328290037
chr3	149755820	152955400	34289	842692	848755.0551	633737	642922.8158	0.0145932890776683	0.0317722543546601
chr3	152955401	152974788	111	2009	2759.9499	3930	2049.4168	-1.39330558419673	-0.41604942749608
chr3	152974789	153029046	563	11377	13917.5914	9090	10556.7329	-0.0708033349817536	-0.248674286936432
chr3	153029047	153048792	193	4274	4751.659	8623	3660.51	-1.38481479117407	-0.110729310589423
chr3	153048793	153070173	162	3193	3998.4527	5344	3079.2017	-1.11571808300565	-0.282414181487494
chr3	153070174	171475985	202849	4871548	5041892.3102	3707760	3780315.3644	-0.0174514721510456	-0.00746993595408247
chr3	171475986	171476963	13	0	319.311	133	245.623	-33.2151061284413	-33.1771658619246
chr3	171476964	177699918	66480	1611623	1655442.0712	1203807	1234777.6619	0.00211977071418149	0.0034128595528112
chr4	784	33469662	346403	8322689	8550507.713	6501380	6644126.6939	-0.00345193592291899	0.00315472795718288
chr4	33469663	33487075	174	1938	4255.23	2981	3346.769	-0.963521120281925	-1.09255345530062
chr4	33487085	42713107	98997	2375068	2445462.9059	1865152	1920891.4981	0.00451888180012833	-2.36746786062558e-05
chr4	42713108	42718689	73	886	1800.89	1	1424.53	9.45711344519166	-0.981216371674233
chr4	42718690	43045805	3710	91697	91469.8322	71731	71858.501	0.0103154476140116	0.0456936173607288
chr4	43045806	43046480	9	128	221.516	0	174.414	32.4321886717803	-0.749152010326978
chr4	43046481	43326285	3108	76692	76596.414	61118	60009.347	-0.0204360406306625	0.0439143289594896
chr4	43326286	43328422	26	291	644.218	0	508.196	32.0769259510265	-1.10441473101104
chr4	43328423	47285511	41877	1001368	1034282.3861	790416	810891.4396	-0.00558642284128762	-0.00454278765725345
chr4	47285512	47290610	25	310	630.283	1	495.497	7.93317572595364	-0.98161644812856
chr4	47290611	47383093	1007	23312	24942.4625	18951	19715.8092	-0.0362773560879476	-0.0554160358523562
chr4	47383094	47385344	30	417	748.125	0	592.765	32.3802238109197	-0.801116871178382
chr4	47385345	60157517	148492	3584501	3666644.5842	2779023	2846774.421	0.00623708923713661	0.00942695250266104
chr4	60157518	60158561	9	105	219.639	1	167.945	6.33127491074199	-1.02262983278458
chr4	60158562	71856741	126661	3041833	3122600.0221	2341470	2420975.9605	0.0145421858403642	0.00430825227051988
chr4	71856742	71860217	39	0	970.397	444	753.577	-33.2151061284413	-33.1771658619246
chr4	71860218	105073288	330773	7952500	8162602.3184	6157610	6341280.9954	0.00895792792969779	0.00449438287530584
chr4	105073289	105075594	19	0	471.102	228	369.875	-33.2151061284413	-33.1771658619246
chr4	105075595	108538820	36569	862526	904463.2153	688438	711677.0693	-0.0164230433309285	-0.0263787961831432
chr4	108538821	108539720	10	1	247.328	202	190.807	-8.02834810170736	-7.90816664360633
chr4	108539721	108722753	2259	55114	55609.2652	43192	43651.2369	0.00652679630514751	0.02920865027629
chr4	108722754	108725783	40	0	985.537	801	775.228	-33.2151061284413	-33.1771658619246
chr4	108725784	126484449	197544	4844009	4890781.8825	3712866	3737734.4431	-5.79347884565005e-05	0.0282515073404276
chr4	126484450	126485199	10	58	245.776	175	189.491	-1.96427001116562	-2.04110415065958
chr4	126485200	172341996	487080	11759200	12030712.8527	9051087	9265865.2728	0.00507724695662401	0.00918287273201124
chr4	172341997	172345297	44	1774	1084.27	904	855.987	0.635722888951275	0.7523970418683
chr4	172345298	173210044	8609	207682	212309.7528	166248	166214.5172	-0.0279102350648106	0.0103206235707207
chr4	173210045	173214594	24	307	601.564	0	468.918	32.2529761919541	-0.928364490120092
chr4	173214595	184224823	128706	3072265	3173284.2561	2396960	2441741.2548	-0.0157947823898521	-0.00455901159617729
chr5	34651	1178920	8144	194159	201464.2225	153470	158150.7896	-0.00576616279886717	-0.0111699868549859
chr5	1178921	1179614	8	0	194.527	75	153.394	-33.2151061284413	-33.1771658619246
chr5	1179615	1944544	7057	168593	174273.0861	134204	136023.601	-0.0242010085159746	-0.00569005999588171
chr5	1944545	1946907	28	0	683.889	274	528.242	-33.2151061284413	-33.1771658619246
chr5	1946908	3325530	14727	347380	362593.633	266859	280829.1316	0.0159508555037236	-0.0197238101056364
chr5	3325531	3325905	5	0	126.774	48	100.394	-33.2151061284413	-33.1771658619246
chr5	3325906	15302345	125194	2962961	3088040.9079	2322667	2407989.1926	-0.00343082020956276	-0.0175371403669618
chr5	15302346	15307332	66	762	1623.16	2	1290.45	8.24689094054646	-1.04882722780777
chr5	15307333	17725893	26304	638167	647869.5505	496018	506665.2095	0.0130457679177118	0.0203457414583087
chr5	17725894	17740590	117	1048	2872.243	7	2240.017	6.87157472454814	-1.41242400624508
chr5	17740591	18024755	2644	61986	65210.8112	48059	51101.1037	0.0195538846251804	-0.0310536705089086
chr5	18024756	18028220	43	571	1061.91	0	820.099	32.3283569213371	-0.852983760751519
chr5	18028221	18074854	91	2183	2253.56	1684	1768.72	0.0290946286872436	-0.00377864423086616
chr5	18074855	18077037	29	374	719.746	0	569.467	32.2790061734088	-0.902334508670496
chr5	18077038	19587963	13793	329850	340034.2668	255336	265027.3534	0.0140490935639538	-0.00175494861996423
chr5	19587964	19588939	10	129	244.482	0	186.584	32.3010985843646	-0.880242097718925
chr5	19588940	24918925	55700	1324728	1373144.1354	1028014	1064831.2276	0.00315279344318758	-0.00967181383422532
chr5	24918926	24942652	48	339	1183.0371	85	923.0783	1.6419549632585	-1.7610230513239
chr5	24942653	26010259	11407	270232	280562.0242	207982	217390.357	0.0138828723581118	-0.0120061333408178
chr5	26010260	26022019	140	6	3433.66	2655	2688.83	-9.13812738995076	-9.11845380560495
chr5	26022020	33245596	78728	1864383	1943976.3946	1481145	1525374.2184	-0.0136872795658215	-0.0181973504053801
chr5	33245597	33253622	37	0	915.292	186	695.402	-33.2151061284413	-33.1771658619246
chr5	33253623	33374774	1208	27742	29832.8287	21576	23400.1565	0.0164365935771137	-0.062713891621631
chr5	33374775	33380776	36	10	892.273	368	698.349	-5.550996015457	-6.43729817997343
chr5	33380795	33381475	2	36	50.3295	37	39.6553	-0.379244111603746	-0.441292271701135
chr5	33381476	33384309	32	0	804.204	110	601.216	-33.2151061284413	-33.1771658619246
chr5	33384310	48136109	160308	3792925	3959991.7456	3004677	3103828.9835	-0.011172599687945	-0.0200714914279462
chr5	48136110	48137534	19	239	474.423	0	348.233	32.2342924341592	-0.94704824791132
chr5	48137535	52172734	41251	973472	1016445.0733	759960	790554.6459	-0.0012043431546478	-0.0202057813956943
chr5	52172735	52190367	165	2065	4102.2	3204	3229.67	-0.974568615387494	-0.948140962277853
chr5	52190368	68765344	177155	4242175	4385454.4627	3284448	3375841.5936	-0.00415111448995758	-0.00580713240295353
chr5	68765345	68769360	52	701	1289.46	989	1013.33	-0.840044199329791	-0.837165583794394
chr5	68769361	68987107	2408	58107	59357.8618	46154	46437.9464	-0.0177038439366871	0.0113879350715205
chr5	68987108	68989963	38	468	935.783	0	719.354	32.223790279049	-0.957550403019395
chr5	68989964	68990263	4	85	98.3707	63	78.3753	0.108456224586549	-0.168650740253729
chr5	68990264	68992157	25	347	616.216	0	489.017	32.3949552897825	-0.786385392318192
chr5	68992158	77647332	91021	2186189	2242103.9427	1693232	1731001.2827	-0.000433077228800825	0.00568005485983622
chr5	77652421	77697771	81	1465	1984.8137	594	1553.6307	0.953180664231386	-0.395987846659558
chr5	77697772	86864963	101688	2451377	2511327.066	1902141	1954742.9146	0.0086719489383123	0.00725752990082172
chr5	86864964	86865488	7	0	173.367	129	137.424	-33.2151061284413	-33.1771658619246
chr5	86865489	87224271	3799	89778	93956.8602	71044	73879.4365	-0.00500167479684336	-0.0235214584009416
chr5	87224272	87232026	32	0	793.3	58	608.957	-33.2151061284413	-33.1771658619246
chr5	87232027	106249094	204436	4835415	5046527.3356	3803813	3951131.0005	-0.0026570767384948	-0.0195361666766463
chr5	106249095	106250938	24	276	590.847	0	459.64	32.1253394438391	-1.05600123820897
chr5	106250939	107423574	11858	290784	291761.9905	225956	227226.1686	0.00741788852692214	0.0372710287946568
chr5	107423575	107454687	34	494	852.1793	71	657.9816	2.4296851638355	-0.744530878915206
chr5	107454688	126889951	217917	5258035	5372114.3577	4064715	4172180.071	0.0108557749651574	0.0111488162088246
chr5	126889952	126890701	10	95	244.35	0	186.604	31.8605060832775	-1.3208345987083
chr5	126890702	126891601	12	283	301.399	211	219.882	-0.027211248732073	-0.0487574901222109
chr5	126891602	126892595	13	156	320.019	0	247.301	32.1868442358057	-0.994496446255291
chr5	126892596	132557606	62508	1497479	1543936.4696	1148360	1192892.8361	0.0149866622293422	-0.00196253082228824
chr5	132557634	132558009	5	0	124.816	62	98.8697	-33.2151061284413	-33.1771658619246
chr5	132558010	156377570	271398	6561424	6753868.0738	4913102	5052449.3553	0.00281853731177256	0.000410039502244892
chr5	156377571	156377945	5	89	123.677	0	92.7792	32.7487557807665	-0.432584901389891
chr5	156377946	173707145	193377	4704603	4838876.1019	3518544	3566482.4609	-0.0169008693366627	0.00151607285452485
chr6	0	123769	1366	31675	33853.179	24900	26652.665	0.00636217559656788	-0.0538316107043467
chr6	123770	126156	29	373	723.544	1	564.06	8.18797443968708	-0.913790034571676
chr6	126157	608573	5299	125971	130740.2707	98782	102557.3317	0.00467342589392088	-0.0114968556683726
chr6	608574	609403	11	158	268.335	0	211.685	32.4593450843912	-0.721995597720649
chr6	609404	736339	1351	33550	33306.1919	25779	26000.0721	0.0270164986653802	0.0526374421967989
chr6	736340	740646	57	722	1403.4	1127	1087.23	-1.00651105009089	-0.916740438069635
chr6	740647	784057	555	13644	13661.2	10630	10630.3	0.00239798013350184	0.0402975316105757
chr6	784058	785032	13	143	321.526	0	242.721	32.054535511402	-1.12680517063049
chr6	785033	8131838	85235	2049641	2104395.4959	1582520	1620793.6348	0.000616873961560676	0.00408045978688409
chr6	8131839	8136120	17	0	423.941	300	319.159	-33.2151061284413	-33.1771658619246
chr6	8136121	10798877	30562	744584	756416.4604	566739	573254.8639	-0.0020791164201565	0.0193689440957817
chr6	10813030	10846166	36	712	916.7359	289	609.7249	0.716634861277528	-0.322513843184277
chr6	10846167	16239996	56599	1353199	1398991.7607	1056070	1084645.5356	-0.00532045004721677	-0.00589836263272456
chr6	16239997	16900616	270	105	6660.69	2	5225.373	5.36828234720758	-5.94509530885469
chr6	16900617	17345136	144	926	3577.5452	751	2787.4531	-0.0536483574821668	-1.90777080849352
chr6	17345137	17421107	98	2530	2406.2963	709	1885.2193	1.48737272849723	0.114438171877013
chr6	17421108	21671581	44827	1069800	1108052.4634	845513	868901.1203	-0.00714518852449259	-0.00856999496413813
chr6	21671582	21678402	83	1036	2037.13	0	1591.38	32.247941723116	-0.933398958957266
chr6	21678403	21696008	231	5778	5680.12	4522	4413.5	-0.0062141789070846	0.0667638821126529
chr6	21696009	21699721	49	620	1227.96	0	901.796	32.2375323232991	-0.943808358772027
chr6	21699722	31046535	101977	2477256	2521597.7555	1880858	1923602.7102	0.0109995600899884	0.016519895952262
chr6	31046536	31059423	15	680	377.3172	42	271.9123	3.54861187938543	0.891871966509001
chr6	31059424	51047447	234155	5674831	5770627.4152	4378043	4465758.6437	0.00864322080200102	0.0179643304319979
chr6	51047448	51060142	167	2151	4098.83	2	3222.18	9.72779133163028	-0.88808954309078
chr6	51060143	51507905	5575	135900	137412.2598	105032	106440.6961	0.0074304616983443	0.0261498173292879
chr6	51507906	51508430	7	90	175.836	0	128.362	32.2572222031929	-0.924118478882169
chr6	51508431	52198940	7945	189526	195409.4715	145988	151944.418	0.0177640899383143	-0.00198953220750969
chr6	52198941	52204143	69	0	1697.15	684	1311.91	-33.2151061284413	-33.1771658619246
chr6	52204144	72325895	221346	5319488	5465456.3688	4180984	4285243.9017	0.000655044449039557	0.00306051349767103
chr6	72325896	72340521	107	1304	2623.95	5	2022.62	7.65545989093307	-0.966681272507731
chr6	72340522	84189929	130016	3108345	3207779.1993	2426870	2501489.7954	0.00243735685820146	-0.00331311367148341
chr6	84189930	84194674	63	780	1559.17	1170	1227.17	-0.926230797682508	-0.957117120746031
chr6	84194675	91196590	74517	1770069	1842986.5614	1406308	1449502.5922	-0.0104198157684031	-0.0161248642678464
chr6	91196591	91197539	9	41	223.2156	0	165.2009	30.7787137269814	-2.40262695459008
chr6	91197540	121155857	335543	8061836	8281530.4118	6223996	6394102.9868	0.00428670369907208	0.00332612239593106
chr6	121155858	121238684	974	12106	24046.2	18792	18950.6	-0.973786939228715	-0.947971580773259
chr6	121238685	131117999	114185	2759902	2827553.894	2102016	2148491.1126	0.00078749627310021	0.00717760439806023
chr6	131118000	131119124	15	151	367.3	307	281.477	-1.40345713955833	-1.2402952592193
chr6	131119125	147989969	155620	3756089	3864636.1903	2851467	2931654.7404	0.00308433183108209	0.00101372704933534
chr7	794	2428719	4768	89539	117829.2868	71270	92007.3317	-0.0234813342417236	-0.353994971535491
chr7	2428720	3532438	12754	316368	316456.702	231258	237901.6862	0.0446326031487827	0.0417106466978768
chr7	3532439	10902987	30890	575504	764066.9994	460950	598842.3135	-0.0271324780174344	-0.366758107765428
chr7	10902988	11442325	6358	169331	162890.0018	110726	112797.9279	0.0868694219973545	0.0980631497151499
chr7	11442326	11446000	49	1921	1290.66	679	779.496	0.77705338467194	0.615863606114448
chr7	11446001	12401581	12170	323784	311243.5876	218648	216752.9527	0.0486038963687178	0.0991026684183457
chr7	12401582	12435907	457	13435	11853.8	6483	7886.14	0.467479269802648	0.222761787081535
chr7	12435908	13158306	7999	211434	204195.9144	142516	143077.3066	0.060099178359762	0.0923684767447839
chr7	13158307	44454171	291338	6924215	7188677.9154	5388867	5557138.9476	-0.00554079150838118	-0.0119608572052786
chr7	44454172	44486885	13	158	319.788	26	251.389	2.26032156949538	-0.975076157260846
chr7	44486886	59702239	166396	3991090	4107270.8387	3154677	3216097.181	-0.00940374828066241	0.000717815806762008
chr7	59702240	59703889	22	268	543.148	451	415.84	-1.13203643845756	-0.976997277274647
chr7	59703890	70672424	124999	3009520	3082268.2259	2329929	2377926.4164	-0.000866109006172941	0.00765607753365322
chr7	70672425	70674392	22	568	540.362	0	426.005	33.2954204757771	0.114079793557397
chr7	70674393	77318332	74907	1801577	1850114.495	1377696	1420627.4156	0.010091231154434	0.00376084624026586
chr7	77318333	77334132	194	5339	4840.0182	3298	3546.3717	0.250484253099972	0.183672163582252
chr7	77334133	100489190	252172	6043902	6224212.4952	4720758	4867736.0784	0.00599619466570438	-0.000295959972810754
chr7	100489191	100489565	5	68	122.07	0	96.7055	32.3793537345361	-0.801986947561828
chr7	100489566	113595771	138130	3307105	3401131.4456	2541611	2655688.3646	0.0270715306309235	0.00166917482865543
chr7	113595772	113603573	48	513	1186.285	773	913.897	-0.963681938921699	-1.1673048347356
chr7	113603574	117079232	38290	945099	955628.5422	691584	710039.0318	0.0261841787380655	0.0261306039144624
chr7	117079233	117092214	165	5792	4069.78	3123	3095.79	0.500660655527707	0.551225880603419
chr7	117092215	119779235	26087	653394	653325.3086	476365	480760.8591	0.0175785258189805	0.0422667657920595
chr7	119779236	119780365	15	1	384.248	125	264.448	-7.50066312465208	-8.54377879813907
chr7	119780366	139588389	237035	5768568	5883087.8876	4368844	4437524.3466	-0.00168209933199096	0.0137547242537454
chr7	139588390	139591638	17	156	421.755	23	331.316	2.41781778521147	-1.39274405566055
chr7	139591639	145202346	65291	1603637	1626042.4224	1190056	1211122.588	0.00947296955383591	0.0220977998499037
chr7	145202347	145204476	21	577	517.732	0	403.969	33.3798215970697	0.198480914842193
chr7	145204477	145280771	852	20603	20953.5531	16040	16353.6483	0.00777271842990163	0.0177746075466958
chr7	145280772	145442654	101	3100	2503.5237	968	1912.1304	1.29458488308059	0.350423189579683
chr7	145442655	145481306	49	340	1214.657	248	947.7899	0.101459661048229	-1.79482723805106
chr7	145481307	145683106	138	1234	3409.237	249	2654.1802	1.95211699397613	-1.42399141299052
chr7	145683107	145729228	508	12390	12538.658	9396	9704.1421	0.0335220246855887	0.0249083283753725
chr8	510	4283987	38852	912845	961486.2509	735715	756119.5429	-0.031254156347755	-0.0327812272075168
chr8	4283988	4290397	22	685	546.3399	142	426.7484	1.91797483356595	0.36842028613004
chr8	4290398	4322821	195	5026	4817.699	105	3799.99	5.24277561566419	0.103181498555241
chr8	4322822	4324278	6	252	147.963	72	117.051	1.47343054516201	0.810302363756622
chr8	4324279	4339180	91	2219	2263.49	124	1789.47	3.8266558848837	0.0134758217949491
chr8	4339181	4404800	10	202	245.4595	68	194.6381	1.2402325995754	-0.239014624197466
chr8	4404801	4420836	12	159	296.826	1	229.0886	6.94334594305476	-0.858475615336557
chr8	4420837	43127050	378382	9154937	9337836.0869	7093654	7233013.2951	0.00370435468511314	0.0135767809599932
chr8	43127051	43130376	21	73	517.41	206	401.252	-1.85930050171299	-2.78322448022953
chr8	43130377	43135362	46	796	1148.64	783	912.883	-0.303493890520882	-0.486971284784109
chr8	43135363	43168201	332	5	8222.78	3369	6500.66	-9.73104170555969	-10.6413670957459
chr8	43168202	43174594	70	1058	1734.07	1559	1377.16	-0.887572434534416	-0.670707423031073
chr8	43174595	43270628	872	22012	21621.53	17806	16985.982	-0.0380223962922485	0.0679367050453872
chr8	43270629	43272105	19	1	467.773	210	363.402	-8.07431289024811	-8.8275496266368
chr8	43272106	43819272	4873	119295	120582.1732	95038	94839.9646	-0.0143175903485265	0.0266320280678143
chr8	43819273	43820038	10	3	249.61	79	197.676	-5.05118143296211	-6.3364543234253
chr8	43820039	61303017	207148	5030556	5119415.0978	3834530	3907826.3277	0.00623028873806759	0.0168539599880504
chr8	61303018	61303242	3	0	77.8811	66	52.6284	-33.2151061284413	-33.1771658619246
chr8	61303243	118025841	629230	15140829	15544642.8958	11615600	11952197.9734	0.00741381683792547	0.00414181161737023
chr8	118025842	118100845	919	10569	22527.089	15696	17710.6019	-0.913430899514538	-1.04970692946737
chr8	118100846	122447425	49624	1192911	1225337.5121	914378	936894.8179	0.000578443525709484	0.00342231247009891
chr8	122447426	122448439	11	6	269.495	112	208.244	-4.59020117552666	-5.44703710221232
chr8	122448440	130340210	91105	2172083	2258373.9039	1674093	1701875.6431	-0.0282843631007723	-0.0140900434792315
chr8	130340211	130366441	343	8831	8508.407	5933	6410.805	0.16960633188427	0.0958028550064973
chr8	130366442	131802007	14028	327709	348282.7477	246928	262508.1657	0.00460296761429034	-0.0457286284998232
chr8	131802008	131986580	2077	25598	51109.9989	38719	39404.8562	-0.968067900512326	-0.955459377778877
chr8	131986581	133306290	14908	369247	367144.495	278836	283653.0834	0.0371237615893161	0.0503533185219167
chr9	501	3392580	30707	719922	755970.3645	559448	588993.0131	0.00793222697738536	-0.0283739858935005
chr9	3392581	3396655	53	1367	1309.61	475	1026.39	1.17763042098307	0.103991086845531
chr9	3396656	21436752	157881	3756616	3917059.1035	2865186	2973080.6195	-0.00283263797955779	-0.018222158085049
chr9	21436753	22071110	150	1444	3666.971	341	2896.896	1.74632095254942	-1.30240302709501
chr9	22071111	23532304	15188	361512	375340.6347	285052	294816.6439	-0.0013892786105683	-0.0120418623140557
chr9	23532305	23536440	54	1382	1331.15	585	1048.37	0.899898731782177	0.0961995530046099
chr9	23536441	34176859	117737	2784011	2905258.88	2197715	2272815.6862	-0.00885060807213288	-0.0193867255508777
chr9	34176860	34178142	16	177	393.033	0	311.204	32.0725546798845	-1.1087860021521
chr9	34178143	35357604	13018	311244	322160.8487	249203	254132.566	-0.0173005054255529	-0.00762006501247271
chr9	35357605	35368967	46	532	1140.04	0	899.294	32.1238694757644	-1.05747120628333
chr9	35368968	35456309	1041	24797	25689.435	20339	20275.618	-0.0513376098686719	-0.00889448311459379
chr9	35456310	35461580	45	572	1110.43	865	879.649	-0.928628739917738	-0.914916310868761
chr9	35461581	87501367	587456	14217211	14494474.3122	11034535	11243169.4386	0.00333324032101262	0.0142505548721689
chr9	87501368	87501967	8	0	199.437	56	157.828	-33.2151061284413	-33.1771658619246
chr9	87501968	89159436	18503	450032	455403.2815	353254	353575.9079	-0.0116281988490748	0.0249979893956496
chr9	89159437	89161928	25	0	616.25	219	482.567	-33.2151061284413	-33.1771658619246
chr9	89161929	101201615	136408	3341697	3377212.6858	2527948	2562315.5961	0.00840410200798238	0.0268629752495782
chr9	101201616	101204025	8	1	197.167	76	154.845	-6.59234598760084	-7.58115918126727
chr9	101204026	101221287	110	2663	2709.09	2020	2125.17	0.0526418854171221	0.0173591928327147
chr9	101221288	101246227	202	2861	4977.014	3666	3891.612	-0.708425034660262	-0.756645860362066
chr9	101246228	104609967	33219	789052	820577.6323	623727	644482.5146	-0.00511812340812953	-0.0144043623231769
chr9	104609968	104610793	11	0	268.255	121	210.62	-33.2151061284413	-33.1771658619246
chr9	104610794	113862020	98941	2371582	2441630.3058	1869201	1899485.3974	-0.0146332948948709	0.000120064815804302
chr9	113862021	114380809	2081	42987	51540.9257	30809	39032.539	0.083682256311886	-0.219702931557539
chr9	114380810	119866831	64116	1540542	1580078.1571	1195084	1215200.944	-0.0083002161740256	0.0055571806568508
chr9	119866832	119866988	2	43	50.656	270	36.4492	-3.12122203114866	-0.194281413654051
chr9	119866989	120358723	4961	114594	122017.3502	90124	95439.4019	-0.00370632152841553	-0.0484397102724889
chr9	120358724	120360898	29	0	711.628	616	561.74	-33.2151061284413	-33.1771658619246
chr9	120360899	121416511	9749	230671	241041.1836	179626	189741.6155	0.0197717451146019	-0.0213279355819779
chr9	121416512	121417575	7	187	171.765	0	133.533	33.3460579463104	0.164717264085996
chr9	121417576	122086633	5961	139304	147193.0397	108130	115062.9642	0.0143587487446798	-0.0373576810176024
chr10	1186	491742	909	12714	22493.9575	9415	17154.4086	0.0466016979545796	-0.781004424891593
chr10	494889	5729917	49136	1198836	1215329.9511	909786	924960.2155	0.0083251665613899	0.0224013539075736
chr10	5729918	5733943	53	2	1302.67	502	988.699	-8.36523706615012	-9.30514076197119
chr10	5733944	43613161	442546	10723240	10943943.5352	8181592	8372222.4565	0.00801205793726406	0.0127232736044337
chr10	43613162	43614961	24	0	587.966	399	446.349	-33.2151061284413	-33.1771658619246
chr10	43614962	44720614	9724	231874	239880.3376	177653	184831.6555	0.0123507839798365	-0.00685876136827355
chr10	44720717	44723314	10	58	247.358	203	191.872	-2.16963646718793	-2.05036066667114
chr10	44723315	45395426	3933	97454	98014.2314	72052	73383.4163	0.0223205753616381	0.0338452493832375
chr10	45395427	45395998	5	2	128.289	125	92.4675	-6.43398863642902	-5.96113856699383
chr10	45395999	56008466	126698	3111811	3132920.5674	2343542	2384321.7283	0.0193093360240653	0.0323613342301086
chr10	56008467	56035849	297	6383	7586.537	3523	5333.423	0.353225253734589	-0.207091759024535
chr10	56035850	57042140	12562	314177	312942.3208	229870	232626.766	0.0270545228273981	0.0477958811660903
chr10	57042141	57042590	6	0	146.281	72	111.823	-33.2151061284413	-33.1771658619246
chr10	57042591	69495687	139650	3391428	3458182.9502	2548566	2625863.3779	0.019159630990425	0.0139937571157599
chr10	69495688	69497037	18	2	445.04	338	343.152	-7.7717918318839	-7.75567608142705
chr10	69497038	69897178	5146	126016	128037.9376	95711	95680.8915	-0.019243512137003	0.0191506649132605
chr10	69897179	69897925	9	0	224.603	179	167.676	-33.2151061284413	-33.1771658619246
chr10	69897926	90193580	237297	5760103	5881067.2782	4358684	4466127.6143	0.00932329676613181	0.0121317019970185
chr10	90193581	90264660	840	22390	21186.943	14078	15190.2422	0.193556389827028	0.121794174658926
chr10	90264661	99976035	114708	2758750	2839150.8063	2109105	2160114.1902	-0.00279327796953615	0.000670329316092594
chr10	99976036	99977535	20	219	490.502	414	381.532	-1.27698003181638	-1.12121306188254
chr10	99977536	110550683	124243	3044945	3111214.5661	2252534	2289979.4192	-0.00310115452056838	0.0110533621440802
chr10	110550684	110550983	4	2	98.0145	48	75.8053	-4.95148415013281	-5.57280819428638
chr10	110550984	112626397	7855	177726	193616.6303	134738	148325.7361	0.0192388503404288	-0.0814330357093433
chr11	797	16481542	177711	4256791	4392899.7273	3369205	3454433.2036	-0.00519168657314976	-0.00329222323809786
chr11	16481543	16503798	155	1804	3831.452	2816	3000.82	-0.990807623227073	-1.04457680604535
chr11	16503799	16638783	1340	33297	33097.519	25869	25966.049	0.0182461671826534	0.0507842097772804
chr11	16638784	16644033	62	677	1523.6219	1103	1196.4417	-1.04878506219048	-1.12816210376241
chr11	16644034	17874836	13262	314848	327027.9958	245364	255904.0895	0.0100957895062721	-0.012643555338167
chr11	17874837	17875731	11	124	269.538	0	210.243	32.103307208603	-1.07803347344028
chr11	17875732	17879378	45	715	1107.896	614	872.029	-0.121495034078172	-0.589692225436267
chr11	17879379	17900514	184	2197	4560.698	3	3597.437	9.17824608209747	-1.01160468406357
chr11	17900515	26495181	89541	2131160	2214492.1663	1701168	1741536.2629	-0.0173272724598384	-0.0132218969845949
chr11	26495182	26506035	142	5217	3489.95	2766	2738.16	0.569594480596819	0.622129153107682
chr11	26506036	26754100	2723	66237	67246.5209	52152	52663.497	-0.00356673415832269	0.020292789403679
chr11	26754101	26760527	18	246	443.688	1	348.845	7.59972989655877	-0.808772131735331
chr11	26760528	38015362	124184	3012476	3069305.3702	2310692	2342427.5933	-0.00310813838432551	0.0151526456936552
chr11	38015363	38028567	27	14	670.821	276	511.496	-4.68819960603862	-5.54031402692224
chr11	38028568	38030470	18	244	442.605	267	345.518	-0.483042651908752	-0.817023514003744
chr11	38030471	38032184	22	26	543.853	186	412.434	-3.23359775470151	-4.34451813455823
chr11	38032185	38035587	41	866	1021.627	667	763.759	-0.0388240942619421	-0.196314541641504
chr11	38035588	38036338	8	8	201.192	99	143.501	-4.11269394724652	-4.61031403958057
chr11	38036339	38048636	158	3949	3890.449	2929	2987.6803	0.0543431067583772	0.0636657874177403
chr11	38048637	38050211	21	56	514.158	251	407.672	-2.49481670441659	-3.15659794506729
chr11	38050212	40565220	17615	421799	435515.948	327274	337840.3709	0.00384768875845017	-0.00405478742022655
chr11	40565221	40572702	43	0	1071.595	337	825.153	-33.2151061284413	-33.1771658619246
chr11	40572703	40688625	1277	30580	31679.467	24716	24974.328	-0.0317842549840456	-0.00884456880074029
chr11	40688626	40691989	4	0	96.7954	89	77.0532	-33.2151061284413	-33.1771658619246
chr11	40691990	40874959	1967	47462	48709.471	38810	38420.693	-0.0477994909765894	0.0046856674524158
chr11	40874960	40878262	44	0	1087.79	829	861.564	-33.2151061284413	-33.1771658619246
chr11	40878263	65405221	270259	6514559	6668328.9123	5081892	5216966.7154	0.00836258684469003	0.00845734027685177
chr11	65405222	65406496	17	198	421.084	0	334.121	32.1348481413899	-1.04649254066017
chr11	65406497	83440634	202033	4885389	4989794.4287	3758656	3832413.8713	0.00170436843219928	0.0116081485915477
chr11	83440635	83519743	920	19314	23064.6806	15369	16863.5411	-0.11797929542073	-0.213923244311356
chr11	83519744	90463331	66281	1613268	1642448.6858	1217723	1253282.045	0.0198377723137169	0.0162529116494237
chr12	322	14848416	131476	3076384	3259393.3748	2361099	2461792.916	-0.0189421918722159	-0.0412527993027063
chr12	14848417	14848866	6	0	149.49	66	112.985	-33.2151061284413	-33.1771658619246
chr12	14848867	20628076	54520	1304222	1358127.3859	980803	1015546.2136	-0.00403392690737618	-0.0163142559176614
chr12	20628077	20824144	199	2036	4906.8989	2987	3755.8327	-0.934463601701739	-1.22695889822647
chr12	20824145	22597119	8581	177858	214468.1603	132359	158731.4	-0.00373154332806943	-0.227922527774651
chr12	22597120	22597729	8	208	198.201	2	154.462	6.34490224281123	0.111734373960712
chr12	22597730	34956111	137562	3283611	3403815.532	2542654	2575802.6119	-0.0290079217030375	-0.00975454065672728
chr12	34956112	35146890	22	292	541.5936	24	420.954	3.2454887759005	-0.849127234395295
chr12	35148306	36537502	4552	103610	113362.0012	79450	84874.1868	-0.0303204317013935	-0.0876587920620465
chr12	36537503	36537802	4	82	99.8093	0	72.6169	32.9399054302198	-0.241435251961484
chr12	36537803	47114041	126575	3057671	3160228.6014	2302512	2338053.7563	-0.0213214930159057	-0.00548065167375029
chr12	47114042	47114894	10	5	244.766	105	186.915	-4.77716341788325	-5.57121617067908
chr12	47114895	47952075	9910	244808	249016.6376	178136	181369.2451	0.00553412170732456	0.0175236546575991
chr12	47952076	48196799	3041	69891	76900.0966	52674	55217.8387	-0.0656605012719422	-0.0957636344434214
chr12	48196800	48197933	15	0	374.074	134	275.442	-33.2151061284413	-33.1771658619246
chr12	48197934	48303486	1339	34206	33699.9	25130	24521.3	-0.00969528815644184	0.063620183989297
chr12	48303487	48304806	17	0	423.711	177	313.115	-33.2151061284413	-33.1771658619246
chr12	48304807	49092886	9305	225460	233764.7178	168843	170227.9683	-0.0362251574303073	-0.0100706123243368
chr12	49092887	49306108	135	2454	3325.737	825	2573.264	1.20676943578258	-0.396423748355378
chr12	49306109	52716696	41248	1003001	1031245.6033	753893	760784.0722	-0.0227628378760699	0.00205016296347489
chr13	0	28273732	245130	5768935	6057683.558	4610609	4757807.9673	-0.0209466682591912	-0.0283461210315804
chr13	28273733	28278308	59	713	1460.58	0	1139.48	32.188888370365	-0.992452311696327
chr13	28278309	28934791	6544	151120	161766.0915	119196	127319.0406	0.00107256587874869	-0.0560995358801564
chr13	28934792	28938952	16	152	395.215	344	308.652	-1.53081898483159	-1.33645129305244
chr13	28938953	33448408	41413	1003793	1026231.5181	812082	808678.3142	-0.0337791158402934	0.0102206375926577
chr13	33448409	33818936	174	1450	4265.6661	1736	3369.7514	-0.595668106662676	-1.51460305384379
chr13	33820489	33889900	455	11173	11190.6	9016	8786.53	-0.0352899529199591	0.0398443043964445
chr13	33889901	33900790	94	608	2318.498	0	1813.806	31.2924085158828	-1.88893216592401
chr13	33900791	33909395	92	2576	2275.29	1691	1795.74	0.269958798087284	0.221197242954736
chr13	33909396	33955505	335	3531	8306.6448	51	6487.8795	5.7610917256241	-1.19207395635253
chr13	33955506	33962089	2	32	52.396	17	37.4081	0.430605992430634	-0.669269685868815
chr13	33962090	34029634	360	3898	8897.594	15	6920.305	7.66322288758707	-1.14856609151507
chr13	34029635	51429046	198556	4763499	4907194.2112	3679473	3763063.2966	-0.00629345505921677	-0.000761596702442711
chr13	51429047	51429682	7	143	172.426	3	135.15	5.22766782802628	-0.227847099713752
chr13	51429683	69883462	208287	4951755	5151543.8923	3870034	4012251.8574	-0.000824181143465448	-0.0149498430807389
chr13	69883463	69884287	11	285	267.204	6	211.554	5.23711478279894	0.135135401480168
chr13	69884288	72608170	31676	757766	781671.3113	577494	599666.7828	0.0137202432476628	-0.00269459282130613
chr13	72608171	72609145	13	138	321.415	0	245.216	32.0036867771139	-1.17765390490701
chr13	72609146	76101517	41821	1011577	1032064.3593	773908	794326.633	0.0128183242023487	0.0131882876455609
chr13	76101518	76103317	24	339	586.105	0	460.485	32.433581897799	-0.747758784308451
chr13	76103318	82450357	74623	1803915	1837475.4018	1388610	1430966.0689	0.0209292415987448	0.0155215110950815
chr13	82450358	82450882	7	0	171.948	62	135.552	-33.2151061284413	-33.1771658619246
chr13	82450883	82777217	4152	100314	102202.2489	76672	78932.6288	0.0191928280430204	0.0152111099042341
chr13	82777218	82915279	1662	29978	40815.369	30185	31631.1944	-0.373517311470096	-0.403093276969378
chr13	82915280	89932570	82226	1981212	2027551.1822	1525160	1560867.2491	0.00420699408171879	0.00876001809613006
chr13	89932571	89933784	15	0	369.464	141	286.459	-33.2151061284413	-33.1771658619246
chr13	89933785	89935352	17	284	421.553	265	320.609	-0.290825710983381	-0.527708009363941
chr13	89935353	89935949	7	4	172.038	70	133.681	-4.48904102758885	-5.38446836129514
chr13	89935950	114025099	277820	6719148	6858090.2948	5175525	5255506.3302	-0.00322922184358035	0.0125864962122573
chr14	322	480648	201	1099	4973.1435	883	3858.9181	-0.0460807723668175	-2.13585158680156
chr14	480649	693411	79	1097	1962.037	1533	1500.845	-0.865196608690991	-0.796673635139703
chr14	693412	748285	92	766	2288.949	2371	1760.755	-2.0043956837196	-1.53715393396633
chr14	748286	12347413	118470	2823336	2924630.9029	2179397	2238218.8241	-0.00825684301541975	-0.00873864521410499
chr14	12347414	12355422	57	9	1389.99	553	1085	-6.2944152984275	-7.22881867779976
chr14	12355423	15510293	36277	875551	893758.6401	689923	693887.9127	-0.0172519673289482	0.0124210201981815
chr14	15510294	16030441	2190	49111	53911.6539	39324	42030.076	-0.0343641632312908	-0.0924358830508969
chr14	16032961	16150160	96	764	2370.862	1558	1827.742	-1.39922512301881	-1.59165206000833
chr14	16150180	39839597	261612	6246977	6457608.0493	4887742	5027507.1567	-0.0029917433267729	-0.00572657252875119
chr14	39839598	39847025	18	229	445.482	0	350.301	32.2634362277673	-0.917904454308992
chr14	39847026	40544651	6361	152641	157398.11	122283	124199.542	-0.0176648672375274	-0.00216060226064465
chr14	40544652	40545331	9	123	222.907	1	175.404	6.60092902596555	-0.81566851981964
chr14	40545332	40887993	3825	88726	94677.5097	71738	74637.7735	-0.0323215839408082	-0.0515497428059285
chr14	40887994	40891098	39	316	962.036	0	753.7676	31.6172894461353	-1.56405123578239
chr14	40891099	42640064	19808	481120	489000.5774	374590	380780.9763	0.00438444250548756	0.0186756914424111
chr14	42640065	42643374	43	596	1063.76	0	815.506	32.3876673109079	-0.79367337119149
chr14	42643375	61682024	192896	4591360	4766572.961	3604571	3720618.1497	-0.00414123720994489	-0.0119157370057589
chr14	61682025	61683390	18	388	440.289	0	343.037	33.0410616206951	-0.140279061498081
chr14	61683391	61684644	12	630	293.894	273	229.074	0.851143513355445	1.14217100971413
chr14	61684645	61953389	3075	73761	76020.3528	58039	59972.5258	0.00792638708876563	-0.00141241851775445
chr14	61953390	61957549	35	0	865.343	619	674.033	-33.2151061284413	-33.1771658619246
chr14	61957550	62269526	3651	89311	90281.9491	70356	70951.3845	0.000732504993429982	0.0265153978349678
chr14	62269527	62270651	15	192	368.169	0	288.564	32.28419392404	-0.897146758040235
chr14	62270652	62365169	1093	24307	27022.6558	19572	21221.6529	-0.0318769642893996	-0.110682538157812
chr14	62365170	62379043	84	814	2084.952	10	1631.028	5.99689906525233	-1.3147983832417
chr14	62379044	68968715	66888	1598430	1650549.7298	1260868	1296805.0044	-0.00157190525123521	-0.00417595381614434
chr14	68968716	68971707	32	1458	795.058	591	626.292	0.962710845381222	0.91697379179901
chr14	68971708	95430992	287552	7008611	7116512.5329	5339661	5451046.6009	0.0119180569526434	0.0200732218851785
chr14	95438185	95529143	48	176	1162.147	12	901.815	3.51275477251832	-2.68103014493591
chr14	95529144	95531139	8	286	196.315	125	151.625	0.825599107611067	0.584959823861743
chr14	95531140	95550871	32	437	785.261	27	609.094	3.65426943005889	-0.803423880474236
chr14	95550872	95572277	126	1323	3108.174	4	2448.897	8.02983690404272	-1.19013912122158
chr14	95572278	97023881	263	3659	6488.0216	2391	5026.6043	0.249815606188092	-0.784214119719161
chr14	97034957	97081438	15	533	371.529	165	292.227	1.34945898340577	0.562775794133423
chr14	97081439	101960846	40510	961567	1000270.5907	755354	783839.7168	0.000649530703330082	-0.014815949767859
chr14	101960847	101993679	34	363	835.087	32	663.0074	3.17509902169634	-1.15984187098326
chr14	101993680	102173977	58	1284	1436.499	913	1118.2897	0.13487024481678	-0.119796698986884
chr14	102173978	102218126	51	575	1257.136	13	974.0491	5.10307890771409	-1.08639178399113
chr14	102218127	115493372	147748	3525247	3646014.6758	2733023	2823702.6877	0.00266938872944631	-0.00648093643041133
chr15	0	20651720	219717	5283984	5413795.6855	4081643	4187943.0624	0.0062523018807208	0.00710074333911204
chr15	20651721	20651945	3	0	73.3383	40	57.5795	-33.2151061284413	-33.1771658619246
chr15	20651946	21031652	4430	98049	109233.2107	78701	83875.4621	-0.0597950680034588	-0.11372164378973
chr15	21035990	23165584	494	7129	12181.5854	4536	9439.4761	0.288530688613227	-0.730815195008696
chr15	23165585	29895296	61704	1481351	1522311.8155	1152109	1170522.0275	-0.0123006857146156	0.00276471217274771
chr15	29905967	29952152	65	2527	1598.458	1159	1235.832	0.757521716406551	0.70285991398446
chr15	29952153	30415114	238	4364	5851.9472	4019	4572.4049	-0.232974243788036	-0.381150563816347
chr15	30415115	30468525	207	4856	5120.7053	3411	4003.5035	0.158669021074341	-0.0344590247208333
chr15	30514207	30919046	391	10022	9632.048	5362	7495.1845	0.544623548896969	0.0993710432652641
chr15	30919047	31019397	57	1126	1404.8632	1295	1091.8819	-0.561183283253722	-0.277107738824066
chr15	31019398	31950404	457	7167	11249.9899	5612	8743.7931	-0.00656337155611384	-0.608367359418696
chr15	31953379	34892234	29081	720933	721095.386	531022	544576.8829	0.0402140075901603	0.0417901649486589
chr15	34892235	34893847	21	978	513.271	360	403.081	1.09736140948912	0.97222880215071
chr15	34893848	35519139	2394	53503	59006.8561	40850	45571.0526	0.0206936311526934	-0.0991477180927997
chr15	35519140	35533756	129	2	3198.8	1301	2524.66	-9.6826719897689	-10.6011997599759
chr15	35533757	50016151	154047	3730639	3799209.323	2854837	2918956.1407	0.00994253935958444	0.0158386482065724
chr15	50016152	50266856	657	13298	16298.9848	12443	12850.0563	-0.242957684195901	-0.25145773750843
chr15	50266857	52782917	28469	698093	704373.2186	527132	537350.3948	0.0189528801225998	0.0291942756390744
chr15	52782918	52790021	18	190	444.143	358	347.662	-1.263124214981	-1.18290974770449
chr15	52790039	65194592	135899	3286938	3348353.782	2544470	2598967.0731	0.00804026974357643	0.0154073619583763
chr15	65194593	65339051	43	122	1062.3156	5	831.2909	4.25919692737904	-3.08014429444681
chr15	65339052	66094445	7351	174956	182176.9699	139887	143894.9317	-0.0134197466130823	-0.0162333620074055
chr15	66094446	66096621	29	294	717.332	586	563.192	-1.33992383839258	-1.24470974810632
chr15	66096622	66186689	995	24654	24630.357	19566	19469.4245	-0.00157958918046037	0.0434992845766493
chr15	66186690	66195684	91	1127	2252.74	1777	1775.68	-0.996090546590424	-0.957078211777494
chr15	66195685	86827848	230357	5458660	5695960.3967	4338820	4476391.5967	-0.0121839417703773	-0.019277188685119
chr15	86827849	86828523	9	0	220.349	86	169.426	-33.2151061284413	-33.1771658619246
chr15	86828524	86829200	9	55	223.466	138	172.642	-1.6952617836837	-1.98043673304178
chr15	86829201	95309262	94135	2252468	2325020.5564	1789720	1820978.5904	-0.0165819774319014	-0.00362177426368523
chr15	95309263	95310312	14	3	343.867	143	271.288	-5.91275944441525	-6.79862925647573
chr15	95310313	96729426	16045	382329	397374.027	306542	313094.6886	-0.020993844132375	-0.0135678576770716
chr15	96729427	96731694	29	0	716.537	288	564.477	-33.2151061284413	-33.1771658619246
chr15	96731695	97012942	3416	82227	84666.9862	64880	66552.1294	-0.00130151369848948	-7.22547791700071e-05
chr15	97012943	97016495	47	1008	1159.2	1459	912.144	-0.875105418343355	-0.159518774054751
chr15	97016496	97045738	306	7192	7567.035	5841	5967.135	-0.0383372448904156	-0.0312200101266292
chr15	97045739	97046402	7	0	175.749	74	138.548	-33.2151061284413	-33.1771658619246
chr15	97046403	105433303	94663	2252261	2336627.4351	1775506	1822812.1937	-0.0109431880417618	-0.0109386122929396
chr15	105433304	105437135	51	661	1255.32	1	966.796	8.99590937593338	-0.883217911713626
chr15	105437136	111239624	54513	1305440	1345790.1228	1007539	1036664.2011	0.00137049772405938	-0.00180220005686663
chr16	17697	5785472	61544	1499382	1518740.2861	1137935	1161654.9491	0.0154310783226679	0.0236078937462004
chr16	5785473	5785997	7	112	176.1	0	128.058	32.5705595924197	-0.610781089710414
chr16	5785998	15921691	107288	2599141	2655503.7346	1982921	2029543.3134	0.0067520904368898	0.0111644289647098
chr16	15921692	16022468	1216	44461	30021.7995	22867	23563.7281	0.614005468289678	0.608645029956606
chr16	16022469	17157021	13282	316546	328103.3559	250732	258127.6429	-0.00562185022341594	-0.00962009776357278
chr16	17157022	17161876	50	0	1232.64	544	975.632	-33.2151061284413	-33.1771658619246
chr16	17161877	17175074	162	3735	3992.36	3264	3146.99	-0.144627217131391	-0.0540184874506557
chr16	17175075	17181789	7	7	174.508	71	130.278	-3.75991707391446	-4.59767935283725
chr16	17181790	20263245	33482	811754	833178.6799	609053	628384.65	0.0116716479775294	0.00453175273515077
chr16	20263246	20701568	5500	146858	140027.4482	95998	98492.5026	0.109896585200305	0.110827292647858
chr16	20701569	30619840	93721	2224842	2315621.3603	1731414	1796403.0317	-0.000361332577286828	-0.0155813978056497
chr16	30619841	31102155	135	2429	3344.507	1337	2589.4977	0.496416557055153	-0.419315987684426
chr16	31102156	57056851	262795	6245859	6487777.0714	4910446	5074299.8937	-0.00329470602761682	-0.0127091594512958
chr16	57056852	57058051	16	418	395.438	0	312.584	33.3035071966973	0.122166514476854
chr16	57058052	64896286	90298	2178715	2224958.9527	1698668	1727556.1702	-0.00179770165718951	0.0118138547659626
chr16	64920066	64933865	78	11065	1931.89	986	1526.05	3.15223609560027	2.56003368218725
chr16	64934998	64975245	52	5265	1283.1818	1002	1001.8263	2.04063264936182	2.07882303363948
chr16	64975262	64984693	56	4877	1392.9551	551	1099.2728	2.80844526901628	1.84996030397422
chr16	64984694	78865248	150417	3601675	3708190.8242	2795757	2866756.5424	-0.0016922434822671	6.76042507989083e-05
chr16	78865249	78866272	13	77	324.311	165	253.327	-1.45173796097692	-2.03233251956395
chr16	78866273	90668716	135087	3259081	3345260.4148	2521135	2560931.7604	-0.0108830558433121	0.00446177270197592
chr17	1115	36929852	405319	9696543	10013058.7068	7447910	7651849.2277	-0.00319272005684488	-0.00422526085876519
chr17	36929853	36931919	24	261	585.585	1	459.045	7.68083773930318	-1.12371370480211
chr17	36931920	36933570	17	436	417.752	311	326.54	0.136201367469146	0.103796486841439
chr17	36933571	36943290	23	91	566.773	0	441.518	30.584623187116	-2.59671749434238
chr17	36943291	62213652	249448	5962142	6147155.8754	4637659	4791245.5196	0.00709048755247431	-0.00197324499179551
chr17	62213653	62229450	59	775	1453.91	1128	1134.73	-0.894912937419487	-0.865554663531231
chr17	62229451	62287246	577	14097	14204.1	10959	11073.7	0.00827675521777619	0.0311958382682936
chr17	62287247	62288146	12	19	293.501	105	228.049	-2.82616475793081	-3.90717900596617
chr17	62288147	88135728	285259	6780580	7028459.0181	5286821	5447685.9715	-0.0043818483873188	-0.00968464309744282
chr17	88135729	88136253	7	0	171.446	73	134.894	-33.2151061284413	-33.1771658619246
chr17	88136254	89385792	14283	343197	351606.4743	266088	274326.316	0.0132397030172537	0.00719039314132216
chr17	89385793	89463173	215	2544	5271.4821	784	4055.0477	1.32385817719897	-1.00899488097659
chr17	89464669	90843705	12728	305231	313906.8549	233614	243802.284	0.0253246867429861	0.00168004638646174
chr18	0	1512997	11209	274503	277186.7369	214244	215529.5729	-0.00123045682901408	0.0280787757437529
chr18	1512998	1518660	59	719	1448.5	1062	1137.34	-0.907441351919131	-0.96838092159147
chr18	1518661	2312859	8961	211650	220574.4449	162192	171243.3852	0.0229352540184117	-0.017470078493303
chr18	2312860	2313358	6	81	148.444	2	115.236	4.97869752175573	-0.831809881481035
chr18	2313359	2727077	3848	92468	94690.7733	73182	73020.9906	-0.0332724540057452	0.00784541601098773
chr18	2727078	2739349	152	2021	3735.81	2	2930.1	9.63455703527938	-0.844236673783367
chr18	2739350	4454893	20514	487271	506701.1588	368304	387199.5371	0.0199442170949938	-0.014295678242907
chr18	4454894	4457523	35	411	857.569	0	674.172	32.1623414080172	-1.01899927403866
chr18	4457524	29846876	281703	6741157	6952853.9831	5266542	5396675.7491	-0.00521924018628499	-0.00249397904222119
chr18	29846877	29850264	45	586	1107.89	0	871.358	32.3046136926361	-0.87672698944802
chr18	29850265	38380544	84128	2053817	2075325.9851	1582582	1607978.2744	0.0121121531139504	0.0270847590470069
chr18	38380545	38536859	666	14519	16483.8221	12972	12949.0447	-0.181489147609538	-0.140993620811018
chr18	38536860	60530586	242748	5880444	5985616.2596	4576209	4650300.7713	0.00177120623726926	0.0165403862326117
chr18	60530587	60535612	67	0	1646.55	624	1264.18	-33.2151061284413	-33.1771658619246
chr18	60535613	61053680	4645	108513	114725.1472	82874	87080.3481	-0.00471132999921465	-0.0381986809382168
chr18	61053681	61054880	16	0	393.222	320	302.903	-33.2151061284413	-33.1771658619246
chr18	61054881	61798643	8730	211585	215221.6922	163072	164413.7118	-0.0085897863568544	0.0175289459862707
chr18	61798644	61799384	9	245	220.811	2	171.06	6.57250314848659	0.192084792586797
chr18	61799385	63311134	17096	407827	421521.2213	314046	324210.9771	0.00248389149599457	-0.00553288626158885
chr18	63311135	63313144	26	360	664.181	559	465.635	-1.14305350444235	-0.84146445897439
chr18	63313145	65124254	21970	513873	540349.1374	399436	418257.1376	-0.00187941349311262	-0.0303649424959178
chr18	65124255	65125674	14	1	347.925	276	268.344	-8.47904230103366	-8.40051739953967
chr18	65125675	67884542	32595	780046	802964.3316	612016	628600.0275	0.000971085868787945	0.000338387228199372
chr18	67884543	67894957	18	0	441.6	87	344.813	-33.2151061284413	-33.1771658619246
chr18	67894958	76937529	97511	2357967	2409719.5225	1808498	1842360.7029	-0.000383344890599309	0.0107933800665226
chr18	76937530	76939329	24	4	597.856	189	449.152	-5.97066187485545	-7.1815391190254
chr18	76939330	76996976	755	19794	18812.8621	14027	14037.7645	0.0786253718999946	0.115458920453564
chr18	76996977	77216268	1605	37791	40056.77	29100	29653.0218	-0.0526686007616615	-0.0418883114912257
chr18	77216269	77217318	14	0	353.376	113	253.054	-33.2151061284413	-33.1771658619246
chr18	77217319	82993863	60923	1459973	1505892.7163	1121109	1150193.0116	-0.00355305697407654	-0.00256221635745615
chr18	82993864	82995132	5	148	125.574	1	90.7057	6.74435550525214	0.279174476673876
chr18	82995133	84894801	22430	542863	554492.9331	427413	436479.9749	0.00387858149162816	0.0115341706701494
chr18	84894802	84896532	23	456	566.815	0	447.542	32.9096116559423	-0.271729026235247
chr18	84896533	86399797	17063	403478	421600.7942	316068	331550.2565	0.009779839892222	-0.0212724861813244
chr18	86399798	86402980	40	1	985.81	373	775.457	-8.88511976306449	-9.9030505763024
chr18	86402981	86565267	1866	43796	46149.4112	34848	36330.3448	-0.0112391111916165	-0.0333980433390167
chr18	86565268	86571753	86	2277	2132.39	893	1684.05	1.01404068278753	0.136778056967062
chr18	86571754	88201446	10558	242448	261581.9169	192103	205532.0516	-0.00792929530153996	-0.0674723712741536
chr19	0	25563482	281116	6776552	6950371.1368	5251223	5342200.1876	-0.00758322306396654	0.0055764675694595
chr19	25563483	25564778	17	3	425.81	199	305.684	-6.52565607647592	-7.10698841300761
chr19	25564779	26354484	8904	223887	223212.0359	158870	163237.7849	0.0476590773266245	0.0464710262535682
chr19	26354485	26360588	5	6	124.144	138	98.875	-4.84772397321206	-4.32879313546779
chr19	26360589	27105279	433	2868	10702.2342	2510	8271.7427	-0.175116310178616	-1.85767998865876
chr19	27105280	27179901	15	60	369.731	178	289.534	-1.91741125164978	-2.58132651731697
chr19	27179902	58784198	349504	8435214	8660862.6222	6457619	6565577.4007	-0.00999166605000729	0.00402903243000185
chr19	58784199	58785252	14	160	351.418	0	256.554	32.0883395848205	-1.09300109721952
chr19	58785253	62275498	38760	917854	955789.5991	707590	732678.7543	-0.00398643796032783	-0.0163132940064298
chr20	747	4008	7	302	171.875	15	136.006	3.99799954770741	0.855303923056791
chr20	4009	452023	2809	59112	69489.2353	47085	53972.7836	-0.0321990852792905	-0.191223383922456
chr20	452024	521973	187	2565	4619.767	24	3623.364	6.39346506287736	-0.806746177470028
chr20	521974	661034	1056	26164	26098.239	20023	20531.918	0.0440157347344046	0.045745743584843
chr20	661035	665471	55	1165	1368.7085	555	1076.2966	0.727205579266818	-0.190370180066008
chr20	665472	784759	911	22130	22504.2967	17470	17534.1139	-0.0147372905552836	0.0179180596376589
chr20	784760	791693	85	3057	2099.12	1578	1654.18	0.614525754247954	0.584446996008112
chr20	791694	814764	194	3960	4802.8786	2824	3764.6289	0.140543476912409	-0.236283825314401
chr20	814765	815332	6	91	146.296	0	114.505	32.5385038956332	-0.642836786491773
chr20	815333	2878790	13884	325703	342761.2703	245978	264784.7201	0.0368183075851083	-0.0315320085628607
chr20	2878791	2883504	12	233	298.022	4	226.672	5.47354831347876	-0.312973792430646
chr20	2883505	3427219	2961	71405	74122.535	48291	54336.2431	0.120448177401342	-0.0117720356800445
chr20	3427220	4034151	5771	128940	144795.9432	93392	105722.8826	0.015770314688392	-0.125206206771194
chr20	4034152	4044844	122	2232	3018.64	1041	2284.43	0.702477301846868	-0.393446598425302
chr20	4044845	4046353	20	285	512.5	4	339.599	5.56527312328699	-0.804474998132283
chr20	4046354	4047928	21	399	538.845	243	380.872	0.219043146166055	-0.391366504524868
chr20	4047929	4065352	209	2488	5148.9	11	3950.35	7.44323015055354	-1.00716267821071
chr20	4065353	4073547	108	1635	2677.392	770	2010.143	0.677004861139815	-0.669422658152124
chr20	4073548	4276617	2224	50324	55176.0376	37915	41720.339	0.00936172234972467	-0.0906801686150299
chr20	4277402	4281483	28	283	703.662	4	518.757	5.7090093384945	-1.27196546460505
chr20	4281484	15655162	117996	2865429	2957805.8675	2108648	2171006.5418	0.000444393405867618	-0.00366112926626166
chr20	15655163	15655687	7	0	170.429	63	132.709	-33.2151061284413	-33.1771658619246
chr20	15655688	16347651	8275	197431	203811.7802	158275	159685.7526	-0.028911881804069	-0.00377381867608321
chr20	16347652	16349133	15	209	369.616	0	293.271	32.4009315018791	-0.780409180222671
chr20	16349134	29821885	156670	3728018	3864040.3627	2913903	2984975.3185	-0.0127603683158632	-0.00958625137078907
chr20	29821886	29822185	4	0	96.5042	47	75.4174	-33.2151061284413	-33.1771658619246
chr20	29822186	56205872	291783	6904386	7217303.5834	5381160	5571898.0354	-0.0095203437494607	-0.0218317306231584
chrX	598	13022945	111225	2641923	2745203.4423	2081622	2137704.6021	-0.0127954352565938	-0.0132095625184149
chrX	13022946	13023772	11	0	271.16	217	214.423	-33.2151061284413	-33.1771658619246
chrX	13023773	14951859	17503	422392	431469.3723	329576	336793.2656	0.00475128023497514	0.0114394439200439
chrX	14951860	14956685	39	386	1049.4294	440	689.6268	-0.790445222819922	-1.40081727313744
chrX	14956686	21254975	57047	1334822	1408044.4006	1048589	1092869.162	-0.0131992622445328	-0.0349303710991362
chrX	21254976	21260496	68	1167	1684.19	1315	1309.58	-0.531034127427639	-0.487135255401
chrX	21260497	22594729	12114	287644	298600.7143	223754	232469.0205	0.00536657892299246	-0.0118181523412849
chrX	22594730	22608838	81	790	1993.542	1181	1573.1402	-0.917596335149191	-1.29329435468047
chrX	22608839	23792750	9842	227460	242806.0501	180037	189477.8262	-0.0162810918802981	-0.0520764208324395
chrX	23792751	23823061	93	1123	2298.48	16	1797.86	5.78291758593401	-0.991207097756073
chrX	23823062	37713617	138800	3300147	3420699.5082	2604434	2677580.1023	-0.0076264094162995	-0.00964600029092219
chrX	37713618	37723505	23	2	572.357	153	446.887	-6.61021822082169	-8.11865635097418
chrX	37723506	63559735	249861	5939527	6182666.3423	4753245	4856207.8257	-0.0227888858150396	-0.0157660180226925
chrX	63559736	63594005	267	7204	6811.13	7543	4638.59	-0.61637325886503	0.123019100025294
chrX	63594006	101349296	353503	8277244	8745452.3037	6578372	6853320.5124	-0.0161351272115876	-0.0372674269361361
chrX	101349297	101380775	387	4279	9567.48	7016	7494.905	-1.06142903657807	-1.11875021383316
chrX	101380776	106138299	47954	1147407	1185677.1507	912075	929971.8115	-0.0151246603873722	-0.00521891868552419
chrX	106138300	106186908	153	3124	3831.214	3235	2853.667	-0.471181057095155	-0.252292071978232
chrX	106186909	112384955	61039	1426316	1506321.0186	1127100	1177764.4786	-0.0111252496049239	-0.0366205287004423
chrX	112384956	112394903	75	2085	1922.626	1951	1254.8599	-0.515543420426676	0.159084321918033
chrX	112394904	149802851	366494	8677732	9051351.1674	6886074	7094660.2556	-0.0135884048300019	-0.0187000526106632
chrX	149802852	150631024	248	739	6158.8264	213	4820.4259	1.44540090671091	-3.01689410558848
chrX	150631025	159969947	80300	1905995	1984786.1105	1496721	1545741.2714	-0.00777084775706707	-0.0163241226949135
