chrom	start	end	binNum	tumor	tumor_expect	normal	normal_expect	log2.copyRatio	log2.TumorExpectRatio
chr1	987	1371494	1865	18782	28692.148	26681	35708.7998	-0.187905809135295	-0.570559409260333
chr1	1371495	31272479	308737	4583509	4741130.6698	5745464	5921091.0157	-0.00240646080838522	-0.00803277743400922
chr1	31272480	31385444	126	826	1931.894	10	2424.836	6.69887364673083	-1.18505637914769
chr1	31385445	31518469	1296	19805	19826.5082	24746	24963.826	0.0140103700593065	0.0391799573359191
chr1	31518470	31522120	47	350	711.902	966	912.399	-1.10374948878358	-0.983577860295704
chr1	31522121	35816514	52513	810869	821512.1001	985493	991437.9551	-0.00720353276265222	0.0219329055242056
chr1	35816515	35819214	36	285	568	0	674.856	32.227284505357	-0.954183138481067
chr1	35819215	36025388	2435	36726	38002.721	46712	46159.958	-0.0635196834308592	-0.00855507360434445
chr1	36025389	36026796	18	134	281.118	1	341.478	7.34963851031526	-1.02819695984378
chr1	36026797	38433761	20466	304566	317069.4124	375480	389429.4463	-0.00248533255841929	-0.0172979393010154
chr1	38433762	38445073	1	160	15.3436	24	19.324	3.07265490326712	3.42310885607913
chr1	38445074	40253630	7877	106961	121283.0414	135681	150690.3519	-0.0269920699258759	-0.140547106860459
chr1	40253631	62959225	229103	3436926	3552106.9648	4236089	4359323.6874	-0.00325224009657594	-0.00681036489913118
chr1	62959226	62995084	36	476	549.93	90	691.374	2.73611559184405	-0.167540545835312
chr1	62995085	63000821	19	291	282.688	1	372.857	8.58721964031746	0.0825543823543506
chr1	63000822	63010649	3	31	45.0875	47	59.2332	-0.203781464338461	-0.499713430619518
chr1	63010650	63097769	173	1240	2594.476	78	3388.561	4.37888429939757	-1.02435719780126
chr1	63097770	63104322	60	887	900.973	901	1172.217	0.360023452850485	0.0181961037806028
chr1	63104323	63122903	123	930	1861.95	0	2393.65	32.2207018052347	-0.960765838602082
chr1	63122904	63708716	1122	15606	17017.0276	20104	21787.565	-0.00592329631852316	-0.0841323834969033
chr1	63708717	63711056	21	171	332.661	1	392.364	7.6589249636921	-0.919310542590628
chr1	63711057	63714502	20	236	317.357	226	372.519	0.296603999836546	-0.386573933288593
chr1	63714503	63720583	76	545	1187.408	71	1437.378	3.21892163593678	-1.08274173121319
chr1	63720584	63748026	177	2222	2762.0837	2322	3353.3316	0.219261526409782	-0.273152349957592
chr1	63748027	63757691	22	197	344.409	45	419.056	2.41615149488499	-0.765181341714216
chr1	63757692	63769750	127	1881	1971.29	2364	2414.44	-0.0342490368739218	-0.0268943087474755
chr1	63769751	63777516	37	257	578.143	10	699.854	4.96225661853571	-1.12891214689443
chr1	63777517	63788959	89	673	1363.9158	97	1711.2066	3.12474178507512	-0.97833030182757
chr1	63788960	63830461	27	224	414.519	47	521.963	2.58820794793597	-0.847193626745459
chr1	63830462	63832965	33	173	499.231	232	634.853	-0.0737051476538508	-1.48818961189345
chr1	63832966	63978783	108	1078	1681.218	546	2053.732	1.273058011036	-0.600403757934149
chr1	63978784	64071494	14	109	215.746	0	268.794	32.2372078391881	-0.944259804651913
chr1	64071495	64162707	515	9326	8219.92	9464	9526.53	0.194567383892754	0.222879948477966
chr1	64162708	65094497	7310	108165	113850.8473	133021	138471.6168	-0.013042444905791	-0.0331654086694217
chr1	65094498	65111385	90	607	1372.91	5	1745.481	7.27294472693569	-1.1367227602792
chr1	65111386	65186757	404	5602	6133.838	7758	7802.388	-0.119684546773186	-0.0901022090220782
chr1	65186758	65197843	30	273	442.76	7	594.358	5.71314205425492	-0.65687806841435
chr1	65197844	65238148	3	63	44.5773	63	59.3368	0.415550455370134	0.539788463670277
chr1	65238149	65239642	15	94	223.474	2	294.67	5.95651459489255	-1.20862845742043
chr1	65239643	65253912	78	1004	1169.5904	1197	1525.668	0.132706361121368	-0.179498233667494
chr1	65253913	65292422	227	1743	3412.51	146	4428.74	3.95652788688339	-0.928514832274033
chr1	65292423	65370926	327	4517	4959.1815	5835	6356.3992	-0.00832746953594326	-0.0939912415803575
chr1	65370927	65420838	19	87	283.983	3	372.449	5.25215186422104	-1.6659713904103
chr1	65420839	65724583	2690	44014	42260.0745	48943	50418.9493	0.104463264761993	0.0994130512976922
chr1	65724584	66071347	2528	36595	38834.2665	47145	48326.5515	-0.0470398268244049	-0.0449377992566659
chr1	66071348	66085182	128	267	1992.182	651	2424.769	-0.999387375777698	-2.85869193409762
chr1	66085183	66700119	3551	47364	54215.8122	62112	68436.8695	-0.0520884420452996	-0.154176882258981
chr1	66700120	66738873	94	638	1435.3403	1613	1811.7412	-0.99920147662019	-1.12901862005379
chr1	66738874	67774281	7724	108363	117155.3784	144230	149718.0008	-0.0557419695245741	-0.0718050756828919
chr1	67774282	67775805	19	0	283.704	378	372.585	-33.2163483819377	-33.1785350771896
chr1	67775806	67791314	178	2621	2694.63	3619	3461.9	-0.101064325219776	0.000776035567732182
chr1	67791315	67796280	61	3	919.916	1320	1189.7	-8.40740331052534	-8.21964990395694
chr1	67796281	68115126	2037	29442	30793.8029	39830	39665.9274	-0.067787000454433	-0.0240184958390101
chr1	68115127	68117132	18	1	270.48	335	352.868	-8.00147799828557	-8.03863220041265
chr1	68117133	68127036	114	1678	1707.02	2203	2242.21	0.00364722994610914	0.0160086260607679
chr1	68127037	68128638	16	1	240.787	301	313.327	-7.85077548532014	-7.87086778698746
chr1	68128639	68577480	216	2625	3250.7503	3598	4213.8755	-0.0775702493881066	-0.267709447856579
chr1	68577481	68581141	48	363	721.995	0	938.195	32.2301942179156	-0.951273425923007
chr1	68581142	70886171	11571	168282	178698.5374	212959	220849.684	-0.0312253236780719	-0.0459010850342085
chr1	70904589	71083403	46	307	703.661	51	882.03	2.91854923936544	-1.15589602709126
chr1	71083404	72126251	8940	129735	138666.5848	159542	169990.1358	-0.00160510220687177	-0.0553065606740479
chr1	72126252	72147148	109	1353	1655.6909	2785	2110.6075	-0.68835797099706	-0.250525650876984
chr1	72147149	72300679	1403	20072	21566.4322	26510	26932.2699	-0.0778714263557781	-0.0628572791424515
chr1	72300680	72385298	1095	19803	17453.1	19631	20094.7	0.218849635536447	0.222981566649328
chr1	72385299	73051257	7356	116786	116906.7031	132502	136381.8613	0.0430798962737867	0.0392555576083591
chr1	73051258	73406293	2740	35550	41833.2842	46637	52746.1892	-0.0542772590345948	-0.194055832194616
chr1	73406294	73424261	123	0	1885.138	1008	2362.042	-33.2163483819377	-33.1785350771896
chr1	73424262	73424973	6	89	90.9136	183	115.306	-0.694134286154596	0.010055080873507
chr1	73424974	73439407	140	4	2121.349	1210	2714.773	-7.88200915121534	-9.01002032609961
chr1	73439408	74040769	4485	63343	69150.7893	79924	85630.8492	-0.0241261105471523	-0.0858146500770394
chr1	74040770	74047511	54	1	830.8176	928	1039.185	-9.53219949328894	-9.6576419767176
chr1	74047512	74969855	7350	105993	110894.9552	141058	143164.4698	-0.040907177122972	-0.0244788751793896
chr1	74969856	74974344	10	12	150.137	103	195.718	-2.71610857430656	-3.60442737639047
chr1	74974345	75014899	182	3279	2732.94	3635	3553.34	0.232955056774324	0.303547986799823
chr1	75014900	75039059	305	7981	4566.9	6212	5987.09	0.755084018809235	0.846100195925711
chr1	75039060	75066865	223	3494	3366.92	4559	4346.8	-0.0123809587881102	0.0941960377878049
chr1	75066866	75188755	517	3865	7863.0582	10561	9979.5116	-1.10339488212268	-0.983876246695667
chr1	75188756	76341727	6562	94535	99987.5068	126666	126611.8229	-0.0785839120421786	-0.040153411109722
chr1	76341728	76555913	581	6708	8812.0977	9135	11256.0441	-0.0894469824572159	-0.352856929556281
chr1	76555914	76714615	137	1795	2079.416	4398	2651.083	-0.939527761381773	-0.17144869121461
chr1	76714616	76749191	203	2912	3065.1908	3899	3957.2894	-0.0496255382059461	-0.0332206532797637
chr1	76754823	76958277	71	819	1070.1724	2170	1388.3937	-1.02725362174168	-0.345161998233023
chr1	76962666	77154749	496	3848	7603.3061	5642	9516.9558	-0.225292002629132	-0.941772202339169
chr1	77154750	77188097	61	781	923.5638	1996	1180.4453	-0.996737040654555	-0.201143206134032
chr1	77190953	77579164	1075	8139	16600.7587	12699	20526.6789	-0.332607825865072	-0.9875798527497
chr1	77579165	82099250	48185	771017	770434.7062	870310	889525.1975	0.0355286426020919	0.0418358474844443
chr1	82099251	82151618	683	12441	11044	10978	12209.9	0.328208367097306	0.212585531851102
chr1	82151619	82560765	5154	87067	82929.3	95197	94494.6	0.0624924441245675	0.110989971491065
chr1	82560766	83976466	9030	128490	140524.0118	161488	171265.7588	-0.0414182414214016	-0.0884147146516032
chr1	83976467	84044047	870	16150	14018.1	15777	15987.3	0.226279319306942	0.244989215649041
chr1	84044048	84279452	2980	50190	47861.4	57021	54571.1	0.00811369915153715	0.109283219966167
chr1	84279453	84300595	273	5259	4357.42	4500	4988.3	0.422870117316935	0.31206019117025
chr1	84300596	89616913	49483	771695	780966.3251	905984	925816.5488	0.0169437625364348	0.0235162886554788
chr1	89616914	89617946	13	1	203.828	148	244.047	-6.94671401307497	-7.63046253786466
chr1	89617947	96094217	63479	967111	1001122.4427	1176828	1190449.447	-0.0303295987013344	-0.00911917315841566
chr1	96094218	96198463	26	170	399.484	29	495.082	2.8638722808384	-1.19185710358352
chr1	96198464	100810927	38370	584401	599965.9597	713666	724286.0874	-0.0136788139732217	0.00282386986949453
chr1	100810928	101678032	11062	190443	178828.4391	202040	201991.4023	0.093368580398891	0.131528945745975
chr1	101678033	101701151	302	5790	4948.54	4697	5395.08	0.429397733866883	0.267306279769345
chr1	101701152	108761454	76037	1152898	1184395.8137	1414007	1440257.4396	-0.00941640208028724	0.00185945497395608
chr1	108761455	108764169	28	26	429.413	321	539.224	-3.29453835870799	-4.00503646540923
chr1	108764170	109071243	2806	39899	42512.0351	51871	54435.6398	-0.0189628379404129	-0.0507728640388508
chr1	109071244	109073156	24	0	360.553	266	471.776	-33.2163483819377	-33.1785350771896
chr1	109073157	113358651	37971	541480	575595.1135	707230	736303.4746	-0.0270926899173768	-0.0474004208560388
chr1	113358652	113361026	26	0	388.106	266	504.936	-33.2163483819377	-33.1785350771896
chr1	113361027	114248061	8406	117728	127846.9261	153592	162694.0423	-0.0329690718192334	-0.0782141150412369
chr1	114248062	114480471	2976	47227	45780.1334	55580	56882.2204	0.081234741403227	0.0856360991190867
chr1	114480472	115468554	10506	151646	160493.5773	193850	202115.6349	-0.0186353606411774	-0.0410622481059186
chr1	115468555	115469231	9	0	132.773	104	178.822	-33.2163483819377	-33.1785350771896
chr1	115469232	131717818	137546	2016758	2124567.8183	2506445	2626021.7592	-0.00496255728068733	-0.0343855460268749
chr1	131717819	131718868	14	2	217.454	299	267.164	-6.92405371718087	-6.72382054938603
chr1	131718869	142593840	124588	1879662	1929401.0582	2313770	2372839.1476	0.00162160889582998	0.00306606947094026
chr1	142593841	142688518	1188	19845	18587.3344	21650	22416.5349	0.147584502025251	0.135201545214093
chr1	142688519	146018266	34335	520181	535569.8513	634592	649292.6419	-0.00608895187747781	-0.00131517311544832
chr1	146018267	146049496	406	7309	6342.8	7248	7553.33	0.267016611656254	0.245300053289716
chr1	146049497	146880828	10446	162101	162729.2193	192411	198039.8939	0.0389520385481429	0.035165541275544
chr1	146880829	151694890	26289	361114	397464.2436	477140	510655.3696	-0.0375008205962959	-0.0976248545702825
chr1	151694891	154123136	27339	408794	417378.4032	512334	527197.2113	0.0142087392549079	0.010763941652717
chr1	154123137	154127374	6	54	94.5745	0	113.559	32.4137216790849	-0.76774596478801
chr1	154127375	168128432	154275	2376307	2386534.0877	2888178	2940182.3436	0.0224828283369156	0.0345501617002091
chr1	168128433	168133767	62	513	950.096	0	1192.87	32.3330990474335	-0.848368596424886
chr1	168133768	179796274	117203	1788707	1815459.9561	2181938	2231974.3206	0.0142248644005137	0.0193278485005009
chr1	179796283	180387453	167	156	2580.889	60	3189.085	1.68671863870757	-4.0075042864375
chr1	180387454	181560331	878	7917	13276.3272	12498	17017.3033	-0.297592578546805	-0.705084462296615
chr1	181569987	181660015	62	303	961.2522	214	1179.7976	0.800192042719006	-1.6248513291076
chr1	181660016	183115484	1141	13104	17295.2362	14727	22126.0001	0.189844206552965	-0.359621582678781
chr1	183115485	213834675	329796	5083603	5160965.2921	6100572	6224523.9812	0.0101620002438682	0.018956312015336
chr1	213834676	213908333	948	16791	15354.5481	16819	17312.8852	0.17370890759014	0.169767972430129
chr1	213908334	221406014	82359	1344824	1318851.2044	1505228	1522478.2539	0.0475077278377138	0.0688814425227882
chr1	221406015	221456198	606	11237	9771.859	10326	11070.727	0.304953000051884	0.24229784306939
chr1	221456199	222852723	17549	291648	281376.4534	323152	322755.339	0.0528871842036822	0.0924724489264126
chr1	222852724	224280532	3901	40519	60017.7363	51087	74690.3812	-0.0158915264739719	-0.526044464488039
chr1	224280533	224294611	17	311	260.131	8	327.18	5.61454955591944	0.298422115619757
chr1	224294612	224919608	4487	66496	69697.061	83120	85468.7127	-0.024696956291852	-0.0270843903252266
chr1	224919609	225470440	5919	99321	93071.0689	108488	110877.3199	0.128127395149053	0.134511882620571
chr1	225470447	238922228	139861	2082162	2145562.5603	2590069	2685340.1015	0.0117732059004928	-0.00252777587976317
chr1	238922229	238924256	27	0	422.376	304	513.842	-33.2163483819377	-33.1785350771896
chr1	238924257	240554568	19521	294588	299242.0118	361253	374722.8968	0.033133060612573	0.0181318001707915
chr1	240554569	240608351	660	11364	10037.078	16887	12769.9531	-0.221095856106773	0.219877276261156
chr1	240608352	258520562	187450	2883514	2897066.0776	3532625	3574907.8351	0.0133334410042399	0.0339813081674577
chr1	258520570	258541418	30	228	473.354	26	564.897	3.39045118537683	-1.01313981705776
chr1	258541419	264121274	48169	758509	756890.5064	901160	906143.3796	0.0139703231315291	0.0438275589585063
chr1	264121275	264121874	8	82	129.088	0	147.557	32.5675544364768	-0.613913207421691
chr1	264121875	269490111	58761	931376	921314.2506	1114425	1105627.4638	0.00716877569566716	0.0564162502662484
chr1	269490112	269492961	38	0	575.965	330	734.113	-33.2163483819377	-33.1785350771896
chr1	269492962	282763000	142659	2163400	2217296.6718	2653364	2709263.1737	-0.00249087409594524	0.0052444935718822
chr2	0	5687042	37337	562954	567489.1878	717378	721940.2368	0.00050261465782401	0.0291700082702361
chr2	5687043	5692478	34	467	512.596	0	658.909	33.0878138450211	-0.0936537989460893
chr2	5692479	6036545	3443	52315	52213.2947	69221	66632.7519	-0.0492382738778417	0.0435533370921304
chr2	6092261	6093389	15	114	228.913	0	287.426	32.2164479441344	-0.965019699701468
chr2	6108381	12249115	62370	940570	946235.5715	1214406	1209425.668	-0.0116602328988278	0.0320817926084488
chr2	12249116	12250241	15	128	226.698	0	291.963	32.3975856628027	-0.783881981067391
chr2	12250242	17848016	58513	845270	883575.8165	1105133	1139049.2162	-0.0173990386946928	-0.0231958135432499
chr2	17848017	17849296	16	0	241.921	194	313.815	-33.2163483819377	-33.1785350771896
chr2	17849297	20611122	30760	460167	469433.4031	582826	593235.863	-0.000289829986665295	0.0119828967562013
chr2	20611123	20614597	30	0	460.75	302	576.612	-33.2163483819377	-33.1785350771896
chr2	20614598	45446189	264871	3995927	4100174.836	4892918	5046168.1541	0.0102705423777374	0.00359067002346234
chr2	45446190	45484218	479	8314	7577.37	8336	8925.31	0.235325120094521	0.174591423934651
chr2	45484219	52231530	71747	1059884	1093020.9591	1351079	1385536.6428	-0.00514929057481263	-0.00366881736369765
chr2	52231531	52404049	2204	35519	34006.855	41065	42018.58	0.0988160512962831	0.103511246699997
chr2	52404050	52409079	60	460	927.265	1137	1146.87	-0.995945658543714	-0.970601967680978
chr2	52409080	92248144	409023	5930150	6228659.3439	7576504	7904409.4956	-0.00679512182140649	-0.0301072018326017
chr2	92248145	92250066	18	12	278.454	227	344.065	-3.93341129334812	-4.49558683116288
chr2	92250067	95906110	39986	598325	616814.2613	739721	764130.8705	0.0058643022202219	-0.00316090538271827
chr2	95906111	95907689	21	277	315.65	0	409.58	33.0337737409831	-0.147693902978054
chr2	95907690	116727364	211597	3097628	3221092.0449	3960802	4089826.029	-0.00720652889125846	-0.0156401169132998
chr2	116727365	116728639	17	0	257.647	367	331.173	-33.2163483819377	-33.1785350771896
chr2	116728640	118616927	22543	332832	346835.7049	424905	431917.7162	-0.032909536474581	-0.0187124047015324
chr2	118616928	118618454	20	92	308.268	9	377.584	3.64918201063389	-1.70373349868471
chr2	118618455	135528374	167435	2479868	2562921.9362	3150458	3220074.8518	-0.0130609914371563	-0.00678033459055156
chr2	135528375	135551053	297	2320	4456.7	5971	5840.7	-0.970749761860888	-0.901105172781971
chr2	135551054	160700849	233177	3462767	3568965.6239	4352499	4485140.6541	0.00266113967887548	-0.00283481780632049
chr2	160700850	160728205	84	1954	1294.5	761	1605.23	1.67377973378493	0.634781373847835
chr2	160728206	186880057	246545	3633427	3764409.3281	4603021	4754025.0921	-0.00159152846113588	-0.0103467170414025
chr2	186880058	186881480	18	0	282.975	156	339.476	-33.2163483819377	-33.1785350771896
chr2	186881481	190118362	40051	651811	634958.5621	733714	745794.4113	0.0642839953320761	0.0785371275782791
chr2	190118363	191381172	7388	101897	111933.819	136139	143429.9887	-0.0573355650778906	-0.0947885403656259
chr2	191381173	191382557	16	21	243.164	196	309.136	-2.8731478387009	-3.49272254978366
chr2	191394290	192494471	5717	82901	86800.0461	107200	110629.6905	-0.0179400191358892	-0.0255604326071936
chr2	192494472	192495703	16	2	241.683	310	311.409	-6.90749717832252	-6.87622629805404
chr2	192495704	192527860	257	3310	3903.597	4516	4987.858	-0.0916654281450881	-0.197227030583832
chr2	192527861	192529921	27	3	406.072	582	529.027	-7.21537445084382	-7.03988334996522
chr2	192529922	195532988	18393	262360	281641.2894	331388	353786.222	-0.00502200291248302	-0.0615652005982361
chr2	195532989	196892546	13440	218440	211138.7766	250362	252549.5035	0.0645286674971778	0.0897913732008746
chr2	196892547	196946661	26	290	400.3288	114	494.14	1.65368607884707	-0.424386636064215
chr2	196951786	198342375	8904	138924	139259.7008	159846	167860.0964	0.0700272655841191	0.0372638984916536
chr2	198342376	198467995	1426	24143	22284.378	25004	26953.35	0.226810517116681	0.156318134676682
chr2	198467996	201472897	33169	511568	518134.8476	612113	626599.2436	0.0182759927192343	0.0223442777546852
chr2	201472898	201579000	905	12260	13843.0132	16840	17404.0522	-0.124735351037781	-0.134453156806033
chr2	201579001	208438417	78799	1222889	1228031.3345	1465717	1492558.4298	0.0230594871360225	0.0346919570903598
chr2	208438418	209570346	8959	123968	136474.5903	160320	172992.3532	-0.0259781809735317	-0.0979187300763959
chr2	209570347	215240914	59402	895539	915615.5861	1097151	1135655.5556	0.0207100426204327	0.00876011218235543
chr2	215240915	215247492	32	498	474.143	308	634.744	1.11700057383014	0.111569377191167
chr2	215247493	216027555	8588	125089	129231.0005	166249	167789.2409	-0.0307601498735886	-0.00625139149080251
chr2	216027556	216029487	23	166	347.507	0	448.707	32.1563547183555	-1.02511292546808
chr2	216029488	223340819	78820	1154824	1199258.937	1476370	1524076.9935	-0.00565616847599459	-0.0137243232106996
chr2	223340820	223341794	13	124	198.546	6	251.535	4.71345223334028	-0.638387303423165
chr2	223341795	246889108	259377	3889473	3981669.7317	4861439	4976243.5625	0.00280738146183491	0.00694700533024813
chr2	246889109	246892433	35	251	526.955	699	686.083	-1.09396917132491	-1.0292465301611
chr2	246892434	248426215	17249	256398	263463.609	320969	332590.9715	0.0150289133770398	0.00152717738991857
chr2	248426216	248432473	39	37	597.577	417	741.603	-3.1799951813766	-3.9727815717788
chr2	248432474	252863915	53290	815514	825208.684	992355	1014531.4278	0.0177685442801736	0.0236965124919624
chr2	252863916	252864517	8	54	121.656	0	154.739	32.0504373533245	-1.13103029047607
chr2	252864518	261990977	106827	1603525	1646360.4118	2025061	2042843.528	-0.0224874449389088	0.00271252146657072
chr2	261990978	261992552	21	0	316.423	233	410.812	-33.2163483819377	-33.1785350771896
chr2	261992553	263477571	17617	261213	268250.7157	340433	340264.6665	-0.0361362988715198	0.00239055014623016
chr2	263477572	263506979	388	3058	5931.64	7755	7469.43	-1.00703869497942	-0.91509676249226
chr2	263506980	266433159	31781	465975	483850.4101	599739	614078.1904	-0.0172883894324158	-0.0135626579290304
chr3	534	15655759	159880	2556870	2556265.9986	2925957	2959210.538	0.0195771859523457	0.0410867154235244
chr3	15655760	15711000	438	2946	6672.579	8089	8451.43	-1.11332037562728	-1.13874117887198
chr3	15711001	16048986	2920	42294	44346.5729	55711	56520.757	-0.0446184633070246	-0.0276237343926268
chr3	16048987	16054134	66	0	1003.12	657	1279.2	-33.2163483819377	-33.1785350771896
chr3	16054135	20901841	30313	389673	458801.6766	506475	588766.0333	-0.0154707396705005	-0.194860819285646
chr3	20901842	20908576	61	133	924.008	709	1194.541	-2.04094769002934	-2.75573322404066
chr3	20908577	24872130	41038	611614	630937.2246	762760	786688.7587	0.00262130640183021	-0.00412916815136118
chr3	24872131	24875500	27	2	413.286	340	516.772	-7.08407093995079	-7.65025078174492
chr3	24875501	28256223	38925	566588	586989.7461	741988	758945.4567	-0.0155023359004284	-0.0102893832238982
chr3	28256224	28257696	19	152	291.4505	3	365.1686	5.9912094020861	-0.898433681042911
chr3	28257697	32337767	45443	663226	690568.2806	849184	879857.5424	-0.00415817018544168	-0.0175376326159036
chr3	32337768	32340992	42	303	632.887	0	814.212	32.1595833755612	-1.02188426826309
chr3	32340993	33558129	14029	205829	213737.3448	257941	270945.7755	0.0195028722049938	-0.0136468668610678
chr3	33558130	33558665	7	86	105.927	3	135.952	5.20426182111658	-0.259915931590276
chr3	33558666	33624542	844	13000	13112.6	16021	16037.3	-0.0080425121345272	0.0283037198819125
chr3	33624543	33626990	16	109	242.065	14	307.613	3.30948394446546	-1.11032048919635
chr3	33626991	33627665	9	146	137.733	151	172.779	0.28140600380929	0.12483997896531
chr3	33627666	33631916	39	266	604.423	0	745.87	32.0380812013731	-1.14338644242463
chr3	33631917	37282906	42806	631878	654859.1976	797949	823349.4828	-0.00339774753867195	-0.0107928352328256
chr3	37282907	37283581	9	0	136.773	179	173.896	-33.2163483819377	-33.1785350771896
chr3	37283582	40587958	39127	581901	597945.6135	736591	753218.8894	-0.00410256609681608	0.00150532800025111
chr3	40587959	40596794	108	769	1638.75	2174	2095.57	-1.14161693662744	-1.05079440515587
chr3	40596795	40975289	3978	55996	60016.7934	73925	77574.8999	-0.0275823075564078	-0.0592965944549163
chr3	40975290	40980813	68	486	1026.4892	1258	1325.4703	-1.00038524080452	-1.03794435756779
chr3	40980814	44133207	29692	433071	450782.0869	559849	574837.0878	-0.0167786691349378	-0.0170807476872376
chr3	44133208	44136057	38	0	581.025	350	729.609	-33.2163483819377	-33.1785350771896
chr3	44136058	45260856	11765	179329	181419.2132	217772	224846.1473	0.0323338175379765	0.0240274302469103
chr3	45260857	45261688	11	0	177.164	201	202.075	-33.2163483819377	-33.1785350771896
chr3	45261689	62453519	200292	3025692	3082373.6527	3765096	3833854.2673	0.00226479153713738	0.0139692484753105
chr3	62453520	62562680	1376	23208	21353	25095	26079.4	0.178626723596151	0.160929296246192
chr3	62562681	66812094	50730	773675	780515.8233	955245	970818.5829	0.0135632661080198	0.0280456481027159
chr3	66812095	66815544	46	331	692.029	1	899.698	8.75222816345232	-1.02325540734035
chr3	66815545	84223366	174640	2606546	2680704.7957	3282089	3352328.1105	-0.00699146859888066	0.000272836742407891
chr3	84223367	84225401	19	0	292.754	203	365.254	-33.2163483819377	-33.1785350771896
chr3	84225402	87319594	32955	475564	497150.2109	629936	641984.9819	-0.0337754576396319	-0.0232964395208616
chr3	87319595	87329137	57	435	871.446	1213	1102.39	-1.13740814525261	-0.961649996183196
chr3	87329138	87808708	5318	76940	79959.7409	103955	103906.8293	-0.0532760720427803	-0.0147940957405262
chr3	87808709	87812952	56	432	839.609	1105	1100.1	-0.962165449628875	-0.917940447005122
chr3	87812953	89246768	14923	209837	224576.6725	280150	291566.5376	-0.0373807623877325	-0.0571931193926835
chr3	89246769	89252377	72	381	1120.159	1002	1366.972	-1.10480687537489	-1.51509475397792
chr3	89252378	92173484	30843	450144	471682.9482	570602	594595.3664	-0.00507487314792635	-0.026684985132849
chr3	92173485	92183137	121	829	1846.46	0	2332.66	32.0668955129709	-1.11457213083333
chr3	92183138	94830606	29916	458774	464875.9226	547054	567930.0396	0.0379004661964319	0.021683797920449
chr3	94830607	94835951	47	373	725.816	947	900.162	-1.03067542509826	-0.919682357714851
chr3	94835952	111228954	175471	2646704	2688761.525	3316186	3371264.7082	0.00395260315960464	0.0180009251203693
chr3	111228955	111230553	21	159	318.875	0	408.039	32.2182492874915	-0.9632183563448
chr3	111230554	111435125	2523	39790	38860.6199	47397	48228.4368	0.0621178543615798	0.0748428560495218
chr3	111435126	111437156	25	191	384.613	1	477.945	7.8937984073024	-0.96908901666113
chr3	111437157	114898439	37207	587839	580184.0869	695276	703773.2308	0.039367767264807	0.0596562228460951
chr3	114898440	115420056	5366	75867	81866.0575	96898	103382.4289	-0.0134081528644554	-0.0690470574301061
chr3	115420057	115424943	56	4	852.34	547	1079.78	-6.75122798453211	-7.69453932632948
chr3	115424944	115739869	3196	45990	48501.642	59679	61837.798	-0.0225152399420516	-0.0359675203263554
chr3	115739870	115741565	14	0	212.509	152	272.261	-33.2163483819377	-33.1785350771896
chr3	115741566	117145812	15394	227223	235513.1999	290084	296194.7696	-0.0186910385433541	-0.0109531746371438
chr3	117145813	117146262	6	3	93.3859	70	113.924	-4.25459288398165	-4.91942445705171
chr3	117146263	119732043	30883	475431	478496.2401	580950	587955.1622	0.0109530907415655	0.0314742592246592
chr3	119732044	119734297	17	1	266.385	146	320.648	-6.91941441347338	-8.01662312695276
chr3	119734298	124876698	61416	962270	964366.6129	1140275	1155411.5733	0.0188176637167545	0.0376059188065467
chr3	124876699	124900652	307	5744	4744.53	5609	5806.77	0.328715445726584	0.316536442095652
chr3	124900653	140719287	173163	2613147	2655960.1634	3253043	3322791.2509	0.0100931115418304	0.0173006482102342
chr3	140719288	140719887	8	84	124.856	0	153.275	32.6504095966524	-0.531058047258775
chr3	140719888	143318450	30197	457090	466392.5562	560958	575773.7645	0.0114753563864173	0.0116793657463559
chr3	143318451	143323995	60	4	902.992	1289	1171.52	-7.95350747326531	-7.77782349182029
chr3	143323996	143325801	2	13	30.236	19	38.8927	-0.181323130067946	-1.17700979898604
chr3	143325802	143339450	59	5	884.418	3706	1153.84	-9.14714353203673	-7.42591058539681
chr3	143339451	143370162	185	2578	2801.7	3766	3592.51	-0.18515848012233	-0.0793043478217063
chr3	143370163	143375339	14	13	221.069	327	262.98	-4.39931818630309	-4.04716733100928
chr3	143375613	143380452	44	960	663.474	921	853.551	0.426203242991701	0.573740346771104
chr3	143380453	143406556	82	1	1257.7275	1543	1575.2516	-10.2638267079255	-10.2558576124209
chr3	143406557	143639744	1538	20734	23221.2133	27967	29950.3979	-0.0616626552142197	-0.122699014824606
chr3	143639745	143647848	17	0	256.6781	222	329.53	-33.2163483819377	-33.1785350771896
chr3	143647849	143673542	129	2551	1985.263	1457	2481.632	1.13295364036414	0.40247862802231
chr3	143673543	143692790	121	158	1840.731	203	2340.2192	-0.0122577454530999	-3.50153647322928
chr3	143692791	143707643	159	10	2395.3079	2715	3103.517	-7.70818285846581	-7.86332139972573
chr3	143707644	143708332	8	23	126.779	146	149.166	-2.42872709495959	-2.42186415478424
chr3	143708333	143719751	128	4	1917.4	2541	2517.29	-8.91552793164948	-8.86418968125548
chr3	143719752	143727284	28	290	424.8796	188	540.3224	0.97501922122785	-0.51025530419305
chr3	143727285	143736237	17	12	256.0275	277	330.8632	-4.15591103694698	-4.37444659319976
chr3	143736238	143737372	13	143	197.426	328	251.671	-0.8445211140503	-0.424550979017979
chr3	143737373	143741669	16	0	239.822	162	313.541	-33.2163483819377	-33.1785350771896
chr3	143741670	143743988	18	116	273.405	358	347.126	-1.27848241385683	-1.19616894965359
chr3	143743989	143762164	115	12	1735.97	2316	2228.15	-7.22942010619113	-7.13581790758737
chr3	143795111	143846205	116	1006	1769.7548	971	2243.0389	0.395924823370679	-0.774173311289823
chr3	143846206	143846870	7	0	103.915	134	138.937	-33.2163483819377	-33.1785350771896
chr3	143846871	143868441	98	2270	1492.89	2071	1886.64	0.473008603725908	0.645330301411975
chr3	143868442	143931018	492	20541	7464.788	9497	9535.022	1.46903020525873	1.50107909648918
chr3	143931019	143950165	113	1756	1697.2631	2187	2199.6636	0.0603448765776866	0.0898284961625478
chr3	143950166	144071376	758	27361	11437.8504	11904	14773.285	1.57278181401911	1.29905088986686
chr3	144071377	144228565	875	10504	13275.7782	14635	16905.029	-0.126895297801722	-0.297111738243381
chr3	144228566	144308020	149	1388	2258.9144	3267	2881.245	-0.880963579672637	-0.661876162000366
chr3	144308021	144379820	660	9317	9968.6855	12277	12860.9482	-0.0275662744002526	-0.0567919140354241
chr3	144379821	144384523	61	0	924.877	1224	1182	-33.2163483819377	-33.1785350771896
chr3	144384524	144462120	925	12869	14012	18680	17987.3	-0.174346183861555	-0.0820170697249245
chr3	144462121	144463327	15	59	225.628	304	297.012	-1.96577679068587	-1.89441338269821
chr3	144463328	144539502	944	14039	14285.6	18661	18337.5	-0.0474182214200265	0.0156244165333759
chr3	144539503	144545305	71	4	1080.73	1453	1373.96	-8.1555525138751	-8.03704451195126
chr3	144545306	147865723	34108	520242	531951.6145	628789	645412.3488	0.00846561776872809	0.00863372060490214
chr3	147865724	147890331	318	5901	5018.47	5691	5868.49	0.280951590903337	0.274457738847892
chr3	147890332	149739201	23150	363642	368088.1137	423387	430502.026	0.00944329655734039	0.0232135467086549
chr3	149739202	149754312	88	446	1347.054	0	1687.028	31.6275214451	-1.55394619858981
chr3	149754313	149771990	26	267	400.6092	671	499.781	-1.00743995441837	-0.544609939244408
chr3	149771991	149790058	226	3601	3562.18	4269	4263.76	0.0167978184466786	0.0563830524599433
chr3	149790059	149797880	53	940	823.007	1898	1007.87	-0.718481804884144	0.232501927209639
chr3	149797881	152955400	34019	535899	535314.6864	627944	637821.9495	0.0270242980292069	0.042319762130942
chr3	152955401	152974788	111	1312	1779.8253	3930	2049.4168	-1.37635124249654	-0.399222047562293
chr3	152974789	153027469	554	7155	8753.8655	9068	10390.8973	-0.0915719372430993	-0.250222578843564
chr3	153027470	153048184	195	2813	3044.126	8645	3691.985	-1.33845522738331	-0.0731726504502704
chr3	153048185	153058859	60	597	920.0043	621	1154.3597	0.27345056024271	-0.583163800788672
chr3	153058860	153070173	109	1469	1708.6814	4723	2059.2019	-1.41273470030014	-0.177303150046447
chr3	153070174	161212443	91705	1416040	1444061.3324	1695887	1721777.0628	-0.0034791223475861	0.0124758728766069
chr3	161212444	161391562	2282	38934	36676.7	41587	41996.7	0.103242654161372	0.126912605936151
chr3	161391563	171475985	108876	1663754	1741235.8863	1970728	2016816.0179	-0.0293861451852236	-0.0249236525100261
chr3	171475986	171476963	13	0	202.454	133	245.623	-33.2163483819377	-33.1785350771896
chr3	171476964	175315270	40422	608512	643613.4717	732584	752284.6477	-0.0396917869352319	-0.0401629385926454
chr3	175315271	177421534	24643	399639	394116.9153	450372	455274.0934	0.0386245071270012	0.0608195811051396
chr3	177421535	177699918	1475	17131	22560.3374	22665	28372.7866	-0.0702050188544924	-0.356433402838014
chr4	784	33469587	346399	5175605	5318793.2496	6501465	6644062.0444	-0.00513817254414774	0.0013744294087971
chr4	33469588	33481328	153	1212	2331.64	2988	2938.33	-0.965206506898739	-0.903209486073282
chr4	33481329	42713107	99018	1460509	1500253.2715	1865123	1921299.7667	0.00700959389037548	0.00201104440330233
chr4	42713108	42718689	73	549	1099.03	1	1424.53	9.47784993717503	-0.960606841463966
chr4	42718690	43045805	3710	56261	56305.5842	71731	71858.501	0.00435184854571898	0.0396030565237637
chr4	43045806	43046480	9	67	136.84	0	174.414	32.1919565072742	-0.989511136556764
chr4	43046481	43326285	3108	47656	47344.78	61118	60009.347	-0.0140250418811325	0.0501983659403603
chr4	43326286	43328422	26	205	391.332	0	508.196	32.2894443384202	-0.892023305430032
chr4	43328423	45426836	24495	370378	373696.1565	464132	472403.5673	0.0155499384820497	0.0278785531113083
chr4	45426837	45474172	27	340	419.1919	872	511.0461	-1.0700182231813	-0.261330221878744
chr4	45474173	47285511	17353	245084	261927.7129	325363	337938.611	-0.0382488444463601	-0.0551465355309114
chr4	47285512	47290610	25	176	374.943	1	495.497	7.86456914739618	-1.0503499884407
chr4	47290611	47383093	1007	14280	15114.158	18951	19715.807	-0.0218932778405881	-0.0411587583897632
chr4	47383094	47385344	30	229	445.628	0	592.765	32.261721230215	-0.919746413629868
chr4	47385345	60157517	148508	2239794	2282347.761	2779661	2847077.5273	0.0103528175236362	0.0135932899824706
chr4	60157518	60158561	9	68	141.415	1	167.945	6.33844907269796	-1.01558263259903
chr4	60158562	71856741	126662	1904517	1952737.5794	2341568	2420994.6623	0.0149846118770705	0.00467295327026165
chr4	71856742	71860217	39	0	597.463	444	753.577	-33.2163483819377	-33.1785350771896
chr4	71860218	100198477	301102	4521396	4624181.9402	5627282	5774931.0053	0.00786813152853402	0.00831598906196399
chr4	100198478	100346028	1830	30807	28857.966	32831	34234.849	0.157628103559735	0.135034452982982
chr4	100346029	105073288	27888	400391	430021.5244	499178	533012.9892	-0.00545042357936986	-0.0622534571857635
chr4	105073289	105075594	19	0	289.051	228	369.875	-33.2163483819377	-33.1785350771896
chr4	105075595	108538820	36570	521667	552503.0933	688455	711696.5332	-0.0320209507611449	-0.0421074967353849
chr4	108538821	108539720	10	2	156.606	202	190.807	-6.37030429179896	-6.25024979403613
chr4	108539721	108722753	2259	33655	34376.4759	43192	43651.2491	-0.0124094151818476	0.010145073804643
chr4	108722754	108725783	40	0	605.982	801	775.228	-33.2163483819377	-33.1785350771896
chr4	108725784	121700778	141196	2175874	2199791.3578	2656705	2676207.2039	-0.00228733312929012	0.0249741917242534
chr4	121700779	122210312	4383	61859	67137.5236	81845	84226.7687	-0.0738187096590607	-0.0773899403712
chr4	122210313	126484449	51979	816517	817682.2752	974832	977555.925	0.00490075251616186	0.0386884274729917
chr4	126484450	126485349	12	50	186.245	224	227.331	-1.87297342921861	-1.85645582276534
chr4	126485350	132936092	73047	1126235	1133370.8026	1372057	1389257.4357	0.0117940610136268	0.0316338211918309
chr4	132936093	132937318	15	329	253.477	587	261.276	-0.788620588866746	0.416978609873501
chr4	132937321	162931001	325452	4930868	5053120.6995	6032537	6186131.1352	0.00387211564763188	0.00541286327806244
chr4	162931002	163000191	887	14790	13541.9924	15468	17100.1872	0.274840053840021	0.167927909554662
chr4	163000192	173210044	96348	1454220	1487694.0559	1798576	1840467.7345	0.00331757734338065	0.00791354716908967
chr4	173210045	173214594	24	183	364.639	0	468.919	32.2275882910999	-0.953879352738209
chr4	173214595	184224823	128708	1940539	2002356.952	2397075	2441781.0945	-0.0156503658405627	-0.00449588063172065
chr5	34651	1178749	8182	118928	124053.6297	154572	158840.5785	-0.0186424477782664	-0.0201296577587341
chr5	1178750	1179614	9	1	136.725	92	173.538	-6.17665483351122	-7.0543873604637
chr5	1179615	1944544	7065	103082	107965.482	134469	136173.6542	-0.0456711448341134	-0.0260318316929873
chr5	1944545	1946907	28	0	435.96	274	528.242	-33.2163483819377	-33.1785350771896
chr5	1946908	15302345	139931	2049079	2143738.2723	2589805	2689013.7	-0.00798697335229583	-0.024407300002323
chr5	15302346	15307332	66	465	983.914	2	1290.45	8.25528949748139	-1.04055563264355
chr5	15307333	17725893	26305	392256	401571.6849	496044	506684.208	-0.000310696845270505	0.00688383940942456
chr5	17725894	17740590	117	686	1798.982	7	2240.02	6.93397322676944	-1.3501543979743
chr5	17740591	18024674	2643	37479	40223.0818	48059	51081.8664	-0.0110039860011615	-0.0611952899279383
chr5	18024675	18028220	44	308	677.34	0	839.325	32.085263670769	-1.09620397303931
chr5	18028221	18074854	91	1337	1381.48	1684	1768.72	0.0265308958735673	-0.00646933881320928
chr5	18074855	18077037	29	232	433.222	0	569.467	32.3212318130154	-0.860235830840815
chr5	18077038	19587963	13793	205201	211342.0789	255336	265027.3735	0.0141347056268628	-0.00179640774149296
chr5	19587964	19588939	10	67	157.097	0	186.584	31.992790885997	-1.18867675779028
chr5	19588940	24918925	55724	830642	858857.2409	1028799	1065272.5661	0.00500250874740305	-0.00744565391370512
chr5	24918926	24927566	12	77	182.807	7	230.759	3.7984297826252	-1.20664509182531
chr5	24927567	26010259	11442	169514	176800.0476	208035	218063.972	0.0101434948406048	-0.0199683622195872
chr5	26010260	26022019	140	2	2142.14	2655	2688.83	-10.0436376527382	-10.0240910292557
chr5	26022020	33245596	78734	1143035	1194951.6173	1481302	1525483.8353	-0.0187489659859146	-0.023336754017721
chr5	33245597	33253622	37	0	580.332	186	695.402	-33.2163483819377	-33.1785350771896
chr5	33253623	33374774	1208	16964	18343.7796	21576	23400.1536	0.00720860186514997	-0.0720686663078464
chr5	33374775	33384309	70	10	1083.867	515	1339.22	-5.37836271234487	-6.71929803865436
chr5	33384310	48136109	160321	2323226	2435219.288	3005006	3104076.3684	-0.0181934391091908	-0.0271763147188823
chr5	48136110	48137534	19	157	308.222	0	348.233	32.2490082339753	-0.932459409867034
chr5	48137535	52172832	41255	608175	633637.1005	760120	790630.7093	0.00053906836308216	-0.018424424921645
chr5	52172833	52185711	163	1110	2456.38	3163	3190.08	-1.130742469926	-1.10522821315082
chr5	52185712	68765419	177153	2661473	2742290.1692	3284429	3375808.1929	-0.000633380997109835	-0.0024104323121732
chr5	68765420	68769360	51	411	771.151	963	994.305	-0.858789758815265	-0.867129117782369
chr5	68769361	68987107	2408	35808	36740.524	46154	46437.9196	-0.0253100391543343	0.00365561068529181
chr5	68987108	68989963	38	277	591.812	0	719.354	32.1269605421474	-1.05450710166997
chr5	68989964	68990263	4	59	59.532	63	78.3753	0.305029389852797	0.0277954632396484
chr5	68990264	68992157	25	201	373.906	0	489.017	32.3267333951731	-0.854734248684112
chr5	68992158	77149931	89953	1371187	1395020.7262	1675347	1710894.1368	0.00836190199266901	0.0158846517787204
chr5	77149932	78035785	2123	28338	33133.0943	36544	40183.828	-0.0856219856487208	-0.184789129839701
chr5	78035786	86864888	100708	1498279	1542474.0761	1884383	1936105.3873	5.78851734143932e-05	-0.00119407248129644
chr5	86864889	86865488	8	1	119.536	155	157.438	-6.87585319493184	-6.86055547302537
chr5	86865489	106249094	208285	3025906	3170572.7899	3875550	4025968.2272	-0.009509039684523	-0.0266304559115828
chr5	106249095	106250938	24	174	370.703	0	459.64	32.1310370313351	-1.05043061248317
chr5	106250939	107383591	11828	182399	181566.562	225656	226644.224	0.015836107808126	0.0473451570012322
chr5	107383592	107438371	50	475	764.5679	369	967.1186	0.706287454782932	-0.645971245256194
chr5	107438372	107454687	14	123	213.191	2	272.831	6.30130809521161	-0.752742347552409
chr5	107454688	108074525	6071	88965	93415.4647	108730	116100.3052	0.027130746492269	-0.0296776599705915
chr5	108074526	108086379	57	128	880.629	344	1087.4869	-1.11894042529347	-2.74164467155615
chr5	108086380	126891601	211827	3196299	3259310.9649	3956292	4055701.7393	0.0105705844877355	0.0125812407756631
chr5	126891602	126892595	13	103	203.689	0	247.301	32.2384897819666	-0.942977861873721
chr5	126892596	133335399	70601	1061487	1089019.343	1298746	1348446.6675	0.0201688472088073	0.00380299532217
chr5	133335400	133338786	42	744	641.96	402	809.28	1.2251952217445	0.253565086136035
chr5	133338787	134390803	9159	138537	144382.753	162025	171748.0393	0.027382682115689	-0.0188812080444185
chr5	134427919	134435447	47	964	730.94	1777	892.367	-0.591521885301405	0.440026032392529
chr5	134435448	142096550	85813	1335719	1353730.1401	1569368	1607841.417	0.0185503593630071	0.0214222336995889
chr5	142096551	142104875	102	1818	1589.66	1675	1917.05	0.391293404642431	0.234379839647944
chr5	142104876	153250049	130442	2026431	2081023.7521	2349471	2419303.9146	0.00683624043196827	0.00239349267006582
chr5	153250050	153277081	344	6406	5424.9	5912	6387.64	0.354396558083602	0.280573126063717
chr5	153277082	163351113	119049	1869240	1909798.3876	2158635	2198282.2096	-0.00177867642449595	0.00977734203803958
chr5	163351114	164522778	3059	42416	46619.7253	58182	59148.8832	-0.109621322079403	-0.0955860564592425
chr5	164522779	168463559	45770	735253	734068.1376	842603	844997.2258	0.00935290203787114	0.043072654497109
chr5	168463560	168883969	4929	74082	79633.5647	91348	90780.5657	-0.110310688825357	-0.0635077199985943
chr5	168883970	169518916	7905	131810	127795.711	145250	144176.4985	0.0368508293001103	0.0853662806806107
chr5	169518917	172216170	31485	464768	511130.4017	554303	575728.4643	-0.0795343713692394	-0.0964347922359864
chr5	172216171	173707145	18643	308816	299269.8114	343915	343392.8723	0.046041366234288	0.0860466180505724
chr6	0	123769	1366	18962	20612.309	24900	26652.698	-0.0193265798548133	-0.0796491141961399
chr6	123770	126156	29	250	443.103	1	564.06	8.31692330834886	-0.784968127702677
chr6	126157	608573	5298	76272	80585.675	98741	102537.934	-0.0220007353729581	-0.0386240040986948
chr6	608574	609403	11	64	166.894	0	211.685	31.8394252366779	-1.34204240707147
chr6	609404	736339	1351	20664	20707.8708	25779	26000.0744	0.0121923441422148	0.0376861982823083
chr6	736340	739971	48	357	745.864	944	913.423	-1.10755969605113	-1.02224264883523
chr6	739972	784057	564	8801	8687.85	10813	10804.1	0.0204128822809617	0.0594141343620079
chr6	784058	785032	13	114	206.436	0	242.721	32.3655527585246	-0.815914885339711
chr6	785033	8131838	85234	1297268	1322571.9404	1582486	1620773.9941	0.00955311636497921	0.012876226804465
chr6	8131839	8136772	18	3	285.638	310	338.409	-6.44364930951543	-6.53233572545384
chr6	8136773	21670456	132547	1967455	2040880.6499	2470632	2537535.3164	-0.011380847329067	-0.0121153061038641
chr6	21670457	21678402	84	680	1290.87	1	1611.02	9.73195395706469	-0.88399119464088
chr6	21678403	21696008	231	3630	3565.92	4522	4413.5	-0.00641001623961593	0.0664410830114506
chr6	21696009	21699721	49	385	787.493	0	901.796	32.1898048621301	-0.991662781700385
chr6	21699722	31046535	101967	1571394	1596772.3177	1880657	1923411.2431	0.0122494165114733	0.017632213918746
chr6	31046536	31062461	30	805	486.1754	94	546.6942	3.27044586092869	0.768257758743776
chr6	31062462	51047447	234144	3551608	3619238.638	4378249	4465561.5191	0.0042062787661124	0.0135319920486525
chr6	51047448	51060142	167	1329	2535.79	2	3222.18	9.72465953860401	-0.891348297885358
chr6	51060143	52198865	13525	205281	208372.1408	250974	258474.9095	0.0238565962401632	0.0191835720337228
chr6	52198866	52204143	70	0	1084.38	696	1331.39	-33.2163483819377	-33.1785350771896
chr6	52204144	59917570	87115	1300203	1328286.4494	1638910	1681458.056	0.00907931233895679	0.00991645764604907
chr6	59917571	59969398	597	10067	9140.9295	10620	11430.7789	0.248293554124522	0.179966912188388
chr6	59969399	72325895	133648	1969065	2025563.8509	2531999	2592631.1525	-0.00374012296723705	-6.6955066482223e-05
chr6	72325896	72340521	107	783	1667.18	5	2022.62	7.57268833398982	-1.04957979120282
chr6	72340522	84189929	130033	1929575	1989176.0078	2427515	2501821.4821	0.00254339116831261	-0.00314194304198671
chr6	84189930	84194674	63	416	951.346	1170	1227.17	-1.12162745261538	-1.15264073744564
chr6	84194675	110888353	296138	4474832	4582646.611	5490639	5642949.7207	0.00806048500878778	0.00639835454165287
chr6	110888354	110928823	519	9272	8307.8958	8793	9497.9342	0.272588304388488	0.199143316554517
chr6	110928824	121155782	113394	1659771	1726547.9976	2130595	2191005.3881	-0.0136370172591134	-0.0161603640189204
chr6	121155783	121238684	975	7072	14723.6	18804	18969.8	-1.0423428316077	-1.01719440945659
chr6	121238685	132844149	134576	2068408	2121502.5258	2488202	2526247.8771	-0.011740447908033	0.00418026544014737
chr6	132844150	133641676	4948	71275	78759.1767	88389	91852.2694	-0.0856708002019586	-0.103306024264892
chr6	133641677	133940076	3495	55211	55093.6989	64802	65511.7979	0.0217173748675455	0.0438142774487641
chr6	133940077	134803726	8849	126513	141139.3316	156419	164545.6157	-0.0818300564354488	-0.11708857258554
chr6	134803727	137420406	28954	472284	466039.8997	533976	531513.536	0.0154652851472085	0.0599470570783906
chr6	137420407	137647294	2754	38495	44091.3912	47965	51004.849	-0.104241008169421	-0.155080056018873
chr6	137647295	146195783	66436	973666	1026155.2612	1201650	1267646.7247	0.00431839757159217	-0.0350042912431085
chr6	146195784	146205270	123	2242	1885.0074	2075	2330.0538	0.42040058796174	0.290961962835399
chr6	146205271	147989969	19680	293801	299973.0247	370825	379664.8147	0.00692689630843133	0.0107524070667743
chr7	794	2428719	4761	55098	72559.8211	71404	91868.0589	-0.030679929763797	-0.356425075537586
chr7	2428720	3448786	12167	198163	192635.7213	220866	226623.0392	0.0808681178824187	0.0815582333646539
chr7	3448787	10904028	31459	357383	477688.7844	470654	609760.6982	-0.0420911185423306	-0.377854122587325
chr7	10904029	11387504	5637	99701	92632.7019	98303	100080.3259	0.13486998950158	0.146832252162229
chr7	11387505	11454658	869	16800	14294.9317	14694	15280.2699	0.292332919619141	0.273703377902745
chr7	11454659	12401581	12063	212260	198384.3098	217004	214819.6921	0.0858717755382316	0.138280467898292
chr7	12401582	12434557	439	8964	7221.93	6160	7595.27	0.616861679233242	0.352504083904241
chr7	12434558	13225978	8541	146506	139311.5393	152611	153505.2264	0.0840063766966882	0.113390859129713
chr7	13225979	14167815	8407	122183	129810.7301	157459	160508.8778	-0.0567566304598918	-0.0466202000513378
chr7	14167816	14416652	3171	51397	50203.9425	57986	58932.0168	0.0601630750525091	0.0746293617780288
chr7	14416653	18373222	25575	360692	392290.3986	462768	491174.1914	-0.032276383595382	-0.0804087286064022
chr7	18373223	18764244	4559	72761	71482.4891	83329	85848.497	0.0714822757868778	0.0663213713084843
chr7	18764245	24516131	18915	269151	296133.377	329504	357342.5648	-0.0178869607727813	-0.0970854475181673
chr7	24516132	63560877	442489	6629506	6803762.7986	8301385	8479425.9804	-0.00388435769423162	0.00331439842495509
chr7	63560878	63598545	438	7528	6865.5521	7667	8224.2963	0.23705351639204	0.173636759130159
chr7	63598546	70672424	78658	1184721	1216144.2774	1463922	1499602.5227	-9.30086139064139e-05	0.00297882525166143
chr7	70672425	70674392	22	392	332.088	0	426.005	33.4615015781534	0.280033934150021
chr7	70674393	97969104	301570	4483066	4612350.3157	5632074	5805340.5475	0.00563062357893819	-0.000270481414858553
chr7	97969105	97991271	274	4837	4266.5242	4565	5164.0361	0.361868099426521	0.221797178496905
chr7	97991272	113595771	163583	2433710	2510882.222	3007464	3137553.3801	0.0189880126595523	-0.00429121856407543
chr7	113595772	113599105	34	305	527.486	773	649.557	-1.03840327736998	-0.749577689166059
chr7	113599106	116882512	36266	564647	579263.1898	654353	673039.9046	0.00668571485547344	0.00387610287199881
chr7	116882513	117081234	2070	36218	33318	37942	37853.5	0.119968618664434	0.161150951246161
chr7	117081235	117092214	139	3288	2179.87	2626	2616.96	0.590925722602665	0.633714070635391
chr7	117092215	119135352	18298	303424	292987.9972	336714	337857.9371	0.058319247730888	0.0912395119490751
chr7	119135353	119135993	6	1	92.5452	51	115.29	-5.35245545675925	-6.49134037427755
chr7	119135994	119779235	7783	122467	125933.6503	139604	142788.9173	-0.00479448413371729	0.000475092146727245
chr7	119779236	119780365	15	1	248.528	125	264.448	-6.87327603647287	-7.91651868205353
chr7	119780366	122436742	33649	547814	539905.1951	614626	620108.662	0.0367248489319343	0.0617259092084034
chr7	122436743	122552200	1434	21090	22680.2512	26484	26865.4586	-0.0813135272098426	-0.0641316522771004
chr7	122552201	126484651	48317	774898	774193.0444	886251	893128.2253	0.0153976074099225	0.0420589463850391
chr7	126484652	126553971	912	15976	14668.7	15919	16683.4	0.19376140750188	0.163911090550935
chr7	126553972	142852740	189941	2914407	2984117.6508	3503638	3570846.6311	-0.00375703423741179	0.00664382126712234
chr7	142852741	142900318	610	10684	9880.8	10061	11040.2	0.24967728897233	0.153497993297455
chr7	142900319	145280771	28348	453223	450281.7363	517939	526967.5667	0.0372576567610095	0.0501389859379449
chr7	145280772	145442654	101	1901	1573.9163	968	1912.1304	1.25743423789857	0.313145582630436
chr7	145442655	145481469	51	199	774.624	253	987.363	0.00664799479609039	-1.91998189773802
chr7	145481470	145683106	136	688	2091.6337	244	2614.6072	1.82042398516409	-1.56340387774715
chr7	145683107	145729228	508	7537	7830.3773	9396	9704.1361	-0.00560579363226131	-0.0143455597029725
chr8	510	4283987	38851	550568	586809.669	735682	756099.8952	-0.0495447542453701	-0.0512260106467086
chr8	4283988	4290397	22	437	334.9615	142	426.7484	1.97406537695167	0.424383867744097
chr8	4290398	4300100	37	610	562.732	58	715.57	3.74426190149717	0.157107109283281
chr8	4300101	4322945	159	2394	2389.88	51	3103.19	5.93252850523412	0.043230844293039
chr8	4322946	4324198	4	96	59.7434	62	78.3266	1.02442174856832	0.72500093377272
chr8	4324199	4339180	94	1443	1406.4887	185	1847.3707	3.35978211938121	0.0777192098432276
chr8	4339181	4377022	8	108	120.583	68	154.791	1.030652291086	-0.118249343696896
chr8	4377023	4411374	9	106	134.427	1	175.792	7.11789947733757	-0.302012799481803
chr8	4411375	43127050	378339	5711121	5833553.1278	7092865	7232168.5711	0.000391459754718738	0.0101449481647391
chr8	43127051	43130376	21	36	326.3899	206	401.252	-2.21573078959494	-3.13978172974125
chr8	43130377	43135362	46	460	681.925	783	912.884	-0.343627406908361	-0.527233343310925
chr8	43135363	43168516	334	16	5010.1	3394	6539.04	-7.34159881044852	-8.24987776724411
chr8	43168517	43173844	58	585	861.52	1275	1144.622	-0.7111411027116	-0.517701792099054
chr8	43173845	43270553	881	13314	13322.181	18055	17161.54	-0.0711730484452018	0.0398596570589918
chr8	43270554	43272105	20	0	307.881	220	382.027	-33.2163483819377	-33.1785350771896
chr8	43272106	48406173	54735	839840	859749.6846	1019294	1031332.3847	-0.0139304780244822	0.0069436929949041
chr8	48406174	48452762	612	11283	9986.185	10921	11102.826	0.202899707363745	0.216891045214169
chr8	48452763	48645547	2403	39193	38006.5089	44872	44946.5271	0.049676220740016	0.0850953669724655
chr8	48645548	48740529	1222	22360	19430.2	21426	22651.2	0.285776946719146	0.24336530896307
chr8	48740530	63023395	173232	2681378	2712583.6962	3202050	3267595.7527	0.0154732055766388	0.0240528332162934
chr8	63023396	63036887	178	2975	2803.1641	2743	3344.7362	0.374903839180998	0.12657933660274
chr8	63036888	109596230	508179	7677241	7864518.8831	9405241	9683469.4897	0.0102211249048899	0.00597529841973386
chr8	109596231	109686007	979	16057	15152.9939	17999	18605.2477	0.134324916287342	0.124345377955814
chr8	109686008	118025841	99760	1543385	1570497.1227	1822177	1872758.083	0.0173107010471974	0.0156225615150285
chr8	118025842	118100845	919	6613	13984.4133	15696	17710.6011	-0.903294123239701	-1.03969704979396
chr8	118100846	122447549	49625	753618	775557.9034	914390	936913.5507	-0.00336219645358281	-0.000655201705496884
chr8	122447550	122448439	10	3	155.339	100	189.504	-4.76915290141249	-5.65356789360357
chr8	122448440	122682166	2735	40825	43640.7687	50023	50816.9208	-0.0705736837930753	-0.0554777562707814
chr8	122682167	123014634	3550	58266	56437.047	65362	66087.798	0.0648761344181312	0.0867576412831203
chr8	123014635	126540157	40433	601400	633894.0425	745605	762286.2226	-0.041063007689989	-0.0351709694889948
chr8	126540158	127146310	4006	54970	62983.008	69767	75296.3077	-0.0833512917612637	-0.155572309440702
chr8	127146311	130339225	40374	640182	646250.1433	743546	747254.4879	-0.00350035705163119	0.0271352896889071
chr8	130339226	130366441	356	6238	5566.7971	5939	6652.66	0.330879889764522	0.204981924069091
chr8	130366442	131802007	14050	210118	221786.6536	247621	262931.4905	0.0115130420083141	-0.0372269221426122
chr8	131802008	131985246	2065	16056	32093.1407	38632	39177.3961	-0.975994748324594	-0.958406587812937
chr8	131985247	133306290	14925	233960	231142.9578	279117	283973.632	0.0452960322717625	0.0582223571612965
chr9	501	3392580	30715	446780	471132.244	559703	589136.4343	0.000305396345057277	-0.0358215953390836
chr9	3392581	3396655	53	844	804.545	475	1026.39	1.18358205029702	0.109815754390444
chr9	3396656	9971066	43221	602013	659868.4153	778263	833276.2056	-0.0309141427620151	-0.0916378515566147
chr9	9971067	11142239	14602	246083	236463.5527	265678	266616.4158	0.0655465760063151	0.098273037290619
chr9	11142240	14469684	25972	377956	411284.8659	464400	485630.1363	-0.0544971467772742	-0.0811738220307997
chr9	14469685	21851469	74122	1154625	1169074.3462	1357005	1388231.7283	0.0178126264112521	0.0228035602923814
chr9	21851470	22071110	101	852	1522.055	341	1957.008	1.68664341880233	-0.796349284577513
chr9	22071111	34176859	132975	1938000	2025622.596	2483461	2568609.6186	-0.0122287129041667	-0.0230509607722234
chr9	34176860	34178142	16	118	240.376	0	311.204	32.1957075159926	-0.985760127839142
chr9	34178143	35357604	13018	188417	195922.2709	249203	254132.632	-0.0251594946975286	-0.015606390731025
chr9	35357605	35368967	46	361	691.367	0	899.294	32.2847606097101	-0.896707034139163
chr9	35368968	35456309	1041	15066	15675.7591	20339	20275.572	-0.0588124391562051	-0.0164930010746561
chr9	35456310	35461655	46	318	688.576	879	899.473	-1.07843975415971	-1.07384325980556
chr9	35461656	43012337	81517	1221341	1256791.4082	1534603	1558879.7204	-0.0157024603165711	-0.000533292349326066
chr9	43012338	43169237	2023	34851	32612.6234	35976	36997.8212	0.139107645634089	0.136515426655687
chr9	43169238	62809382	216111	3260799	3322971.9395	4064040	4141182.7088	0.00281222468393357	0.0134972756221609
chr9	62809383	62811482	28	462	419.387	264	547.831	1.19573625258668	0.180356581445258
chr9	62811483	66136065	37982	583527	586690.0995	713332	725142.528	0.0188242249428742	0.0329466368354699
chr9	66136066	66229805	1129	16237	17855.2044	20567	21150.1508	-0.0937904034557055	-0.0963136774336073
chr9	66229806	87501367	248710	3767678	3827488.5325	4667112	4760098.4824	0.00867151657817059	0.0180234885921422
chr9	87501368	87501967	8	0	119.126	56	157.828	-33.2163483819377	-33.1785350771896
chr9	87501968	89159436	18503	281718	285230.7852	353254	353575.8886	-0.0136313891233085	0.0228679161024944
chr9	89159437	89161928	25	0	380.822	219	482.567	-33.2163483819377	-33.1785350771896
chr9	89161929	93484568	47345	719227	731928.5271	887341	902848.0706	0.00267157593397152	0.0154902768495224
chr9	93484569	93561330	965	17085	15439.904	16596	17734.683	0.244737012831729	0.186812337128043
chr9	93561331	101201615	88098	1397114	1399294.5776	1624011	1641732.7333	0.0163404805992118	0.0384959079622395
chr9	101201616	101204025	8	0	122.303	76	154.845	-33.2163483819377	-33.1785350771896
chr9	101204026	101229663	123	1649	1875.64	2211	2372.97	-0.080864149395393	-0.145045680868389
chr9	101230431	101246227	191	1564	2921.29	3521	3682.67	-0.83366560615822	-0.860619198763355
chr9	101246228	104609967	33219	480985	503404.8684	623727	644482.5793	-0.0155680486328127	-0.0249813941495467
chr9	104609968	104610793	11	0	167.762	121	210.62	-33.2163483819377	-33.1785350771896
chr9	104610794	113862020	98956	1481899	1518197.3608	1870105	1899771.64	-0.00927292218042144	0.00583364611851474
chr9	113862021	114108196	982	12480	15345.4679	13426	18465.1367	0.16451226078207	-0.257448829753821
chr9	114108197	119866831	65238	988188	1016093.5598	1213197	1236201.1724	-0.0101435371316503	0.000570064947457177
chr9	119866832	119866988	2	25	32.9714	270	36.4492	-3.28535483547775	-0.358541179881982
chr9	119866989	120073448	2051	30003	31449.0558	38160	39331.1211	-0.0213672352331614	-0.0271640686448314
chr9	120073449	120073973	7	135	105.249	2	135.889	6.44837030522191	0.399898753162316
chr9	120073974	120358648	2901	40299	44166.4855	51911	55934.6602	-0.0215731758397437	-0.0914621247913821
chr9	120358649	120360898	30	2	452.013	643	580.829	-7.96399310298342	-7.77947455097011
chr9	120360899	121315350	8641	121638	130473.8191	159989	168127.5578	-0.026650277121227	-0.0604204719985859
chr9	121315351	121319284	52	832	789.532	0	1014.67	33.2977993039856	0.116331659996958
chr9	121319285	122094282	7038	102177	107099.5152	128230	136076.368	0.0207338133417044	-0.0271355949496538
chr10	1186	445012	846	7893	13256.7956	9221	15974.5988	0.0476307049950423	-0.707340566632258
chr10	445023	509628	90	552	1399.1924	1131	1707.6064	-0.744545073513878	-1.30110831393423
chr10	509629	5583052	47297	731277	742574.946	874274	890659.2867	0.00760206638435242	0.0186272187573738
chr10	5583053	5585665	34	239	525.552	535	645.682	-0.862605414040309	-1.09607702646474
chr10	5585666	5729842	1786	27505	28298.9	34403	33277.2	-0.0861198336378353	-0.000306200665956997
chr10	5729843	5733943	54	0	856.298	507	1006.82	-33.2163483819377	-33.1785350771896
chr10	5733944	11887161	74735	1135378	1170293.0028	1391692	1410341.6069	-0.0215598297143966	-0.00295121431998359
chr10	11887162	11939263	680	11657	10697.1	12155	12737.5	0.194441637056166	0.164722688936994
chr10	11939264	43613161	367150	5607254	5726115.8296	6778464	6949508.0529	0.00862259534584877	0.0104834410834671
chr10	43613162	43614961	24	0	380.603	399	446.349	-33.2163483819377	-33.1785350771896
chr10	43614962	44720464	9723	144941	150858.2668	177633	184811.5858	0.00236014068088418	-0.0169821311357557
chr10	44720465	44724556	16	26	249.5826	223	304.7278	-2.80952385063538	-3.22218795676839
chr10	44724557	45395426	3928	62782	62250.5563	72052	73290.6347	0.0397872069073662	0.0530101305200058
chr10	45395427	45395998	5	1	81.6626	125	92.4675	-6.78358081948012	-6.31085771270279
chr10	45395999	45501369	1187	18745	19132.8268	22311	21851.9519	-0.056604674839508	0.0112016555005049
chr10	45501370	45558407	735	12840	11864.7449	13218	13494.9162	0.146808804618833	0.154709992326465
chr10	45558408	55969912	124270	1937846	1950124.1502	2299208	2339634.7328	0.0189668439567355	0.0316338238421294
chr10	55969913	56008466	501	8843	8000.05	8722	9244.33	0.231369210032142	0.185272743946284
chr10	56008467	56027492	187	2597	3088.645	1711	3312.713	0.70597797926522	-0.209382175391074
chr10	56027493	57042140	12672	206797	201980.697	231682	234647.4119	0.0552789864945449	0.0747437051725151
chr10	57042141	57042590	6	1	94.8712	72	111.823	-5.92981757118466	-6.52715240505424
chr10	57042591	60031968	35532	559173	559843.4454	653515	666376.3016	0.0293205641882008	0.039017124456608
chr10	60031969	61420011	12685	178827	195427.5483	224661	242975.1915	-0.0120773903904714	-0.0873234015330092
chr10	61420012	69495687	91427	1430736	1437783.669	1670199	1716395.917	0.0352058026009035	0.0336567396298039
chr10	69495688	69497037	18	0	278.415	338	343.152	-33.2163483819377	-33.1785350771896
chr10	69497038	69897178	5146	80162	82130.9305	95711	95680.8331	-0.0325293636873128	0.00573873216107298
chr10	69897179	69897925	9	0	144.709	179	167.676	-33.2163483819377	-33.1785350771896
chr10	69897926	83090017	151747	2316606	2363701.6171	2793932	2875532.6471	0.015429644976289	0.0117106407493093
chr10	83090018	83161767	867	14985	13534.784	15966	16384.0802	0.187071553087227	0.187593091726895
chr10	83161768	86689854	42824	686923	681332.7829	783201	794489.4886	0.0353668578460807	0.0525346374423002
chr10	86689855	86710855	276	5193	4420.24	4032	5062.28	0.563667756194906	0.273189393360178
chr10	86710856	103705313	202818	3150243	3196203.2417	3735956	3804183.5861	0.00814594191306915	0.0198498398029555
chr10	103705314	103747171	549	10151	9004.54	9055	9923.36	0.307943993659449	0.213643247105536
chr10	103747172	105784423	20452	333220	330421.8355	369946	374130.571	0.0313256893167829	0.0529118377275994
chr10	105784424	105819334	460	8385	7325.1966	8088	8453.251	0.261599161184636	0.235689175240345
chr10	105819335	107521870	20526	332396	333729.0695	367392	373949.6356	0.02268199565759	0.0349715348092124
chr10	107521871	108142026	7155	106348	117026.1819	122796	129965.784	-0.0532375773291669	-0.09729256174017
chr10	108142027	108249530	1107	19826	18123.1682	18391	19861.7535	0.243484090063887	0.17030432537893
chr10	108249531	112626397	36210	576464	579369.9491	641808	668705.8757	0.0549082465031404	0.0334915301611084
chr11	797	16482067	177717	2608617	2688071.8926	3369327	3454548.9124	-0.00431712784477832	-0.00254071010151156
chr11	16482068	16503723	147	1013	2230.064	2662	2845.067	-1.03956631655721	-1.09770506811153
chr11	16503724	16638783	1341	20310	20382.8456	25878	25985.9505	0.0037730380051067	0.0355806347173442
chr11	16638784	16644033	62	376	943.4422	1103	1196.4417	-1.20695159651403	-1.28645559985172
chr11	16644034	17874836	13262	195681	202080.8408	245364	255903.9632	0.0171826012093639	-0.0056829933697211
chr11	17874837	17875598	10	84	154.265	0	190.759	32.3452639717665	-0.836203672094157
chr11	17875599	17879378	46	431	696.136	614	891.513	-0.150731568542857	-0.650935443231211
chr11	17879379	17900514	184	1212	2764.98	3	3597.43	9.04084144646765	-1.1491334741911
chr11	17900515	26495181	89539	1299618	1353643.4716	1701118	1741509.7793	-0.0219722526486497	-0.0180143033605135
chr11	26495182	26504831	126	2780	1919.77	2458	2430.32	0.520745342236493	0.574897276981597
chr11	26504832	26754100	2739	40804	41715.715	52460	52971.3444	-0.0149535035150913	0.00886548462931344
chr11	26754101	26760527	18	135	274.189	1	348.845	7.42716357549563	-0.98146541453443
chr11	26760528	36050599	102760	1588295	1609847.571	1916776	1938668.3514	-0.000128358299460114	0.0213006736664489
chr11	36050600	36197728	1496	25369	23822.7188	27639	27837.7582	0.10399876235461	0.131474451797651
chr11	36197729	38014839	19915	304896	311993.7942	366153	375677.7796	0.00678162770358898	0.00754576221602523
chr11	38014840	38028567	31	28	488.672	318	585.215	-3.24249515984816	-4.08462183671574
chr11	38028568	38030545	19	209	291.735	279	364.681	-0.0918530555743387	-0.440409665282004
chr11	38030546	38033247	35	88	556.62	358	656.358	-1.78366141424372	-2.62037144584218
chr11	38033248	38035587	27	447	434.39	483	500.671	0.0960562113934292	0.0820298116845803
chr11	38035588	38036249	7	3	115.546	88	125.012	-4.75793727740624	-5.22661512890933
chr11	38036250	38050511	144	1345	2222.023	2179	2747.92	-0.386661203076624	-0.683521705332504
chr11	38050512	38464839	5229	86131	82820.589	97698	97792.2461	0.0608667358511859	0.0972889903528673
chr11	38464840	40565220	12391	177131	187975.0414	229652	240137.3844	-0.0183811586032731	-0.0449785245869175
chr11	40565221	40572702	43	0	661.558	337	825.153	-33.2163483819377	-33.1785350771896
chr11	40572703	40874959	3248	46498	48875.5294	63615	63472.0741	-0.072256095559328	-0.0311977938725735
chr11	40874960	40878262	44	0	659.038	829	861.564	-33.2163483819377	-33.1785350771896
chr11	40878263	65405221	270259	4028235	4119900.716	5081897	5216965.8278	0.0083146944645548	0.00828415103020037
chr11	65405222	65406496	17	144	253.504	0	334.121	32.4062738160094	-0.775193827862258
chr11	65406497	82205960	189175	2900336	2941672.3997	3526606	3591045.0293	0.00863936155336201	0.0203293266825211
chr11	82205961	82212973	92	1652	1456.34	3	1723.47	9.35093693177405	0.222612349288101
chr11	82212974	89891022	73861	1144539	1156368.3561	1359105	1392078.0321	0.0226813195733146	0.0259114599168937
chr11	89891023	90463331	6115	81656	93143.8	106719	117905.0446	-0.0431598841255855	-0.149154971882735
chr12	322	2435966	22374	337722	352030.0053	406557	420120.2357	-0.0095850302880302	-0.0191163675414359
chr12	2435967	2637321	2454	41200	38935.938	45485	45541.118	0.0862533777288397	0.122287826786692
chr12	2637322	10169945	56566	829710	889482.9744	1012485	1063961.1099	-0.0258823664098374	-0.0596139450749525
chr12	10169946	10453875	3303	42964	52347.5609	54687	61621.8337	-0.109817741831612	-0.244248129223263
chr12	10453876	13797293	34071	520142	539934.3099	616496	635814.0502	-0.00643242861196677	-0.0131324871249207
chr12	13797294	13812306	192	3671	3147.41	2865	3394.03	0.469404734558874	0.262753861489116
chr12	13812307	15883456	25580	378631	406213.153	460494	477042.4147	-0.0475766666316062	-0.0606985474113562
chr12	15883457	16906051	12844	207423	207385.3534	235692	235593.0818	0.00258881955986696	0.0410077400516143
chr12	16906052	16942430	479	8583	7847.2042	8091	8629.1367	0.225134033013502	0.170049127688758
chr12	16942431	19612877	26408	408438	418050.7088	478292	492819.155	0.0125383860729706	0.00718501961623656
chr12	19612878	20291099	1369	18779	21188.4484	23979	26086.2011	-0.0497097714602043	-0.133411833097184
chr12	20291100	20901641	705	2128	10984.7792	4395	13361.9178	-0.760811230090914	-2.32718994272198
chr12	20901642	21540553	1183	7475	18123.8684	10130	22721.1771	-0.109409465871014	-1.23699956392983
chr12	21540554	22300630	3957	63674	63502.7556	69772	72776.2321	0.0676369379627442	0.0446310723081566
chr12	22300631	22383845	992	12585	15996.505	15794	18295.7238	-0.130989052549583	-0.305305643624322
chr12	22383846	22597119	2446	33576	39381.7753	36958	44888.488	0.053293602323233	-0.189351908093392
chr12	22597120	22597729	8	158	123.276	2	154.462	6.63207330498854	0.39877847434477
chr12	22597730	24701490	26420	422454	422869.7201	483256	488592.0151	0.0173562080418662	0.0393268713655943
chr12	24701491	24759847	708	12461	11368.6472	12192	13048.3678	0.233226369909741	0.173105129158549
chr12	24759848	34956111	110441	1649412	1738496.711	2047452	2074290.438	-0.0541676804319385	-0.0351426570578918
chr12	34956112	35146890	22	199	335.611	24	420.954	3.38146727239865	-0.713275699688715
chr12	35148306	36537502	4555	63567	72537.3571	79547	84932.0593	-0.093011903471414	-0.149700306738788
chr12	36537503	36708850	2025	34519	32511.2526	36238	37378.5569	0.134091633040136	0.127197401171377
chr12	36708851	36709453	8	155	123.629	0	151.932	33.5484645313617	0.366996887351138
chr12	36709454	37578253	10642	172279	172714.5397	194504	193892.1424	-0.00525560371493417	0.0371031873907085
chr12	37578254	37585562	89	1657	1400.865	1367	1668.362	0.532607352820459	0.283001543018299
chr12	37585563	38886056	15912	250405	253278.9598	287966	295173.8742	0.0221352520310205	0.0242820060747298
chr12	38886057	38928909	495	6996	8033.3853	8289	9063.4012	-0.0676907314373484	-0.158731912102663
chr12	38928910	46778242	93605	1443427	1500426.195	1705309	1731016.0447	-0.0313557226253769	-0.0151283371689067
chr12	46778243	46920728	1805	30595	29311.7479	32127	32848.8648	0.0968067108671661	0.10256277050496
chr12	46920729	47007903	852	12755	13643.537	15693	15706.761	-0.0929577091427622	-0.0564089315648241
chr12	47007904	47114187	1154	19573	18375.4	21293	21367.3	0.0990472011914511	0.131835114799443
chr12	47114188	47114787	8	0	126.645	82	149.551	-33.2163483819377	-33.1785350771896
chr12	47114788	47834280	8553	139030	137934.011	154772	156736.8438	0.0325504125669923	0.0521638617875519
chr12	47834281	48196799	4399	65006	71812.0664	76047	79869.2287	-0.0699723802228964	-0.10290752112928
chr12	48196800	48197933	15	0	243.033	134	275.442	-33.2163483819377	-33.1785350771896
chr12	48197934	48303486	1339	22435	21662.2	25130	24521.3	0.0181287758330334	0.0913172862101692
chr12	48303487	48304806	17	1	274.308	177	313.115	-7.27377703553892	-8.05890697650296
chr12	48304807	49092886	9305	144031	150885.0439	168843	170227.9292	-0.0523524938922209	-0.0263245791793851
chr12	49092887	49306108	135	1575	2090.634	825	2573.265	1.23547789059934	-0.3678428159578
chr12	49306109	49530413	2886	47763	47205.547	52172	52135.741	0.0188666186798608	0.057682930272969
chr12	49530414	50369967	10175	152797	164721.2628	184652	186474.3745	-0.091309511617257	-0.0676647054645774
chr12	50369968	50390819	269	4532	4388.94	4048	4863.44	0.313975709823711	0.0870211853396259
chr12	50390820	50786014	4932	70029	79591.245	85085	90576.2463	-0.0914967541345131	-0.143911385633321
chr12	50786015	52716696	22986	365516	366396.1663	427936	426734.1159	-0.00459487839230576	0.0372760233228779
chr13	0	28273732	245153	3496886	3713533.6529	4611263	4758251.4509	-0.0385197589692755	-0.0459760162498307
chr13	28273733	28278308	59	444	902.94	0	1139.48	32.1981430679993	-0.983324575832904
chr13	28278309	33890590	48603	701326	732258.5819	942352	948478.3385	-0.0499866456733546	-0.0215221109156609
chr13	33890591	33900790	85	350	1286.817	0	1647.506	31.3438334424627	-1.83763420113245
chr13	33900791	33909395	92	1450	1384.38	1691	1795.74	0.156447284667592	0.107558767766972
chr13	33909396	33955505	335	2108	5092.9289	51	6487.8778	5.72141742813383	-1.2318748375772
chr13	33955506	33962089	2	24	32.3413	17	37.4081	0.710405246849974	-0.38959739324096
chr13	33962090	34029634	360	2398	5525.898	15	6920.304	7.64828433080902	-1.16363140158591
chr13	34029635	51429046	198556	3006509	3093077.8896	3679473	3763063.4656	-0.00561284640561647	-0.000208014609270384
chr13	51429047	51429682	7	118	107.143	3	135.15	5.63563702380979	0.179995134259076
chr13	51429683	55609143	51031	782020	799054.1727	939184	962610.7327	0.00738943411793329	0.0096580609995672
chr13	55609144	55634560	334	5660	5134.78	6058	6389.09	0.220201038649932	0.181245459372031
chr13	55634561	72608170	188621	2760081	2875483.1649	3502848	3643357.5069	0.000578963265723774	-0.0183479130213117
chr13	72608171	72609820	22	75	348.139	1	414.38	6.48304213095448	-2.17395506682691
chr13	72609821	76101517	41812	638840	649352.6118	773907	794157.2273	0.0166495622708902	0.0171984155418514
chr13	76101518	76103317	24	167	365.828	0	460.485	32.0908961171915	-1.090571526618
chr13	76103318	77917767	21487	324595	330549.0314	398533	411578.81	0.0231785746261803	0.0145223616888706
chr13	77917768	78100017	2266	36705	34737.444	42301	43528.71	0.123693061789635	0.120230870290246
chr13	78100018	89932570	138920	2115778	2149847.7884	2579987	2647479.7893	0.0171421817373002	0.0176996120604324
chr13	89932571	89933784	15	0	232.962	141	286.459	-33.2163483819377	-33.1785350771896
chr13	89933785	89935949	24	132	373.208	335	454.29	-1.05705696213674	-1.45869611012131
chr13	89935950	114025099	277840	4254306	4336718.108	5176246	5255871.8133	-0.00272338930701137	0.0130660084682014
chr14	322	413287	180	519	2745.0143	686	3459.9281	-0.0656130784981236	-2.36226134874716
chr14	413288	693411	105	907	1633.1005	2029	1995.35	-0.869633589725431	-0.807693248386542
chr14	693412	748285	92	485	1424.27	2371	1760.755	-1.98053492854753	-1.51342014056036
chr14	748286	1443642	4674	55630	70817.3552	74663	90687.8796	-0.0647910222951486	-0.307493987265227
chr14	1443643	12347563	113808	1730478	1780292.5679	2105137	2147760.3927	-0.00909225383428185	-0.000197876708565428
chr14	12347564	12355422	55	0	848.788	534	1046.34	-33.2163483819377	-33.1785350771896
chr14	12355423	15510293	36255	547775	558347.8336	689301	693461.2876	-0.0159669276708955	0.0131651390182693
chr14	15510294	15956160	2110	28647	32371.9286	36795	40485.7219	-0.0355232202963934	-0.1356133831763
chr14	15956161	16150160	177	1556	2722.447	4180	3390.9111	-1.10595931648002	-0.766316030885
chr14	16150180	39839597	261569	3894778	4008393.7129	4886478	5026664.2885	0.00225578865377746	-0.000737250333494477
chr14	39839598	39847025	18	115	273.106	0	350.301	31.9743863672511	-1.20708127653184
chr14	39847026	40544651	6361	91831	95705.0838	122283	124199.5729	-0.0342453783351764	-0.0188684340595965
chr14	40544652	40545331	9	69	135.764	1	175.404	6.48103766991603	-0.935686837615549
chr14	40545332	40887862	3830	54163	57682.6169	71968	74728.1707	-0.0335997603383263	-0.050083095644713
chr14	40887863	40891098	40	202	608.933	0	772.999	31.6302853095307	-1.55118233416003
chr14	40891099	42640064	19808	299541	303550.9299	374590	380780.8422	0.00739597081107796	0.0215607660547003
chr14	42640065	42643374	43	337	672.895	0	815.506	32.2245807060922	-0.956886937745345
chr14	42643375	45170083	30284	468959	471616.9848	564406	573695.2608	0.0183299626504526	0.0325919921652881
chr14	45170084	45173458	45	929	693.678	622	846.574	0.869066634094804	0.462158338169946
chr14	45173459	61682024	162602	2365715	2473047.7274	3041021	3146773.8294	-0.0117635230608934	-0.0232679295003392
chr14	61682025	61683390	18	214	277.842	0	343.037	32.8455596115627	-0.335908032375586
chr14	61683391	61684644	12	384	185.184	273	229.074	0.801992193776964	1.09289272836654
chr14	61684645	61953314	3074	44925	46286.4045	58024	59953.6195	0.00705967151925819	-0.00232412373329473
chr14	61953315	61957549	36	0	552.398	634	692.871	-33.2163483819377	-33.1785350771896
chr14	61957550	62269526	3651	54420	55220.8151	70356	70951.3162	-0.00598667476557923	0.0196706450908829
chr14	62269527	62270651	15	102	228.482	0	288.564	32.0587021549489	-1.12276548885352
chr14	62270652	62365169	1093	14765	16539.1846	19572	21221.6486	-0.0440286381785432	-0.122960881491966
chr14	62365170	62386761	95	420	1446.094	10	1840.456	5.74315188822232	-1.74295422921087
chr14	62386762	86793913	267697	4089001	4154388.5936	4983064	5088390.4319	0.0102210825541838	0.0178581180763906
chr14	86793914	86831432	479	8421	7606.04	8020	8889.309	0.298247645902668	0.187591910295386
chr14	86831433	95519623	86339	1283426	1329657.6944	1610719	1652003.0916	-0.0116106478043111	-0.0103089007338161
chr14	95519624	95531139	23	287	361.1	137	433.201	1.33244556322913	-0.290601811520088
chr14	95531140	95550871	32	266	495.363	27	609.094	3.60150627615146	-0.85631399614133
chr14	95550872	95572277	126	754	1908.251	4	2448.897	7.9212343403029	-1.29886864670393
chr14	95572278	97034956	288	2862	4437.2969	3107	5501.0883	0.194469970547783	-0.591911543291667
chr14	97034957	97156311	27	462	407.887	268	522.97	1.14715107989907	0.22046919654879
chr14	97156312	101960846	40478	588454	615477.3371	754819	783224.2913	-0.00854875372506826	-0.0240302205704701
chr14	101960847	101993679	34	207	509.3644	32	663.0074	3.07674636248945	-1.25832149193683
chr14	101993680	102173977	58	764	888.687	913	1118.289	0.0774361285032856	-0.177356874004166
chr14	102173978	102217059	37	362	569.658	13	709.129	5.11829078231045	-0.613360473244325
chr14	102217060	104864651	30627	465085	476480.8695	568169	581174.0279	0.000658799103614922	0.00582199068184631
chr14	104864652	104896977	430	7167	6797.654	7154	8020.115	0.244137795938335	0.117078295640491
chr14	104896978	115493372	116705	1746821	1795333.3394	2157700	2234773.1102	0.0140466885993898	0.00122591802066216
chr15	0	19653450	207885	3144943	3214824.6905	3862494	3963602.8267	0.00850608154110065	0.00903967404035805
chr15	19653451	19741105	1107	18003	16972.6249	20456	21133.81	0.134989014452232	0.125773505486858
chr15	19741106	21027727	15164	224544	236304.4023	278171	287256.3841	-0.024348834102985	-0.0329024621866924
chr15	21027728	23165584	509	4650	7822.5121	4855	9724.2634	0.25464897430015	-0.709655396906764
chr15	23165585	30112532	61841	936517	961738.0052	1154272	1173134.7535	-0.0120206715085988	0.00240712353141698
chr15	30112533	30406082	122	1267	1862.0549	2105	2353.753	-0.391403817510145	-0.514733212929131
chr15	30406083	30468525	217	3088	3309.2918	3551	4188.102	0.141154029969007	-0.0591038838430064
chr15	30514207	30919046	390	6263	5991.4563	5338	7475.271	0.552706311285236	0.104693039665429
chr15	30919047	31011060	54	677	829.771	1290	1033.112	-0.610999235860211	-0.252811531101041
chr15	31017433	31950404	470	4676	7225.177	6179	8993.3581	-0.0833388919321867	-0.587012128936412
chr15	31953379	34760740	28391	453888	447925.3383	519656	531470.6623	0.0544437809299285	0.0598239392216653
chr15	34768899	34771695	35	200	541.8587	531	665.6723	-1.10888384832935	-1.3971708182751
chr15	34772759	35519139	3096	43131	47998.1837	53105	58911.2567	-0.0016264538976948	-0.113508776372722
chr15	35519140	35533756	129	0	1937.14	1301	2524.66	-33.2163483819377	-33.1785350771896
chr15	35533757	66186593	327579	4990944	5076686.6922	6101798	6234546.2731	0.00940820613841695	0.0161713613902448
chr15	66186594	66195684	92	651	1382.16	1801	1795.31	-1.08782781983915	-1.04544931248662
chr15	66195685	86827848	230357	3332993	3486294.1135	4338820	4476392.2136	-0.0169097175560869	-0.0241301250600122
chr15	86827849	86828523	9	0	140.833	86	169.426	-33.2163483819377	-33.1785350771896
chr15	86828524	95309262	94151	1386445	1431989.3533	1790095	1821283.5787	-0.018778395136283	-0.0058845084288154
chr15	95309263	95310312	14	2	212.944	143	271.288	-5.80758760882157	-6.69358438320676
chr15	95310313	96729426	16046	231959	241738.6986	306574	313113.7469	-0.0261945538996295	-0.0188327489757307
chr15	96729427	96731694	29	0	437.71	288	564.477	-33.2163483819377	-33.1785350771896
chr15	96731695	97016495	3463	50903	52228.0439	66339	67464.2744	-0.00987495699184454	0.00367188538936511
chr15	97016496	97045738	306	4089	4611.087	5841	5967.133	-0.139603707985641	-0.132612951443241
chr15	97045739	97046402	7	0	104.324	74	138.548	-33.2163483819377	-33.1785350771896
chr15	97046403	100159458	33807	484195	510925.5681	641339	657885.7772	-0.03784240244165	-0.0367790805357304
chr15	100159459	100203537	581	9217	8886.9618	10225	11114.1063	0.175830631611602	0.0933528356837544
chr15	100203538	105433303	60275	896810	927705.0403	1123942	1153812.1687	-0.00809045216275293	-0.00811794274252954
chr15	105433304	105437135	51	465	795.485	1	966.796	9.14539611084644	-0.733858138596389
chr15	105437136	111239624	54514	823491	845344.9045	1007550	1036683.0762	0.00626884342199933	0.00295866700412201
chr16	17697	5785472	61534	952264	962965.9403	1137688	1161467.394	0.0166530757881556	0.0246226935413699
chr16	5785473	5785997	7	50	114.418	0	128.058	32.0278994840781	-1.15356815971733
chr16	5785998	8017274	27937	440331	441627.1959	512069	522920.8836	0.0289464297792278	0.0365052700585934
chr16	8017275	8176346	1802	25083	28660.4069	31564	33593.2369	-0.0995258468464077	-0.151603311254382
chr16	8176347	8478370	3587	57720	55782.8	68149	68018.2	0.0494118552699618	0.0899968198475934
chr16	8478371	15921691	73970	1107400	1148893.1083	1371407	1405166.3132	-0.0150514792327008	-0.0123222787176019
chr16	15921692	16022318	1214	27186	18439.076	22824	23525.926	0.606729958552824	0.600843405737503
chr16	16022319	17157021	13284	195641	200972.8376	250775	258165.4332	0.00604309692344313	0.00195408810168982
chr16	17157022	17161876	50	2	751.124	544	975.632	-7.70724426217881	-8.51216135995414
chr16	17161877	19756838	27812	419288	434113.0339	508533	525820.4293	0.00103216653790726	-0.0093833262629144
chr16	19756839	19777947	270	5139	4382.2318	4390	4741.0402	0.343737106913684	0.270567725640708
chr16	19777948	20701568	11069	191718	180208.8046	195463	199592.7717	0.122412796569443	0.130062167056023
chr16	20701569	64896286	447005	6607392	6837423.8664	8343416	8601922.3077	-0.00241843669432814	-0.00862605325366789
chr16	64920676	64933865	77	6779	1156.32	964	1506.85	3.1988950918391	2.59227763797442
chr16	64934998	64978895	77	4488	1166.7871	1002	1494.2433	2.52299646707523	1.98427720666992
chr16	64978896	64985479	41	1506	613.7192	569	796.813	1.78381624588793	1.33581701822649
chr16	64985480	71793998	71374	1062962	1101012.2953	1328422	1363294.5369	-0.0104242239668269	-0.00999468546866007
chr16	71793999	71818693	328	5801	5090.705	5675	6169.479	0.311896990014432	0.229182025487137
chr16	71818694	79799407	89751	1341856	1393202.6531	1666761	1705693.5469	-0.0179314800364863	-0.013429395156303
chr16	79799408	79851675	667	11278	10799.412	11184	12223.805	0.193748219728795	0.103304356365607
chr16	79851676	90668716	123433	1858843	1921880.9323	2306560	2341252.2582	-0.023643903254833	-0.00736816296810377
chr17	545	9589550	102074	1558513	1603729.3746	1887348	1921256.4219	-0.0126383328093496	-0.000514650305032449
chr17	9589551	9983132	4937	82697	78797.796	90312	91061.986	0.0845435116708326	0.110425587906907
chr17	9983133	13589581	43492	671172	693074.1059	787449	808160.3406	-0.00593945496797558	-0.00558121617969337
chr17	13589582	13599515	118	1440	1849.4856	1257	2221.9072	0.463691223437422	-0.320309384219195
chr17	13599516	36929852	254666	3858152	3963323.4317	4681229	4828537.299	0.00883072480335386	0.00194514939305342
chr17	36929853	36931919	24	179	368.203	1	459.045	7.80488248401873	-0.999795921882101
chr17	36931920	43619217	69760	1024064	1067003.3282	1298807	1342438.4083	-0.00865739537846009	-0.0185129234334546
chr17	43619218	43647063	353	6541	5414.2478	6373	6767.808	0.362398842416653	0.313496167716492
chr17	43647064	43949653	3720	60369	57189.0061	67094	71274.3686	0.168202234614238	0.118815942371635
chr17	43949654	44739124	4408	66046	67645.2929	82543	84505.2978	0.00231012413070075	0.00622751307325464
chr17	44739125	44846994	1295	21691	19899.1176	23266	24813.954	0.220253118716256	0.165137979799903
chr17	44846995	48010065	29570	437753	452695.0112	545778	568484.1389	0.0133160807395618	-0.00767647027785706
chr17	48010066	48418686	351	4353	5333.6235	6873	6795.8105	-0.306467737255215	-0.252360096784204
chr17	48424457	57291020	91157	1364681	1400125.1514	1701442	1747926.8567	0.0048273748481823	0.00375383679112964
chr17	57291021	57400038	1398	22996	21657.1491	25597	26598.4193	0.144837937377167	0.127285465475988
chr17	57400039	60908300	33203	483071	508666.5162	611364	637749.7827	-0.0105934157583386	-0.0337390110853172
chr17	60908301	60959293	650	10276	9839.439	11714	12581.877	0.168676759179442	0.103376700052262
chr17	60959294	62149093	12763	189071	195502.8773	241622	245462.5062	-0.0225783227430783	-0.00751587114170926
chr17	62149094	62154957	76	1023	1156.27	667	1471.19	0.967485303696529	-0.13592630320787
chr17	62154958	62213652	761	11732	11593	14636	14687.8	0.0252245908078527	0.0579408973005163
chr17	62213653	62229450	59	432	901.874	1128	1134.73	-1.05038001768694	-1.02114870556717
chr17	62229451	67856653	55831	828375	857356.5008	1039274	1070476.755	-0.00400123667857996	-0.00886533569435351
chr17	67856654	67956856	1312	21268	20191.228	24100	25071.9836	0.134931277356647	0.115701587482617
chr17	67956857	84831862	192298	2865810	2968011.5112	3563649	3672353.1026	-0.00427162012823955	-0.00980785181393678
chr17	84831863	84848011	195	3550	2974.88	2997	3682.3	0.555008202140969	0.295733421916431
chr17	84848012	85359656	6341	97550	98059.9067	119205	120839.6443	0.0150601430561138	0.033224355704522
chr17	85359657	85383400	313	5446	4843.3207	4983	5724.3796	0.372237785706017	0.209946320182526
chr17	85383401	89385792	43862	657312	678563.4348	810497	835580.9384	0.000999935248890353	-0.00515949559104257
chr17	89385793	89463173	216	1834	3351.5032	897	4070.4879	1.31513973398702	-0.829068800443391
chr17	89464669	90843705	12723	189597	195691.6596	233410	243705.1481	0.0195567895303497	-0.00490026101879299
chr18	0	1513147	11209	169011	171471.5479	214249	215525.9992	-0.00934605422465319	0.019893807177743
chr18	1513148	1518222	55	421	838.468	988	1060.78	-0.888460391018101	-0.953189619346839
chr18	1518223	2312859	8973	133927	138099.2393	162556	171471.2295	0.0357037599394491	-0.00351266018769657
chr18	2312860	2313358	6	68	92.6438	2	115.236	5.40522055329676	-0.405413811775349
chr18	2313359	2727077	3848	58685	59831.6746	73182	73021.0076	-0.0281623482003397	0.0128282241742605
chr18	2727078	2739349	152	1215	2317.25	2	2930.1	9.58820915669025	-0.890711514132702
chr18	2739350	4454893	20514	312130	321169.3795	368304	387199.5	0.0339252656104124	-0.000441453262632049
chr18	4454894	4457523	35	291	533.676	0	674.172	32.3472685357498	-0.834199108111212
chr18	4457524	29846876	281703	4200480	4331791.3673	5266630	5396671.7302	-0.00628717006055559	-0.00366369015117997
chr18	29846877	29850264	45	364	682.395	0	871.358	32.3155448903593	-0.865922753495792
chr18	29850265	38380544	84128	1284989	1297104.4307	1582582	1607977.8731	0.0123612405043254	0.0272072447193369
chr18	38418199	38538212	682	8825	10341.5224	12933	13230.3783	-0.193050488140979	-0.18803452849065
chr18	38538213	56867053	198295	2989219	3042587.3336	3733287	3805900.7346	0.00519400244504471	0.0152157950353753
chr18	56867054	56966517	1277	21820	19858.8488	23409	24191.6495	0.1862475115906	0.176614979949321
chr18	56966518	60530586	43153	668230	670109.0639	819362	819786.4038	-0.000371523413584472	0.0366947041918408
chr18	60530587	60535612	67	0	1050.14	624	1264.18	-33.2163483819377	-33.1785350771896
chr18	60535613	61053680	4645	69928	73304.5929	82874	87080.424	0.00632809222344597	-0.0272874779494751
chr18	61053681	61054880	16	0	249.772	320	302.903	-33.2163483819377	-33.1785350771896
chr18	61054881	63311134	25870	395338	403573.2092	478158	489448.7417	0.00685916093791146	0.0110021001384197
chr18	63311135	63313915	30	238	485.304	600	543.962	-1.16645123980799	-0.987181305702168
chr18	63313916	65124254	21966	326579	339756.2671	399395	418178.7526	0.0121679176996209	-0.0163222668648506
chr18	65124255	65125674	14	0	217.31	276	268.344	-33.2163483819377	-33.1785350771896
chr18	65125675	68769868	42560	627614	648944.7392	798170	820778.9318	-0.00498788481255964	-0.00747222468712518
chr18	68769869	68777348	94	2040	1433.431	1808	1813.184	0.516159916704602	0.549842563668545
chr18	68777349	76937529	87523	1343543	1371480.7853	1622108	1649735.1635	-0.00239478168122787	0.0110539573725295
chr18	76937530	76939329	24	0	380.469	189	449.152	-33.2163483819377	-33.1785350771896
chr18	76939330	77216193	2359	36484	37848.442	43115	43671.9305	-0.0315210097910385	-0.0122241311680219
chr18	77216194	77217318	15	0	245.228	125	271.915	-33.2163483819377	-33.1785350771896
chr18	77217319	84990541	84576	1269958	1310779.338	1571450	1610562.6068	-0.0072431112016915	-0.00489817989986471
chr18	84990542	84991066	7	92	103.938	0	138.524	33.0461960783914	-0.135271565571235
chr18	84991067	86399797	15871	229535	240199.5345	293450	308256.7709	0.00843124334475167	-0.0247733275932356
chr18	86399798	86406888	45	0	687.046	378	866.601	-33.2163483819377	-33.1785350771896
chr18	86406889	88201446	12500	173871	188796.5468	227786	243358.065	-0.0204809781427723	-0.0780691802190531
chr19	0	24732626	270456	4083596	4193596.3915	5055533	5146274.4104	-0.00975012184359893	0.00239799843688934
chr19	24732627	24754891	285	5453	4507.25	4945	5298.84	0.377441293737405	0.315548554185749
chr19	24754892	25563482	10318	170290	165589.4581	189202	189530.2598	0.0458163187144027	0.0811287597810182
chr19	25563483	25564778	17	1	278.285	199	305.684	-7.49821413373675	-8.07967342517194
chr19	25564779	26085671	6673	111144	107598.711	120864	122075.588	0.0640919729689503	0.0875151448636817
chr19	26085672	26116889	394	7601	6344.5	6237	7099.85	0.45055161511193	0.301428634133616
chr19	26116890	26338656	1832	28519	29130.9415	31721	33968.7559	0.071073761100252	0.0101169378064308
chr19	26344080	26360588	9	4	136.857	169	173.622	-5.05466632643291	-5.05577954111301
chr19	26360589	28561082	4326	50641	66669.2364	64258	82666.3898	-0.0303579379947686	-0.35596943762006
chr19	28569676	28629640	12	29	187.2875	172	226.3781	-2.29187140867963	-2.65038393602884
chr19	28634678	37017583	84481	1255666	1302341.3538	1572733	1615077.0547	-0.0113930769951849	-0.0119090012297793
chr19	37017584	38849876	22766	372277	357578.0797	426182	427701.5341	0.0661854748662908	0.0988640593039057
chr19	38849877	39022767	1794	26003	27900.7775	33384	34017.5842	-0.0715708160392234	-0.0608813753283551
chr19	39022768	39443364	5329	87266	83493.8236	101819	100266.7671	0.0445194676751759	0.104496062747854
chr19	39443365	40403410	11042	156027	172063.197	195936	208920.4168	-0.0456392836126305	-0.10039697241212
chr19	40403411	52860473	150421	2304779	2364394.0945	2794736	2829104.3709	-0.0162761411833521	0.00390377006728679
chr19	52860474	53498801	7560	109673	123029.4987	132299	137862.2491	-0.10343800649294	-0.125050001644368
chr19	53498802	57699350	49524	811982	803770.8817	905669	903398.1874	0.0139741418832592	0.0554093042937466
chr19	57699351	57718897	210	2905	3312.1705	2771	3847.1902	0.287092235899113	-0.148492904621412
chr19	57718898	58784198	12467	194825	199854.9061	230248	230668.684	-0.031208075932624	0.00397169925656583
chr19	58784199	58785252	14	120	227.632	0	256.554	32.2985445388838	-0.882923104968085
chr19	58785253	59483905	7920	115962	125845.308	138194	147644.5784	-0.0196333388680737	-0.0772534354778693
chr19	59483906	59502164	240	4111	3814.512	3838	4401.285	0.308493520719645	0.148736742416779
chr19	59502165	62275498	30580	464349	475397.3688	565176	580241.6009	0.00696170758926641	0.00682148146997624
chr20	747	4008	7	189	105.111	15	136.006	4.03004103555758	0.887218449136626
chr20	4009	452023	2808	36706	43032.7936	47432	53903.8789	-0.0419596358563662	-0.188674721513144
chr20	452024	521973	187	1488	2837.03	24	3623.36	6.31007560146365	-0.890261007978301
chr20	521974	2878790	16173	238191	249321.4319	288183	309106.5786	0.0381636914967272	-0.0251421294358913
chr20	2878791	2883504	12	125	189.451	4	226.672	5.22749827943231	-0.559150788212245
chr20	2883505	3517468	4106	65770	65685.5105	68304	75609.8699	0.151391578567164	0.0426003790903029
chr20	3517469	3826646	3540	50517	57057.7536	55484	64780.0516	0.0507564024282228	-0.134908110515888
chr20	3826647	4034151	1085	16981	17620.2026	17914	19650.7535	0.0831205967680793	-0.0125632201044863
chr20	4034152	4044844	122	1488	1926.21	1041	2284.43	0.764406262558198	-0.331644599487196
chr20	4044845	4046353	20	171	319.973	4	339.599	5.50666710765976	-0.863207975517787
chr20	4046354	4048153	24	318	393.726	245	433.239	0.517148717559108	-0.267419347749893
chr20	4048154	4065352	206	1570	3206.46	9	3897.98	7.73130162520148	-0.989470978836581
chr20	4065353	4071972	87	826	1391.142	742	1616.825	0.374549006424062	-0.711310130958471
chr20	4071973	4073472	20	168	317.759	25	373.747	2.98552280913647	-0.87872588280746
chr20	4073473	4276617	2225	32019	35195.7694	37918	41739.932	0.00500417291543588	-0.0957279015984493
chr20	4277402	4281483	28	191	451.987	4	518.757	5.77913899656951	-1.2019627683159
chr20	4281484	4350903	576	8664	9437.7742	9542	10373.9807	0.000125154010032895	-0.0826675404299996
chr20	4350904	4432845	1063	19809	17437.8795	17848	18934.6916	0.272133508809944	0.224677308987037
chr20	4432846	16347028	124644	1954506	1996378.881	2240364	2301626.6076	0.011271686289813	0.0101643380308728
chr20	16347029	16349133	17	134	255.896	5	331.089	5.11875513654608	-0.892578723639604
chr20	16349134	20868256	53485	787342	830347.3873	986699	1016903.4752	-0.030291235003323	-0.0359787228611847
chr20	20868257	20868631	5	84	77.2333	3	95.1354	5.11104673830726	0.161912183995693
chr20	20868632	21013488	1573	23416	24545.3549	28624	29724.847	-0.0105787172810073	-0.0272095040122358
chr20	21013489	21014014	7	120	106.418	1	135.721	7.26072491287694	0.214038082498353
chr20	21014015	29821885	101598	1537702	1570164.2689	1898499	1938076.4382	0.00255924210991187	0.0106063139380601
chr20	29821886	29822185	4	0	62.0198	47	75.4174	-33.2163483819377	-33.1785350771896
chr20	29822186	56205872	291797	4314870	4505608.1002	5381613	5572173.0953	-0.00927074528484294	-0.0216588669294164
chrX	598	1120480	4087	53444	62296.0269	71471	78945.1349	-0.0746872108442321	-0.180366292570938
chrX	1120481	2202106	8432	126901	129663.3973	158288	161407.8284	2.33912521442245e-05	0.00967803126042983
chrX	2207544	2342971	42	283	702.957	566	715.224	-0.972108726762812	-1.27188851699477
chrX	2346040	13022945	98681	1451499	1511166.1552	1851896	1896916.8805	-0.0205327681767021	-0.0173728460480435
chrX	13022946	13023772	11	0	165.337	217	214.423	-33.2163483819377	-33.1785350771896
chrX	13023773	20857298	71369	1039518	1096026.915	1319229	1368187.1309	-0.020865373227749	-0.0356226152721648
chrX	20857299	20898884	536	6729	8277.0776	7377	10258.1795	0.179871785341458	-0.257983490152853
chrX	20898885	22594729	14872	219082	227467.3337	277315	285796.4446	-0.00779353878796581	-0.0134425488129266
chrX	22594730	22608838	81	363	1220.2436	1181	1573.1412	-1.33255596117412	-1.70838185952341
chrX	22608839	23792750	9846	139378	150448.6623	180144	189554.6092	-0.0338729177246539	-0.0695225490782687
chrX	23792751	23823061	93	630	1414.35	16	1797.86	5.64828207247186	-1.12596957295855
chrX	23823062	35254506	112879	1655720	1721272.2532	2126619	2176772.7014	-0.0194548383957413	-0.0152707160364133
chrX	35254507	35283916	236	2085	3698.6342	3416	4406.3194	-0.456746572159034	-0.786199367387316
chrX	35283917	37714156	25719	369911	391527.8371	475225	497038.164	-0.0142582187910657	-0.0411908106406492
chrX	37714157	37723505	16	2	241.503	149	314.864	-5.8335482399621	-6.87515141129724
chrX	37723506	44830389	64003	915454	971671.9472	1194564	1239908.9459	-0.0292993272603977	-0.0452360511938021
chrX	44830390	44904888	978	15429	14963.6399	17840	18677.0479	0.113266798462377	0.084929278385665
chrX	44904889	52252045	70735	1024052	1068248.5303	1366927	1377585.177	-0.0468204641900553	-0.0202124849857568
chrX	52252046	52538436	3234	36645	48420.8	63810	63480.8	-0.406540208728092	-0.361264679288291
chrX	52538437	101349296	464729	6642258	7047845.213	8698501	9015430.2833	-0.0309463667739915	-0.0447626064485476
chrX	101349297	101380775	387	2706	5874.718	7016	7494.905	-1.02016375031763	-1.07761188934199
chrX	101380776	112386400	109167	1585039	1660388.4054	2043036	2110941.9562	-0.01689757311955	-0.0262565524031924
chrX	112386401	112394903	71	996	1176.2261	1951	1185.9727	-0.955158171468181	-0.199201889549542
chrX	112394904	150611837	366744	5309123	5571772.5614	6888099	7099486.1369	-0.0231215084879473	-0.0289169310646121
chrX	150611838	150631024	75	2639	1141.4997	742	1452.008	2.18055174703089	1.2498067420057
chrX	150631025	159908182	79943	1168833	1222032.9708	1489580	1538858.3075	-0.0143270352179619	-0.0234685223176243
chrX	159908183	159969947	356	4858	5456.3507	7097	6859.99	-0.213644150790783	-0.126828012910823
