chrom	start	end	binNum	tumor	tumor_expect	normal	normal_expect	log2.copyRatio	log2.TumorExpectRatio
chr1	987	31272479	310313	6534066	6811168.8901	5762469	5951330.4998	-0.00993009271622925	-0.0184856119744974
chr1	31272480	31385444	126	1106	2785.679	10	2424.836	6.59253182572282	-1.29124187035834
chr1	31385445	31518544	1297	28163	28672.456	24773	24983.726	-0.010178269854711	0.0155713014243664
chr1	31518545	31522345	49	609	1091.92	1010	952.481	-0.923479969035662	-0.800917260681381
chr1	31522346	35816514	52510	1133395	1134602.8664	985422	991377.9049	0.0106228855539462	0.0398990956175055
chr1	35816515	35819214	36	459	766.341	0	674.856	32.4832547408747	-0.698056573238481
chr1	35819215	36025388	2435	52985	52647.591	46712	46159.958	-0.0044687004791089	0.0506522391189897
chr1	36025389	36026796	18	186	387.609	1	341.478	7.35981545880595	-1.01786368158359
chr1	36026797	38433761	20490	435764	445702.9385	376207	389896.6226	0.0224956390990079	0.00890030905192993
chr1	38433762	38496784	4	144	89.182	24	76.9993	2.37652140839657	0.732680118935816
chr1	38496785	51387805	133909	2829704	2906641.8609	2472779	2541676.3578	0.00441098841338118	0.00273359271228332
chr1	51387806	51388984	15	197	323.142	36	286.279	2.28084651856325	-0.672536879199429
chr1	51388985	61509137	90101	1890623	1969289.6431	1650010	1716662.0834	0.00178383615121259	-0.0173778408922944
chr1	61509138	61511611	30	366	666.416	1	580.317	8.3195840397769	-0.823143623794638
chr1	61511612	62958059	12578	270214	280330.8582	238533	243990.7359	-0.016924505841281	-0.0115923716139944
chr1	62958060	62995084	43	737	948.623	90	827.476	2.84001646404623	-0.32273446218561
chr1	62995085	63000821	19	437	429.5	1	372.857	8.57091984295128	0.0664109147613197
chr1	63000822	63010649	3	51	68.2359	47	59.2332	-0.0828223139097954	-0.37859795042281
chr1	63010650	63097769	173	1676	3911.405	78	3388.571	4.22186041527198	-1.18122900965985
chr1	63097770	63104322	60	1387	1345.344	901	1172.217	0.427099461068161	0.0854284417682638
chr1	63104323	63132023	146	1379	3247.06	0	2831.221	31.9872354941074	-1.19407581990698
chr1	63132024	65094497	9668	192825	210388.6372	168353	183495.0388	0.00195308116319971	-0.0843289114582122
chr1	65094498	65111385	90	890	2015.6605	5	1745.4782	7.27156918640265	-1.1379396567503
chr1	65111386	65186757	404	8702	8937.586	7758	7802.393	-0.0268401785854627	0.00289756441593128
chr1	65186758	65197843	30	426	685.9397	7	594.3579	5.72407099044024	-0.645792559727491
chr1	65197844	65253912	96	1929	2163.9766	1262	1879.6766	0.412406932236779	-0.124395988967312
chr1	65253913	65292422	227	2781	5073.38	146	4428.74	4.05897867714366	-0.825907712260879
chr1	65292423	65370926	327	6993	7329.343	5835	6356.4019	0.0591714452562118	-0.0263366098289763
chr1	65370927	65420838	19	155	429.948	3	372.45	5.48751259680099	-1.43045820166092
chr1	65420839	70886171	30997	646900	682252.5832	569335	594833.8566	-0.0100881352669182	-0.0353274727970304
chr1	70904589	71083403	46	453	1010.63	51	882.03	2.95805274733781	-1.11623618935568
chr1	71083404	71804812	6710	134981	145135.7461	117898	126860.1462	0.00451925308605217	-0.0632107772349809
chr1	71804813	71808502	9	3	198.652	87	172.249	-5.06026256988004	-6.00770123159005
chr1	71808503	81444235	80108	1682315	1744144.7658	1450548	1505290.3656	0.00483797398405733	-0.0106361598725038
chr1	81444236	81446562	30	0	641.674	335	562.37	-33.2158148171358	-33.1778451826162
chr1	81446563	82600166	11491	242680	247337.7339	204728	209269.1711	0.00769035892135658	0.014008628491156
chr1	82600167	82600920	10	0	210.865	103	184.563	-33.2158148171358	-33.1778451826162
chr1	82600921	96094217	125564	2652770	2718209.9901	2311199	2352924.2259	-0.00587780897771522	0.00627845005199155
chr1	96094218	96198463	26	284	564.345	29	495.082	3.106322358527	-0.949250696172685
chr1	96198464	96702923	99	1299	2160.7568	811	1889.5863	0.489627451247608	-0.692699504169881
chr1	96702924	97687380	12335	268989	268194.781	234020	235353.404	0.0159290328797097	0.0457017799634317
chr1	97687381	97692228	53	3444	1172.9	1091	1017.34	1.45662207202658	1.59544089282237
chr1	97692229	97694760	29	697	645.633	543	559.94	0.158230513766269	0.151880102048061
chr1	97694761	97904850	2002	43651	44032.4903	37265	38398.4152	0.0341379058780534	0.0288820317187642
chr1	97904851	97911691	68	1591	1495.39	6995	1310.69	-2.32311937534042	0.13084781149179
chr1	97911692	107475361	99542	2136312	2158219.4092	1846198	1867227.1852	0.0050871384334647	0.0267165890315375
chr1	107475362	107478910	37	442	844.942	697	730.302	-0.864005285868855	-0.893370176624537
chr1	107481820	108568106	9768	208756	217665.0363	181750	189609.2045	0.00424774729130577	-0.0188562548546096
chr1	108568107	108575858	86	1004	1934.41	3	1688.28	8.19370768980082	-0.90469857195727
chr1	108575859	109299312	7165	151143	159693.1893	132901	139167.0022	-0.00945727427783894	-0.0379528547589481
chr1	109299313	109308335	107	1288	2389.18	2246	2075.38	-1.00189923576587	-0.849947190059834
chr1	109308336	109580615	1476	29664	33023.9874	25724	28743.2184	0.00877157127981808	-0.113365409932744
chr1	109580616	109616858	16	186	364.267	0	316.796	32.2530533988564	-0.928257915215143
chr1	109616859	130372691	177373	3727587	3898772.6418	3233902	3398177.2182	0.0101732627459455	-0.0233422348716488
chr1	130372692	130380715	45	663	994.52	334	851.283	0.76826533515793	-0.543555747430551
chr1	130380716	132491007	24950	540620	548236.6098	481819	479692.9194	-0.0230977955575346	0.0212519803705995
chr1	132491008	132493933	39	426	860.906	0	754.054	32.2077447888147	-0.973566525247842
chr1	132493934	148462169	164925	3478327	3590662.141	3036622	3133308.3547	0.00282921140181462	-0.00442057653292164
chr1	148462170	148629153	138	603	2970.5756	1109	2277.3231	-1.25896684012262	-2.25907683082893
chr1	148629154	148651923	164	2076	3509.7171	2046	2879.8141	-0.260912632068085	-0.71611253689241
chr1	148651924	148663094	35	295	751.922	895	579.309	-1.97395653005681	-1.30843229180119
chr1	148663095	154086564	49970	1072189	1111668.4916	937659	968738.1293	-0.001657882091602	-0.0107316235107368
chr1	154086565	154087852	8	5	171.905	143	151.727	-5.01461077531599	-5.06210383108208
chr1	154087853	158017849	35587	767010	786240.6991	669549	686507.4817	0.0038262755409017	0.0057101079827716
chr1	158017850	158028825	98	1839	2158.06	724	1888.004	1.15545285373778	-0.189377730094761
chr1	158028826	158038622	106	2498	2367.933	1496	2060.263	0.542329686853528	0.118580982447151
chr1	158038623	158044872	83	1763	1839.01	1571	1607.28	-0.0244926199662074	-0.0194610836600492
chr1	158044873	158045547	9	0	202.03	90	175.288	-33.2158148171358	-33.1778451826162
chr1	158045548	167755696	114954	2477376	2510565.8995	2150610	2181506.0193	0.0048449151159531	0.0222360198593063
chr1	167755697	167756296	8	2	181.75	82	157.924	-5.55681079362377	-6.46437577455171
chr1	167756297	179796274	120970	2590083	2643088.0149	2250913	2304731.724	0.00832852559190142	0.0122096290980019
chr1	179796283	180399051	169	264	3707.6678	64	3227.3487	1.8476977195738	-3.77046638403573
chr1	180399052	181243840	701	7619	15643.1677	8380	13576.0079	-0.33835583164112	-0.996423357247773
chr1	181247102	183115484	1346	22884	30049.1513	17513	26077.6819	0.184870527273427	-0.351549228496943
chr1	183115485	215003303	340251	7266237	7356037.0564	6287638	6417141.8565	0.0151585229726348	0.0237154413264219
chr1	215003304	215004133	11	6	242.566	91	212.567	-4.10982570766186	-5.29583526186167
chr1	215004134	215451956	3031	58608	65145.7874	51380	56614.6723	-0.00913905202977745	-0.111138518517033
chr1	215451957	215453375	18	0	387.147	185	340.585	-33.2158148171358	-33.1778451826162
chr1	215453376	215453900	7	146	148.374	126	131.643	0.0434032699675635	0.0181658289776021
chr1	215453901	215465787	143	3	3099.26	1301	2716.09	-8.94736904696265	-9.97130965776174
chr1	215465788	224280532	91696	1961892	1977464.6866	1666222	1695691.4726	0.0173528920589271	0.0300294599682523
chr1	224280533	224294611	17	417	372.607	8	327.18	5.51979948277985	0.203828372259717
chr1	224294612	232975571	82852	1762026	1820758.0841	1526931	1584499.1374	0.00955409770468192	-0.00586827181930719
chr1	232975572	232976046	6	18	130.607	120	114.336	-2.92545195881753	-2.81772764252704
chr1	232976047	233200861	2532	52163	54866.4112	45021	48077.2181	0.0253250809547838	-0.0314606018415955
chr1	233200862	233203420	34	624	738.92	0	647.887	32.9788749318646	-0.202436382318669
chr1	233203421	258505325	272497	5847437	5957721.3213	5120625	5211181.5815	0.00180051934273281	0.0144795379568983
chr1	258505326	258541418	38	404	821.062	39	717.345	3.1814513619209	-0.981700107317422
chr1	258541419	264121274	48169	1036311	1044080.4754	901160	906143.0139	0.000645727703507649	0.0306598755428458
chr1	264121275	264121874	8	73	170.863	0	147.557	31.9958754312617	-1.18543588275474
chr1	264121875	269490111	58754	1281505	1274380.7073	1114196	1105522.1817	0.000233838478699927	0.049478542600234
chr1	269490112	269492961	38	2	840.136	330	734.113	-7.5574767935172	-8.67304325109608
chr1	269492962	281948360	134298	2863343	2923628.9906	2503303	2550181.7123	0.000173512417662679	0.0113760231341407
chr1	281948361	281957812	111	656	2439.5152	0	2134.6958	31.3279203282089	-1.85339098560866
chr1	281957813	282763000	8252	173891	179277.7742	150099	156984.8426	0.0241636584437731	-0.00257761042837987
chr2	0	5687042	37313	816657	828249.7699	716521	721482.1644	-0.00691475667876662	0.0211001353938619
chr2	5687043	5692478	34	388	754.867	0	658.909	32.2625812546033	-0.918730059470056
chr2	5692479	6036545	3443	77152	76301.879	69221	66632.7519	-0.0355272034032835	0.0574207373382522
chr2	6092261	6093389	15	147	326.171	0	287.426	32.0729347185407	-1.10837659549326
chr2	6108381	18639309	130337	2867904	2908142.4222	2498612	2531812.0759	0.00240837530160975	0.021334573632214
chr2	18639310	18639834	7	138	155.63	0	136.131	33.0492951595309	-0.132016154660494
chr2	18639835	19192565	6241	136174	138828.4375	121467	121039.0766	-0.0294772451974057	0.0135839205024058
chr2	19192566	19194729	28	0	619.012	297	537.61	-33.2158148171358	-33.1778451826162
chr2	19194730	20603729	15049	317519	330029.4361	282160	288558.9062	-0.0199332732729306	-0.01431601735132
chr2	20603730	20614597	41	0	895.569	302	787.65	-33.2158148171358	-33.1778451826162
chr2	20614598	27876207	79106	1648236	1714120.0294	1452437	1497737.4643	-0.0087700061525029	-0.0151095424769204
chr2	27876208	27876756	7	0	148.575	70	131.985	-33.2158148171358	-33.1778451826162
chr2	27876757	52403899	260190	5512939	5703594.473	4840732	4984813.1897	-0.00326942380596901	-0.00761400476964221
chr2	52403900	52409079	62	610	1348.77	1165	1185.53	-1.1160948569312	-1.10332743825839
chr2	52409080	56167088	38294	807381	841868.7278	706540	735844.8799	0.00175090700353988	-0.0189098892037799
chr2	56167089	56172563	73	824	1569.3	1382	1384.02	-0.92383162616879	-0.88796916679642
chr2	56172564	60853753	48041	1030812	1053729.3745	904816	921393.1823	-0.0020645413602019	0.00971261126699488
chr2	60853754	60860180	78	889	1697.73	0	1487.67	32.289395367934	-0.891915946144524
chr2	60860181	61117217	2965	62264	64454.4527	54502	56499.1206	0.00550360691655976	-0.00844599893290194
chr2	61117218	61121276	54	530	1173.39	1	1034.33	8.8713284766771	-1.10518257070646
chr2	61121277	76070530	164438	3563244	3675182.762	3112856	3198682.9953	-0.00191940316045247	-0.00318895047452335
chr2	76070531	76074806	57	1353	1281.72	541	1117.45	1.12805662116569	0.119516475367677
chr2	76074807	135528374	596669	12643356	13173951.9239	11072405	11494556.0672	-0.0018604718064418	-0.0178729666301065
chr2	135528375	135553708	332	3491	7529.266	5979	6521.33	-0.980140724415687	-1.06743310534579
chr2	135553709	137354863	15758	342014	354181.0658	303164	307757.0747	-0.0252720010656767	-0.00899594097599915
chr2	137354864	137356729	21	0	448.207	204	391.776	-33.2158148171358	-33.1778451826162
chr2	137356730	140466700	35309	756353	781528.8428	665011	681625.2941	-0.00817260116272696	-0.00580363476919603
chr2	140466701	140467380	8	4	174.519	131	153.469	-5.2153937091899	-5.40580452938037
chr2	140467381	146619625	69074	1476063	1506070.1202	1300573	1317615.0043	-0.00678700068508207	0.0124011238037481
chr2	146619626	146621200	21	0	469.099	187	408.801	-33.2158148171358	-33.1778451826162
chr2	146621201	148566259	19302	408777	425161.6637	364226	371479.7516	-0.0247816965836582	-0.0152617255526963
chr2	148566260	148568919	33	1418	726.248	644	637.092	0.953230506836661	1.00675910828277
chr2	148568920	151284389	29441	624773	649314.6993	543653	566920.4613	0.00834060027223818	-0.0141499955538991
chr2	151284390	151285454	14	176	312.868	1	273.013	7.26631325234518	-0.788542912540347
chr2	151285455	151522233	2558	55458	56951.589	49084	49577.586	-0.0204391712130125	0.00309526036769054
chr2	151522234	151529733	55	652	1236.07	1094	1069.02	-0.952674339349181	-0.881380810858627
chr2	151529734	159863655	61192	1277627	1351251.0575	1119179	1179786.2727	-0.00127817820849662	-0.0393932740601509
chr2	159863656	159957721	62	599	1332.9874	176	1168.6384	1.58061216182844	-1.11259946877994
chr2	159957722	160700849	246	5961	5377.0405	3566	4678.8861	0.544066572947035	0.190177801627779
chr2	160700850	160729202	96	2863	2095.337	761	1836.003	1.72441156300911	0.491781140685378
chr2	160729203	161514134	168	1438	3737.0869	768	3251.4421	0.707517212490578	-1.33641466927311
chr2	161517622	161565912	161	2990	3568.427	2845	3015.342	-0.167783653822028	-0.213707008442177
chr2	161572532	162953298	389	6106	8552.6024	4470	7434.7738	0.251344266852753	-0.444700116428101
chr2	162953299	182819502	198582	4256850	4407708.0603	3722826	3842840.9358	-0.00100121270345919	-0.00880665104232856
chr2	182819503	182821909	26	252	561.808	488	494.499	-1.13410084686811	-1.11521766790903
chr2	182821913	183182872	4518	97594	97901.5	85722	85526.835	-0.00436073529807947	0.0368972569128018
chr2	183182873	183200953	48	97	1049.6742	0	922.6021	29.7869340273701	-3.39437728542281
chr2	183200954	183635110	5442	115774	117602.992	101381	102474.3213	-0.00367220216189998	0.0188222971853357
chr2	183635111	183636955	22	255	476.085	0	419.731	32.3220251530473	-0.859286161037372
chr2	183636956	187744094	47672	1000310	1035835.0608	876627	901818.4793	-0.00600704026533263	-0.00891136398516091
chr2	187744098	187748374	47	533	1007.02	4	888.477	6.88077182087564	-0.87644913176063
chr2	187748375	194433280	59170	1259186	1293554.0459	1091956	1123151.7603	0.00525535843113274	0.00258683971294729
chr2	194433758	194453097	68	1142	1487.2804	151	1303.0243	2.73159564815337	-0.33967825011886
chr2	194455549	194485964	247	2257	5400.648	2	4729.708	9.95227509149405	-1.21729033516208
chr2	194485965	196892546	15188	317029	328893.2683	276719	286109.326	-0.00139371299251317	-0.0115688974765029
chr2	196892547	196946661	26	367	567.4819	114	494.1399	1.49055754474944	-0.587358548411117
chr2	196951786	198088284	5726	116497	124234.7152	101412	108100.5306	0.00283579863216285	-0.051339795710232
chr2	198088285	198088809	7	87	149.339	0	128.276	32.4432434110381	-0.738067903068339
chr2	198088810	202656060	48360	1018896	1049061.8692	890879	916571.0082	0.00239032467646246	-0.000657196709963573
chr2	202656061	202659208	32	755	715.52	2	620.258	8.35767526582922	0.118920317538093
chr2	202659209	203662923	12258	257453	265343.0634	224439	231491.9198	0.00455482615547806	-0.00211398649442426
chr2	203662924	203663374	6	0	126.805	58	107.561	-33.2158148171358	-33.1778451826162
chr2	203663375	215240914	125182	2657908	2733837.4944	2320302	2383130.4596	0.00137515069126609	0.000799446511953517
chr2	215240915	215247492	32	0	732.969	308	634.744	-33.2158148171358	-33.1778451826162
chr2	215247493	238522160	250387	5344213	5514578.3227	4688397	4815397.9727	-0.00324663444438451	-0.00383729733164667
chr2	238522161	238523135	13	94	277.99	0	242.632	31.6584467560041	-1.52286455792336
chr2	238523136	244489768	70756	1500540	1550402.6005	1318706	1355085.4432	-0.0044341223424452	-0.00572535183097296
chr2	244489769	244492256	12	2	265.78	232	232.392	-7.04818698458506	-7.01265294994356
chr2	244492257	244507514	199	4467	4398.44	3896	3844.71	0.00666155910987225	0.063750088956333
chr2	244507515	244508639	15	0	325.949	321	286.814	-33.2158148171358	-33.1778451826162
chr2	244508640	244511458	32	752	722.906	574	628.813	0.191971036034629	0.0983603636266269
chr2	244511459	244512690	16	1	361.358	314	314.15	-8.49312981916441	-8.45584920544274
chr2	244512691	246005843	15484	341849	344014.8938	300075	300096.9752	-0.00554004150750231	0.0323239450641696
chr2	246005844	246006612	10	0	217.942	95	189.73	-33.2158148171358	-33.1778451826162
chr2	246006613	246889108	9893	217988	220998.7342	191199	192417.4873	-0.00715831390322716	0.0216463784038215
chr2	246889109	246892433	35	344	789.618	699	686.083	-1.22218951702314	-1.15731054608835
chr2	246892434	249204195	25828	545989	569301.4924	479582	497437.9615	-0.00411576630622597	-0.0188852297231395
chr2	249204196	249205395	16	1	356.142	173	311.392	-7.62488277059347	-8.43487295560167
chr2	249205396	252863915	44744	948941	971865.7486	834327	850300.2561	-0.00361307543358662	0.00699712062379405
chr2	252863916	252864517	8	123	175.667	0	154.739	32.7085621974755	-0.472749116672534
chr2	252864518	264157630	132414	2851988	2899750.8202	2517184	2535691.2012	-0.00992650381111657	0.0174747452414479
chr2	264157631	264159730	28	363	603.71	0	532.622	32.4888609303306	-0.692450383783489
chr2	264159731	265197437	10936	233580	242445.1615	206181	211463.3266	-0.0137794882007055	-0.0123059451000947
chr2	265197438	265200456	8	106	181.017	1	156.974	6.52578699264798	-0.730625161397473
chr2	265200457	266433159	13239	281653	295371.1663	249537	257046.4702	-0.0223685746153044	-0.0271743944062433
chr3	534	14421969	145572	3116703	3144185.8239	2664571	2694049.4819	0.00667340355670571	0.0287699646194998
chr3	14421970	14424296	31	331	668.603	0	585.155	32.2084284693482	-0.972882844714447
chr3	14424297	14651739	2747	55924	59069.2884	48673	51138.5453	-0.00418512342832873	-0.0375049116040568
chr3	14651740	14652980	16	0	344.746	300	292.563	-33.2158148171358	-33.1778451826162
chr3	14652981	15645058	11409	245101	245104.2016	211007	211121.5264	0.00423011322535653	0.0414169215080226
chr3	15645059	15655644	54	786	1192.7	354	1043.93	0.962039852425613	-0.560194223302393
chr3	15655645	15711000	439	9044	9693.2202	8089	8471.022	-0.0299742261081066	-0.0585792667670165
chr3	15711001	16048911	2918	65244	64766.017	55626	56481.5468	0.0360945740658859	0.0520439768544806
chr3	16048912	16750838	5433	104756	120349.6786	89352	105006.1985	0.0361692860502076	-0.158763644575026
chr3	16750843	17010276	542	9784	12080.0238	10895	10521.3515	-0.351007017594666	-0.262691221642597
chr3	17010277	20902250	24553	478062	548728.6909	411385	477384.7185	0.0192340491133795	-0.15745951041843
chr3	20902251	23690889	29541	630828	648363.4686	547620	563444.7047	0.00500892001847898	0.00187965765718475
chr3	23690890	23695375	59	0	1298.38	598	1139.51	-33.2158148171358	-33.1778451826162
chr3	23695376	23971686	2301	44421	51055.4391	39798	44465.3756	-0.0373702210162525	-0.159387026785324
chr3	23971687	23988296	103	853	2277.9864	1438	1966.0749	-0.962420747277204	-1.37570572061672
chr3	23988297	25762776	19351	417937	434077.0249	364924	377226.6165	-0.00336400888316402	-0.013229812104422
chr3	25762777	25763613	10	2	229.991	117	197.356	-6.08767560444714	-6.80399781370788
chr3	25763631	27897963	25045	556524	561352.2133	480147	488167.854	0.0149049138406178	0.0289734157140514
chr3	27897964	27908844	10	3	226.935	107	197.285	-5.35503621109402	-6.1997370437331
chr3	27908845	27928047	203	4602	4565.27	4000	3956.83	-0.0006279884083832	0.0529965631063426
chr3	27928048	27930794	28	0	623.075	281	544.408	-33.2158148171358	-33.1778451826162
chr3	27930795	28349864	4318	96245	96317.5772	82430	83870.0466	0.027364785488383	0.0403482573644253
chr3	28349865	28351372	17	50	380.331	175	330.376	-2.00703543818559	-2.88581976752103
chr3	28351373	32337767	44445	953410	986616.3694	830843	860467.1459	0.00461788968197945	-0.00795670009773467
chr3	32337768	32340992	42	440	929.685	0	814.212	32.1435086256874	-1.03780268836186
chr3	32340993	33558204	14030	295277	310281.298	257944	270964.7342	0.00300558466467424	-0.0300719905299049
chr3	33558205	33558665	6	81	133.818	0	116.91	32.4984687062612	-0.682842607854545
chr3	33558666	33624542	844	18125	18277.9	16021	16037.3	-0.00718612483169566	0.0293164369562567
chr3	33624543	33626990	16	136	349.802	14	307.613	3.09815198402482	-1.3214961198171
chr3	33626991	33627665	9	197	196.024	151	172.779	0.205010791092847	0.0486010960213185
chr3	33627666	33631916	39	432	854.316	0	745.87	32.2390085909432	-0.942302723125603
chr3	33631917	40587877	81942	1748715	1804733.0029	1534736	1576742.3005	-0.00306772357232675	-0.00405446769615262
chr3	40587878	40596794	109	1184	2429.44	2190	2115.29	-1.08356399341302	-0.995518955064018
chr3	40596795	42578582	19639	419822	438847.4891	367721	382006.9899	-0.00548828310909559	-0.022506116064787
chr3	42578583	42581850	33	782	732.903	321	638.854	1.08992543562208	0.134982104187165
chr3	42581851	44133207	14066	301443	310346.6995	266990	271091.482	-0.0165353679459541	-0.000559808681931638
chr3	44133208	44136057	38	0	829.649	350	729.609	-33.2158148171358	-33.1778451826162
chr3	44136058	45260856	11765	247272	256980.7437	217772	224846.1411	-0.00597558957146381	-0.0141256073094257
chr3	45260857	45261688	11	0	240.684	201	202.075	-33.2158148171358	-33.1778451826162
chr3	45261689	54976990	114355	2461519	2521644.6138	2153650	2201653.195	0.000453465909057419	0.00661967712392103
chr3	54976991	54977293	4	92	85.1974	0	75.4431	33.3335715379068	0.152260223686304
chr3	54977294	55124864	1677	33408	36447.5349	28617	31904.0297	0.0347047260527877	-0.0841918588862826
chr3	55124865	55126076	16	2	355.434	242	309.01	-7.11732525196903	-7.43200209073953
chr3	55126077	56515154	17430	374229	379676.5652	329334	332423.9885	-0.00391042860398221	0.0205861734379633
chr3	56515155	56517668	33	2	699.974	289	617.895	-7.35139916348704	-8.40972170827149
chr3	56517669	66812094	118866	2537482	2588409.7845	2232771	2263449.5723	-0.005514442272759	0.0127673188671435
chr3	66812095	66815544	46	494	1035.14	1	899.698	8.74952005282004	-1.02580718820043
chr3	66815545	87324081	207593	4479523	4592826.4036	3911702	3994283.6211	-0.00243069721181753	0.00539862750792215
chr3	87324082	87329137	56	662	1258.5	1204	1083.23	-1.07583175459355	-0.885366327822106
chr3	87329138	87808708	5318	117113	119443.0193	103955	103906.8347	-0.0256237749106184	0.0130144561868168
chr3	87808709	87812952	56	594	1272.84	1105	1100.1	-1.10246180901243	-1.05808047661729
chr3	87812953	89248679	14946	318777	336216.0511	280150	291977.3585	-0.0137179213029569	-0.0354052931427112
chr3	89248680	89252452	50	629	1121.17	1023	975.8	-0.898555749328629	-0.79243735797724
chr3	89252453	111228954	236394	5069008	5197713.8422	4434459	4536941.3374	0.000254261493350634	0.00526199815265063
chr3	111228955	111230553	21	213	467.472	0	408.039	32.0887205560535	-1.09259075798392
chr3	111230554	111435125	2523	53703	55075.1968	47397	48228.4278	-0.00784589594284773	0.0050357047408098
chr3	111435126	111437156	25	264	541.291	1	477.945	7.86830038964098	-0.994430704545761
chr3	111437157	117537047	66255	1418404	1446256.498	1239401	1262138.7093	0.00163863430938288	0.0133808349161549
chr3	117537048	117537730	9	0	190.491	80	166.805	-33.2158148171358	-33.1778451826162
chr3	117537731	143278105	290724	6219626	6347049.9163	5439809	5547902.6501	0.00259424905409972	0.012177408170686
chr3	143278106	143350179	395	7817	8795.461	7554	7639.984	-0.150349193575627	-0.128708392037242
chr3	143350180	143406556	218	2608	4825.8246	4311	4208.1116	-0.919215075504542	-0.846395844046157
chr3	143406557	143647848	1555	31700	34847.781	28189	30279.9874	-0.0298855149794227	-0.0951481858347124
chr3	143647849	143675801	158	2976	3507.396	1457	3038.7619	0.826923092296472	-0.195590033349941
chr3	143675802	143719751	387	3259	8685.622	5605	7553.07	-0.980384899418605	-1.37276404906401
chr3	143719752	143727284	28	297	621.789	188	540.3236	0.460595002900883	-1.02452639676185
chr3	143727285	143812890	205	2463	4552.4882	3837	3979.2452	-0.830256482771325	-0.844802883396147
chr3	143812902	143825296	46	1158	1026.132	610	889.55	0.722151512428197	0.215854690817906
chr3	143825297	143857642	119	2097	2638.8629	1742	2299.7648	0.0726182930085667	-0.290153770677012
chr3	143857643	143930460	529	23933	11770.801	10380	10241.491	1.00787420350125	1.06522451752414
chr3	143930461	143943509	108	2238	2410.7043	2002	2101.2155	-0.033996373194457	-0.0658088962902907
chr3	143943510	144071376	771	28583	17277.2154	12100	15029.942	1.04258515764766	0.767722397906002
chr3	144071377	144379666	1618	31284	36072.1127	27443	31377.581	-0.00869686948671172	-0.164023167372156
chr3	144379667	144384523	63	765	1400.35	1264	1221.65	-0.917955119136109	-0.830820036414349
chr3	144384524	145254908	10541	233817	232756.3258	200443	203411.0635	0.0312316947381884	0.0479952157300424
chr3	145254909	145263830	47	538	1007.19	814	884.242	-0.781779187552065	-0.863222019857531
chr3	145263831	145668589	2271	47512	49973.8438	42550	43578.1221	-0.0349702233150663	-0.0314454848666462
chr3	145668590	145683056	163	1433	3584.1114	2287	3107.7397	-0.87670143308327	-1.28114110317775
chr3	145683057	146268538	4187	88140	91836.5569	77198	80248.9266	0.00011309783270059	-0.0178358910505255
chr3	146268539	146288852	31	335	671.78	595	587.638	-1.01832359401984	-0.962391982680777
chr3	146288881	149739201	42269	896004	910542.9364	772609	787539.9848	0.0078589460628622	0.0182138905841239
chr3	149739202	149754312	88	302	1920.994	0	1687.028	30.5535145223531	-2.62779679108325
chr3	149754313	159982328	113315	2398675	2447489.7731	2094165	2128443.1702	-0.00217554853632123	0.0123706329038125
chr3	159982329	159982703	5	0	106.771	100	93.368	-33.2158148171358	-33.1778451826162
chr3	159982704	160130514	1925	41424	41439.7268	35029	35908.4312	0.0386913319116023	0.0408881449630556
chr3	160130515	160130739	3	0	64.1078	65	54.0393	-33.2158148171358	-33.1778451826162
chr3	160130740	160754644	6193	130613	133188.0666	113174	115429.0591	0.00376370979223747	0.0132694374055617
chr3	160754676	160766157	23	24	500.534	494	439.036	-4.54906742438247	-4.34092599077744
chr3	160766158	160771018	3	53	67.7299	66	59.044	-0.511009937014538	-0.31236473957037
chr3	160771019	160792930	98	12	2113.43	1789	1858.35	-7.40207310097656	-7.41897232119186
chr3	160792931	168858270	88568	1828755	1904376.9756	1600909	1639616.2298	-0.0205242787545304	-0.0170215163138163
chr3	168858271	168859470	16	188	349.095	0	307.481	32.3298600488344	-0.85145126525175
chr3	168859471	170586587	16974	361405	365899.241	314796	318588.5706	0.00291347636796962	0.0236058092397056
chr3	170586588	170586887	4	120	86.7376	2	72.2762	5.64721985419728	0.509740742212459
chr3	170586888	170990001	5086	99986	109436.9698	87510	92836.3562	-0.0415940373463816	-0.0888664141400375
chr3	170990002	170991374	18	0	383.209	314	327.099	-33.2158148171358	-33.1778451826162
chr3	170991375	171475985	5486	113473	118139.3741	99391	100047.1202	-0.0451821654682255	-0.0167050468050473
chr3	171475986	171476963	13	0	280.492	133	245.623	-33.2158148171358	-33.1778451826162
chr3	171476964	177699918	66512	1411374	1432413.0379	1204636	1235393.1975	0.0184919276605363	0.0200885494452768
chr4	784	24179644	255134	5474437	5612226.7652	4768759	4890866.5208	0.00407964907070124	0.00557306659919486
chr4	24179645	24185918	82	964	1853.66	4	1608.9	7.71205342134018	-0.901835829692142
chr4	24185919	49571296	264735	5707275	5864291.5324	4999567	5115765.7987	-0.00254154812820242	0.00228101991148411
chr4	49571297	49572826	13	154	284.245	6	249.819	4.49903839942035	-0.842768854228997
chr4	49572827	49692139	1369	27622	29948.4531	25073	26236.0586	-0.047781195094522	-0.0752279370882731
chr4	49692140	49694308	12	126	264.194	0	230.094	32.1545731118266	-1.02673820222495
chr4	49694309	49902057	2356	50671	52035.5457	44749	45442.3408	-0.0126893293481925	0.00309859629879831
chr4	49902058	49905211	42	463	933.986	0	816.358	32.2103583493033	-0.970952964759734
chr4	49905212	54483183	50771	1084275	1128607.0515	951156	983604.2199	-0.00595048308732241	-0.0163767945941501
chr4	54483184	54483783	8	1	181.164	88	156.574	-6.66641710638984	-7.45971669613445
chr4	54483784	60157517	69400	1492741	1508137.0894	1301059	1315659.6144	0.00476232583351337	0.0266320615827257
chr4	60157518	60158561	9	97	190.33	1	167.945	6.42286481596228	-0.93101055958004
chr4	60158562	71856741	126662	2688719	2770906.3563	2341545	2420993.8893	0.00816583619662091	-0.00200320290990327
chr4	71856742	71860217	39	0	871.183	444	753.577	-33.2158148171358	-33.1778451826162
chr4	71860218	74378430	24386	523523	541650.4104	460692	472122.3363	-0.0102847681862827	-0.007673327062694
chr4	74378431	74380197	23	239	502.584	458	442.41	-1.11885159542097	-1.03091835830199
chr4	74380198	75006701	7015	151750	157181.345	132807	136729.0995	-0.00527822569744287	-0.00929771923143645
chr4	75006702	75007676	13	144	284.909	0	250.404	32.2383146965552	-0.94299661751342
chr4	75007677	119350033	451409	9659175	9911790.5024	8433991	8642368.6657	0.00143170183826721	0.00419004396396185
chr4	119350034	119350708	9	117	196.43	0	172.939	32.4752403266637	-0.706070987448188
chr4	119350709	136874057	199209	4272802	4334760.6991	3737801	3778502.7625	-0.0016788398331915	0.0206658795181474
chr4	136874058	136874507	6	9	138.172	103	119.417	-3.7235664504349	-3.89896070885796
chr4	136874508	142137834	58955	1269044	1303195.0471	1099979	1137824.2249	0.0139569177729988	0.00312483133517198
chr4	142137835	142139415	21	420	476.9516	149	414.7959	1.29710189053875	-0.142017777824295
chr4	142139416	172341996	313343	6643962	6813826.9583	5791499	5934409.5502	0.00221233268029163	0.00501427857299962
chr4	172341997	172345297	44	1542	981.347	904	855.987	0.576699748267963	0.693403269187624
chr4	172345298	173210044	8609	189877	190311.166	166248	166214.4734	-0.000119889877887888	0.0381407169321569
chr4	173210045	173214594	24	253	545.468	0	468.918	32.114389902521	-1.06692141152198
chr4	173214595	184224823	128706	2708299	2793279.5645	2396960	2441741.384	-0.0144022453156074	-0.00313718285650356
chr5	34651	1178920	8196	178755	182897.0271	154918	159113.8031	0.00897231654099101	0.00838773784915499
chr5	1178921	1179614	8	0	174.675	75	153.394	-33.2158148171358	-33.1778451826162
chr5	1179615	1944544	7065	152406	156194.6669	134469	136173.5822	-0.0137861336229876	0.00601027209553652
chr5	1944545	1946907	28	0	600.512	274	528.242	-33.2158148171358	-33.1778451826162
chr5	1946908	68765569	709275	15086370	15634790.8023	13185373	13629301.94	-0.000274781193212192	-0.0100784351232505
chr5	68765570	68769360	49	0	1105.08	916	955.965	-33.2158148171358	-33.1778451826162
chr5	68769361	68989963	2446	53269	54013.3	46154	47157.2736	0.0144722605194404	0.0214172703855602
chr5	68989964	68990263	4	133	89.8965	63	78.3753	0.883602756388619	0.606525159537556
chr5	68990264	68992157	25	633	560.713	0	489.017	33.3976900615254	0.216378747299112
chr5	68992158	77694100	91082	1917555	1979286.9258	1693341	1732177.3054	-0.00953259324885441	-0.00427704209334873
chr5	77696357	77697771	18	1026	386.321	416	342.354	1.13153019478382	1.45059448906967
chr5	77697772	86869565	101726	2198145	2244433.5351	1902703	1955465.4496	0.0128629763834647	0.0113709487494769
chr5	86869566	86870465	5	49	108.237	0	88.7293	32.0794069770835	-1.10190433695193
chr5	86870466	98665953	122397	2626798	2736986.9104	2280050	2381566.1004	0.00702798777507914	-0.0178475067344223
chr5	98665954	98876006	98	361	2169.2698	641	1896.0275	-1.01908899629321	-2.54570298806627
chr5	98876007	108800490	111464	2355501	2441708.9304	2071670	2136070.4009	-0.00422617005038282	-0.0104215198606522
chr5	108800491	108803416	39	2	876.872	387	762.754	-7.79387201497617	-8.73478662318221
chr5	108803417	118809342	112263	2427665	2476303.978	2115291	2162112.8526	0.00643274175444345	0.0128166973295566
chr5	118809343	118811518	29	0	619.906	343	541.509	-33.2158148171358	-33.1778451826162
chr5	118811519	120256689	17256	362208	373466.8246	316140	327399.2163	0.00979173291383915	-0.00272591528417129
chr5	120256690	120257064	5	2	105.243	78	93.0775	-5.45915599327822	-5.67614469481229
chr5	120257065	121007905	7213	149792	157032.1811	131658	137623.1818	-0.000705221849651267	-0.0266639037757181
chr5	121007906	121009626	6	0	131.827	88	114.912	-33.2158148171358	-33.1778451826162
chr5	121009627	121468974	316	5185	6945.2733	4407	6022.3386	0.032305582442807	-0.380251710610522
chr5	121468975	121470408	19	1	416.647	321	366.495	-8.50799537897773	-8.66124595564842
chr5	121470409	130242674	105455	2245160	2292011.1421	1953358	2000047.197	0.00774799861431163	0.0116399703924181
chr5	130242675	130250195	89	620	1986.8464	1048	1720.3595	-0.961602735414854	-1.63870445706057
chr5	130250196	132238371	21794	462132	481747.089	400486	420706.9727	0.0145590928798374	-0.018535191175204
chr5	132238372	132330274	543	10461	12156.808	10037	10545.214	-0.142017317764022	-0.175307935245753
chr5	132330275	132367307	83	444	1879.9539	816	1631.8225	-1.0787564906016	-2.04062993618876
chr5	132367308	132407446	73	669	1620.454	599	1410.925	-0.0368404267149826	-1.23488418471328
chr5	132407447	133055584	6008	64671	134285.4001	112545	116811.8583	-0.996960728966316	-1.01267586883265
chr5	133055585	137582064	48039	1004030	1037510.1278	873570	899348.8228	-0.00189943293522686	-0.00588727612873699
chr5	137582065	137592699	97	2235	2104.38	2657	1848.56	-0.43305063763948	0.128315353906128
chr5	137592700	140256151	28515	590986	616813.6033	515792	534301.3671	-0.00738018517473516	-0.0202748621283368
chr5	140256152	140272065	61	5	1343.49	515	1174.25	-6.87728036815529	-8.0284059677305
chr5	140272066	140293782	132	2598	2911.8797	2381	2544.4102	-0.0653195369415784	-0.123113556752576
chr5	140293783	140294689	10	0	223.772	82	195.261	-33.2158148171358	-33.1778451826162
chr5	140294690	156377570	190024	3957986	4091036.2653	3432626	3525046.5867	-0.00590403866062722	-0.00626405039319371
chr5	156377571	156377945	5	60	106.078	0	92.7792	32.4006560062713	-0.780655307827728
chr5	156377946	173707145	193379	4068895	4164059.5725	3518708	3566498.1085	-0.0104251139461021	0.00808210929665093
chr6	0	4939096	56846	1207159	1240930.8303	1057134	1084955.0623	0.00113616995451842	0.00162877682159237
chr6	4939097	4941203	28	0	621.507	294	543.379	-33.2158148171358	-33.1778451826162
chr6	4941204	8131838	37039	782073	808365.1971	686151	703183.2167	-0.00886326634773078	-0.00626816628577366
chr6	8131839	8136120	17	1	367.936	300	319.159	-8.43053201890815	-8.48187521141208
chr6	8136121	16006584	85691	1828598	1871950.2359	1594407	1629142.5643	0.000754904763203003	0.00763163077879936
chr6	16006585	16010398	26	518	577.076	220	498.373	1.02737928421138	-0.114373467717184
chr6	16010399	16212396	1466	33842	32942.6	28560	28590.9	0.0438865941014252	0.080296173504572
chr6	16212397	16900616	285	123	6342.0714	2	5523.3198	5.74656178085781	-5.64678812523907
chr6	16900617	17301204	96	887	2123.2378	719	1849.4601	0.107246681306869	-1.21782418410574
chr6	17301205	17418429	129	1903	2889.0134	550	2508.8174	1.59066874394232	-0.560865567426751
chr6	17418430	20950165	36027	777721	805645.7071	679555	700818.2197	-0.00297674659189903	-0.0094570734771236
chr6	20950166	20951065	12	0	274.278	113	237.351	-33.2158148171358	-33.1778451826162
chr6	20951066	21671581	8797	186953	191840.148	165870	168014.9338	-0.0152264297431643	0.00420671157682991
chr6	21671582	21678402	83	897	1810.32	0	1591.38	32.2096822339977	-0.971629080065158
chr6	21678403	21696008	231	4990	5032.73	4522	4413.5	-0.0438730480888286	0.0291343809336576
chr6	21696009	21699721	49	502	1061.62	0	901.796	32.1422388947001	-1.03907241934883
chr6	21699722	31056219	101989	2158155	2209192.0063	1880911	1923811.6539	0.00228177991895997	0.00771543787450806
chr6	31056220	31059423	1	356	21.7421	20	18.9044	3.95550223615746	4.07474980994374
chr6	31059424	42866767	135495	2899449	2970926.965	2537516	2595481.7128	0.000917158161751333	0.00630138904774578
chr6	42866768	42869707	38	411	812.791	661	714.123	-0.868757588929604	-0.942310266848348
chr6	42869708	51047447	98622	2110943	2137085.2253	1839866	1869562.8276	0.00880957025642335	0.0236789470428557
chr6	51047448	51060142	167	1879	3681.16	2	3222.18	9.68709188281844	-0.928759623892049
chr6	51060143	51507905	5575	118826	121737.54	105032	106440.6901	-0.0122366137179404	0.00651219123974897
chr6	51507906	51565443	649	12480	14071.6407	11065	12327.4425	-0.0138364128115966	-0.131736850538081
chr6	51565444	105321354	588130	12578352	12973454.029	10993836	11317815.3282	0.000747054050783578	-0.003183950356272
chr6	105321355	105324884	23	0	506.695	201	444.421	-33.2158148171358	-33.1778451826162
chr6	105324885	111571737	74660	1579278	1609546.7928	1381373	1401325.1735	-0.003234399463376	0.014046397780056
chr6	111571738	111573685	13	188	282.95	16	231.169	3.2664557878502	-0.548378709043243
chr6	111573686	131118074	221223	4727757	4846049.8142	4118552	4220917.831	0.00323232233881965	0.00578241652853996
chr6	131118075	131119124	14	6	298.453	284	262.962	-5.74396790079752	-5.5949616712115
chr6	131119125	138272007	75416	1606501	1624524.9319	1384834	1391573.4706	-0.00562584507840118	0.0253397600898442
chr6	138272008	139213798	1633	29473	35275.1766	23285	30997.6709	0.156965679617106	-0.217823621961369
chr6	139218610	147989969	78586	1678739	1729484.4043	1443771	1509380.5692	0.0246167499705303	-0.00152829142834756
chr7	794	10982525	48994	886381	1081436.6961	773883	939395.86	-0.00386645581397725	-0.245514588537748
chr7	10982526	29924206	151153	3175115	3283424.9973	2742667	2834208.6301	0.00243996988330345	-0.0069568879461802
chr7	29924207	29924656	6	1	132.992	124	116.588	-7.14065031828156	-7.01375986879804
chr7	29924657	40057380	116934	2483677	2551402.7409	2174783	2232084.0394	0.0021729394850608	0.00262268350089678
chr7	40057381	40067414	87	4	1922.23	831	1676.1	-7.8929112436141	-8.86712941786453
chr7	40067415	42662964	29907	642133	658611.0791	565167	575471.5216	-0.00702120088002252	0.00488112784268523
chr7	42662965	42664918	26	0	577.406	267	503.587	-33.2158148171358	-33.1778451826162
chr7	42664919	80046309	416340	8903956	9145675.7468	7815124	7981422.8793	-0.0047999751257679	0.00279245948594022
chr7	80046310	80050002	31	68	671.231	3	582.216	4.30071158482679	-3.26176692730225
chr7	80050003	85755865	62912	1362200	1402273.5387	1182745	1221762.9255	0.00846217413514111	-0.000393496747052233
chr7	85755866	85756540	9	123	207.724	0	179.287	32.4667374843715	-0.714573829738928
chr7	85756541	100834614	163307	3484985	3607934.4595	3039494	3148087.2049	0.00408978137817835	-0.00858491843220407
chr7	100834615	100835023	5	0	111.883	48	97.802	-33.2158148171358	-33.1778451826162
chr7	100835024	109049934	84095	1792967	1845789.4462	1536747	1614302.9184	0.0326087285780853	-0.000453288854074169
chr7	109049935	109308067	3285	104908	71612.3624	60412	62605.476	0.605763967763051	0.592279898785378
chr7	109308068	117081234	84920	1830336	1853678.8136	1560839	1609034.0223	0.0290564539589675	0.0231529886092373
chr7	117081235	117092214	139	4622	2985.96	2626	2616.96	0.628813509131332	0.67175818693558
chr7	117092215	119779235	26056	554768	561108.3774	475608	480270.1566	0.00114443386368038	0.025040886722471
chr7	119779236	119780365	15	1	323.658	125	264.448	-7.25380423078464	-8.29689054087821
chr7	119780366	125149592	66430	1414579	1430641.9379	1218875	1226917.2399	-0.00333600038865478	0.0251458771007901
chr7	125149593	125153717	53	343	1142.713	1	997.878	8.23000299576989	-1.6947468583058
chr7	125153718	145280771	236721	5002906	5116683.1268	4355915	4437599.2632	-0.00217282442411575	0.00899322122553045
chr7	145280772	145442654	101	3309	2202.3186	968	1912.1299	1.57293981375076	0.6288078654907
chr7	145442655	145481306	49	316	1093.2773	248	947.7899	0.14703038727338	-1.74922714383509
chr7	145481307	145683106	138	1253	3029.852	249	2654.1802	2.14365389657035	-1.23242514243852
chr7	145683107	145729228	508	10922	11135.8767	9396	9704.1361	0.0220411222232862	0.0134576859239991
chr8	510	4283987	38851	835356	869848.716	735682	756099.8365	-0.01541277272395	-0.0169375873498849
chr8	4283988	4300100	59	1526	1306.1394	200	1142.3184	2.74180513990874	0.265881849313446
chr8	4300101	4322821	158	3745	3550.37	47	3084.42	6.11665711961381	0.118432102897641
chr8	4322822	4324198	5	208	111.103	66	97.0958	1.46509475403018	0.946121521838003
chr8	4324199	4339180	94	2356	2130.382	185	1847.3707	3.46856974122213	0.18666316144652
chr8	4339181	4404800	10	162	222.6783	68	194.6381	1.06168646097469	-0.417531394780374
chr8	4404801	25789142	213475	4611294	4692033.461	4020703	4087807.4045	0.00230393401079415	0.0163941143733572
chr8	25789143	25794499	31	274	677.201	564	591.172	-1.23405930117128	-1.26397244381474
chr8	25794500	43127050	164800	3537053	3594408.1885	3070241	3143152.135	0.0141199131494634	0.0182293496598194
chr8	43127051	43130376	21	61	454.366	206	401.252	-1.93164335706285	-2.85553796755122
chr8	43130377	43135362	46	662	1054.41	783	912.884	-0.446647462748718	-0.630097069377504
chr8	43135363	43168276	333	1	7511.04	3377	6520.07	-11.9221849991083	-12.8333601160277
chr8	43168277	43173919	60	878	1363.36	1312	1183.04	-0.780676450619896	-0.593437949789112
chr8	43173920	43270553	880	20100	19753.72	18035	17142.1	-0.0447182974500502	0.0665069020993157
chr8	43270554	43272105	20	1	436.632	220	382.027	-7.97063680732613	-8.7288382273388
chr8	43272106	96818530	604411	12804413	13145233.686	11187206	11460626.0395	0.000403543569049388	0.00353709324340064
chr8	96818531	96818905	5	70	110.985	0	96.9684	32.5578092031697	-0.623502110955621
chr8	96818906	98584253	20266	434531	445404.26	377709	388100.8959	0.00696648247819958	0.00577951421008002
chr8	98584254	98585987	23	0	516.428	292	449.152	-33.2158148171358	-33.1778451826162
chr8	98585988	106431952	84024	1797107	1843646.2275	1555153	1610305.4944	0.0168584816361507	0.00455022876409215
chr8	106431953	106440821	54	406	1157.766	677	1017.915	-0.919936573813829	-1.47035629562657
chr8	106440822	122339384	182170	3843329	3944805.4121	3339532	3433241.7752	0.00579399465085304	0.00383810966382507
chr8	122339385	122340144	7	1	149.789	66	132.543	-6.21739917907559	-7.18535208292603
chr8	122340145	122447549	885	18985	19013.042	16235	16444.667	0.0198491652770772	0.0393063902787022
chr8	122447550	122448439	10	3	214.624	100	189.504	-5.23501066367989	-6.1192693247529
chr8	122448440	133306290	122483	2546618	2640181.5522	2245190	2294276.9411	-0.0173864305970628	-0.010618806125807
chr9	501	21436752	188713	3937622	4107701.4988	3427365	3564447.7387	-0.000961863986988984	-0.0195709568753096
chr9	21436753	22071110	150	1334	3309.633	341	2896.896	1.77921779707005	-1.26947681457899
chr9	22071111	53122642	341926	7327286	7517491.3809	6418864	6557632.5311	-0.00264918283228731	0.00446338603137617
chr9	53122643	53127367	63	647	1370.85	0	1205.37	32.1395139795565	-1.04179733449185
chr9	53127368	73566225	230440	4959231	5069197.094	4328786	4428066.8225	0.00453981406101947	0.00979493574083022
chr9	73566226	73568366	24	251	526.745	489	461.941	-1.14807708415162	-1.0279815839363
chr9	73568367	89159436	180665	3881984	3958717.3227	3393744	3454834.5992	0.000966150730502091	0.0131968846993126
chr9	89159437	89161928	25	0	554.938	219	482.567	-33.2158148171358	-33.1778451826162
chr9	89161929	101201615	136408	2915384	2947726.2519	2527948	2562314.8317	0.00703046427697532	0.0255191359118971
chr9	101201616	101204025	8	0	177.905	76	154.845	-33.2158148171358	-33.1778451826162
chr9	101204026	101221287	110	2378	2440.04	2020	2125.17	0.0395330077378184	0.00427968315631312
chr9	101221288	101246227	199	2530	4385	3620	3836.161	-0.706299753083364	-0.752003691242984
chr9	101246228	104609817	33217	721346	739551.4815	623699	644442.9932	0.0147097783121547	0.00547661394589099
chr9	104609818	104610793	13	6	285.319	149	250.142	-4.82056839337881	-5.53003373819032
chr9	104610794	112452661	83781	1789744	1847752.5789	1584605	1612316.1747	-0.0175407883423896	-0.00458257776202887
chr9	112452662	112453636	13	136	276.299	0	241.614	32.2001233914265	-0.981187922634427
chr9	112453637	120358648	86309	1821694	1871780.4048	1600837	1636666.5107	-0.00373044697763913	0.00230521897685566
chr9	120358649	120361048	32	356	710.328	690	619.556	-1.14850365437313	-0.955172347448859
chr9	120361049	121315350	8639	185782	193104.6049	159942	168088.7662	0.0193687680529556	-0.0143360727357039
chr9	121315351	121319284	52	611	1169.74	0	1014.67	32.2858034704848	-0.895507843593093
chr9	121319285	121416511	1055	22910	23675.444	19614	20579.798	0.0253971473461277	-0.00597825663579488
chr9	121416512	121417575	7	79	153.254	0	133.533	32.2667469096012	-0.914564404473008
chr9	121417576	121641977	2003	41073	44534.1714	36389	38789.8437	-0.0210797358596403	-0.0752866585905679
chr9	121641978	121654474	101	2815	2249.676	1652	1955.6242	0.570299292109081	0.364853450281067
chr9	121654475	122086633	3859	80678	85349.7857	70182	74354.3759	0.00557050987596877	-0.0397764443449519
chr10	1186	509628	922	11391	19998.0326	9851	17411.9525	0.0132383621155826	-0.770527903806671
chr10	509629	18803294	203473	4354965	4395646.3868	3758848	3812998.1578	0.0106871814501859	0.0280215590449119
chr10	18803295	18806522	42	469	911.172	773	800.379	-0.904454458830356	-0.91669972492989
chr10	18806523	56008466	428559	9149829	9318871.476	7924578	8126576.4456	0.0133692519016852	0.015025293960543
chr10	56008467	56026550	175	2700	3796.75	1695	3100.266	0.3827672615394	-0.450369832954531
chr10	56026551	57042140	12684	267792	272829.83	231698	234860.2609	-0.00386536236528112	0.0145472378925843
chr10	57042141	57042590	6	0	126.155	72	111.823	-33.2158148171358	-33.1778451826162
chr10	57042591	63321003	68749	1444728	1493687.0467	1246152	1297054.6177	0.0131453013887169	-0.00664424275145899
chr10	63321004	63321548	6	94	128.996	0	114.554	32.7661534122894	-0.415157901866719
chr10	63321549	78139239	171424	3612942	3704044.8338	3161331	3225126.4457	-0.00363770726521318	0.00550830010151639
chr10	78139240	78149406	34	106	759.288	223	622.502	-1.35608204890756	-2.79914717551455
chr10	78149407	87630964	111469	2359617	2425178.61	2039281	2099248.0976	0.00573993388247534	0.00189747162175389
chr10	87632867	87640741	36	647	778.5955	177	683.1792	1.68487252817095	-0.225672527805681
chr10	87640742	89680265	24207	508694	522174.8119	445098	451169.0987	-0.0147234181982513	0.00370097607141946
chr10	89680266	89680940	9	122	190.902	2	169.72	5.76452782347149	-0.604515303059167
chr10	89680941	101375766	139216	2931334	3016513.4425	2566277	2622771.1803	-0.00644347356365111	0.000111114878179358
chr10	101375767	101376373	8	1	171.471	146	152.443	-7.35605310006671	-7.38038500028571
chr10	101376374	110410565	105008	2209507	2258660.8147	1888663	1923498.5662	-0.00190954849896309	0.00969263207522754
chr10	110410566	110412803	29	0	627.026	295	548.548	-33.2158148171358	-33.1778451826162
chr10	110412804	112626397	9584	191278	207053.0583	166423	180886.0729	0.00936307285454629	-0.0728937954950229
chr11	797	21701697	231147	5032800	5161604.2954	4371813	4494341.1129	0.00688578913048065	0.00497748948048991
chr11	21701698	21708032	8	6	175.046	105	150.954	-4.33944199131792	-4.82519201350931
chr11	21708033	38015362	178214	3805778	3889672.1819	3339489	3390234.2044	-0.00623345222828244	0.00997860338494837
chr11	38015363	38029175	28	14	610.375	287	530.935	-4.55524649347807	-5.40476136803257
chr11	38029176	38030470	17	228	371.605	256	326.078	-0.352196659751102	-0.663300322642851
chr11	38030471	38032184	22	20	469.503	186	412.434	-3.40073568994019	-4.51162670159148
chr11	38032185	38035587	41	672	879.409	667	763.759	-0.189176218553041	-0.346637297927407
chr11	38035588	38036174	6	2	127.886	78	106.899	-5.54054606077215	-5.95727875172468
chr11	38036175	38048711	161	3774	3478.182	2965	3043.914	0.159122623350057	0.159196763979304
chr11	38048712	38050136	19	42	420.901	221	368.641	-2.58338340611855	-3.28358393661092
chr11	38050137	40565220	17618	375709	388012.3946	327317	337896.7778	0.00287312789441585	-0.00505129620549398
chr11	40565221	40572702	43	0	962.477	337	825.153	-33.2158148171358	-33.1778451826162
chr11	40572703	40688625	1277	28275	28775.579	24716	24974.3321	-0.00685098416774503	0.0161178331731938
chr11	40688626	40691989	4	0	88.0338	89	77.0532	-33.2158148171358	-33.1778451826162
chr11	40691990	40874959	1967	43535	44184.656	38810	38420.693	-0.0324484887479511	0.0200660376839102
chr11	40874960	40878262	44	0	990.982	829	861.564	-33.2158148171358	-33.1778451826162
chr11	40878263	90463331	539474	11525168	11837537.8682	10072847	10319180.5084	-0.0002582297368488	0.0028545062096223
chr12	322	20616963	185991	3820126	4014452.5084	3342227	3477346.0374	-0.0109399739704101	-0.0301472560432375
chr12	20616964	20824144	211	2165	4548.848	3246	3983.591	-0.772261539025765	-1.02969843619026
chr12	20824145	22597119	8580	151387	185134.2674	132376	158712.6012	-0.0250894063085702	-0.248894866293958
chr12	22597120	22597729	8	84	175.118	2	154.462	5.21470811735633	-1.01843038333016
chr12	22597730	26997570	53041	1109524	1140662.0882	976815	988046.26	-0.0199712265970477	0.00150517273599001
chr12	26997571	27195115	2285	41765	49147.2622	40109	43005.8714	-0.130742841427619	-0.193380847487652
chr12	27195116	27196765	22	204	471.777	372	416.722	-1.04228715727217	-1.16810016745645
chr12	27196766	34645909	82023	1726242	1764515.3385	1524013	1540678.7585	-0.0124802381599679	0.0097985237908905
chr12	34645910	34648856	11	4	234.889	170	208.588	-5.57724778781864	-5.83439956765897
chr12	34648859	34956111	184	1658	4030.5408	1354	3518.1379	0.0995210063381322	-1.24009365268945
chr12	34956112	35146890	22	340	484.3086	24	420.954	3.62563053368076	-0.468956108670743
chr12	35148306	36256730	1204	20670	26176.959	17724	22826.1968	0.0276932847515246	-0.299323352681531
chr12	36256731	36257555	11	0	234.78	220	204.065	-33.2158148171358	-33.1778451826162
chr12	36257556	36537502	3341	70703	71848.3912	61617	61920.3532	-0.0126330312814935	0.018251344948481
chr12	36537503	36537919	5	118	106.561	4	90.6992	4.65359138239754	0.188543099711692
chr12	36537920	36708850	2020	42690	43414.01	36234	37287.94	0.0205686266232497	0.0171732435579051
chr12	36708851	36709453	8	147	170.611	0	151.932	33.007852569475	-0.173458744711628
chr12	36709454	48196874	137506	2869796	2955445.5276	2497137	2537350.4555	-0.0159134896748958	-0.000991677539073511
chr12	48196875	48197933	14	0	298.925	126	256.378	-33.2158148171358	-33.1778451826162
chr12	48197934	48303486	1339	29221	28831.3	25130	24521.3	-0.0125394121581956	0.0608054279903775
chr12	48303487	48304806	17	0	362.675	177	313.115	-33.2158148171358	-33.1778451826162
chr12	48304807	49092886	9305	195946	199881.589	168843	170227.9406	-0.0134378513275054	0.0127462965409207
chr12	49092887	49307117	147	2346	3199.2925	827	2792.9396	1.3117413854666	-0.406114119168955
chr12	49307118	52716696	41236	868857	887191.253	753891	760564.4208	-0.0139457557899093	0.0113093766515236
chr13	0	28273732	245153	5303755	5466005.4953	4611217	4758254.254	0.00527815889255964	-0.00203701029668034
chr13	28273733	28278308	59	653	1306.55	0	1139.48	32.2221396416846	-0.959171672380829
chr13	28278309	33890590	48619	1074851	1091606.5782	942601	948788.0094	-0.0094116146204048	0.0191194544490443
chr13	33890591	33900640	83	525	1847.001	0	1609.573	31.4079517610809	-1.77335955276561
chr13	33900641	33909395	94	2366	2105.627	1691	1833.6707	0.288524227569173	0.20963594639234
chr13	33909396	33955505	335	3092	7483.1144	51	6487.8795	5.71947356898427	-1.23366274497984
chr13	33955506	33962089	2	29	44.9693	17	37.4081	0.508394550086725	-0.59145176021671
chr13	33962090	34029634	360	3549	7928.965	15	6920.298	7.69347393539787	-1.11828421639847
chr13	34029635	56937407	264909	5575156	5765620.6628	4887728	5020895.1013	-0.00621703310938689	-0.00702798033255578
chr13	56937408	56939973	34	675	772.775	0	667.937	33.0275861603914	-0.153725153797516
chr13	56939974	57482305	6327	141215	141819.051	121854	123341.743	0.0148156546250156	0.0352777603095055
chr13	57482306	57482760	6	0	138.159	121	118.516	-33.2158148171358	-33.1778451826162
chr13	57482761	58419058	9914	205804	222417.5789	180389	193314.3932	-0.00869597185036499	-0.0705640276990887
chr13	58419059	58422103	13	6	292.937	150	255.24	-4.83912604225057	-5.56804834299253
chr13	58422104	59186258	8347	182341	188026.4624	159381	163338.9703	-0.00544120933706932	-0.00286095848950098
chr13	59186259	59186408	2	0	43.4927	41	38.3516	-33.2158148171358	-33.1778451826162
chr13	59186409	59199881	173	3318	3910.43	3476	3395.85	-0.267202588249141	-0.19557760564475
chr13	59199882	59211739	43	0	948.833	584	821.177	-33.2158148171358	-33.1778451826162
chr13	59211740	114025099	631168	13421477	13771952.1668	11744349	12023161.2606	0.000126031148982409	0.00424613645056972
chr14	322	16616975	161721	3405138	3509879.0295	2985015	3064485.2289	-0.00233533892881139	-0.00227227394818285
chr14	16616976	16908850	3436	66421	73803.1117	61129	64397.1351	-0.0734365288492649	-0.110606434847091
chr14	16908851	17278107	4665	100442	100714.56	86744	87950.625	0.0194863867816703	0.0375261628476182
chr14	17278108	17279137	13	0	281.655	126	244.957	-33.2158148171358	-33.1778451826162
chr14	17279138	22662126	57279	1207500	1255387.4464	1055427	1097488.3503	0.0037354629077322	-0.0146737320023375
chr14	22662127	22671458	85	4	1906.628	1502	1655.951	-8.7525663083301	-8.85537183817159
chr14	22671459	37182326	159601	3436001	3531092.1304	2996419	3077522.0825	0.00261195843212083	0.00205175953752278
chr14	37182327	37184814	32	348	683.574	626	589.827	-1.05641487886478	-0.932574451982054
chr14	37184815	39839597	31734	686254	695343.1636	597757	607554.0767	0.00793734209048407	0.0224532716847611
chr14	39839598	39847025	18	203	402.861	0	350.301	32.2339446595966	-0.947366654471176
chr14	39847026	40544651	6361	141260	142756.5581	122283	124199.4945	0.0106975601370974	0.0262317448742634
chr14	40544652	40545331	9	105	201.907	1	175.404	6.51470234324581	-0.901865834520658
chr14	40545332	47940406	76671	1631603	1675841.268	1429932	1464491.3417	-0.000676187854474821	0.0028403247029342
chr14	47940407	48253953	953	18287	21419.3645	17691	18592.5302	-0.15292361053967	-0.186661491395819
chr14	48253954	62739018	150427	3243994	3350780.9818	2816721	2916845.6543	0.0071322703872467	-0.00529047267746413
chr14	62739019	62746444	39	423	862.929	0	755.703	32.1941628816112	-0.987148432448545
chr14	62746445	94652591	350790	7559645	7677466.0172	6534826	6677145.9782	0.0122371563695394	0.0191240322509765
chr14	94652592	95453820	211	2520	4599.8845	1751	4029.7078	0.337788375570443	-0.826738136278246
chr14	95519624	95531139	23	441	493.989	137	433.201	1.50062655052919	-0.122264494462132
chr14	95531140	95550871	32	413	694.1643	27	609.094	3.74996431961442	-0.707699622931878
chr14	95550872	95572277	126	1223	2803.372	4	2448.897	8.06464362885911	-1.15530302841058
chr14	95572278	97151454	294	4195	6466.622	2718	5621.9376	0.427646645361758	-0.582905704392328
chr14	97156312	98555351	14163	318495	317767.046	275298	276340.9145	0.0122223894625461	0.0447369725337356
chr14	98555352	98556176	11	150	254.139	0	219.214	32.4620917939415	-0.719219520168176
chr14	98556177	101947586	26302	551952	580169.2105	479698	506648.7294	0.0103946249761079	-0.0304951577255118
chr14	101947587	101993679	40	317	892.0743	34	775.1526	3.02165879527088	-1.4512452687873
chr14	102084200	102173977	41	709	898.02	419	784.6787	0.567655978169629	-0.299526181996374
chr14	102173978	102218126	51	520	1112.109	13	974.0491	5.13416242225916	-1.05527890145001
chr14	102218127	102568475	3137	64819	69335.0398	56254	60575.0264	0.0130657089468259	-0.0557321004744515
chr14	102568476	102571002	33	351	724.167	634	631.99	-1.04596638245071	-1.00341563819222
chr14	102571003	114798297	137029	2905817	2998495.8318	2538617	2616772.7601	0.00191690735114063	-0.00385935186693584
chr14	114798298	114802065	44	443	958.4549	0	838.4137	32.1093432317729	-1.07196808226907
chr14	114802066	115493372	7489	155671	165911.4251	137034	144580.5817	-0.0111069862212598	-0.0504772617731915
chr15	0	6108293	55670	1161338	1207647.3617	1020067	1054910.3795	-0.00448866586088702	-0.0149755560163108
chr15	6108294	6108968	9	5	196.594	104	173.228	-4.55759263864753	-5.25571161461391
chr15	6108969	6597521	5339	113381	118478.2475	98964	103285.0528	0.0016785913849829	-0.0220075408757047
chr15	6597522	6598196	9	2	191.887	99	169.687	-5.803271413481	-6.54267738451882
chr15	6598197	6681080	964	21835	21408	18673	18669	0.0316495645727832	0.069928276424996
chr15	6681081	6681680	8	0	179.473	69	156.282	-33.2158148171358	-33.1778451826162
chr15	6681681	7646684	11428	251923	254694.9931	220028	221817.3536	-0.000636514639286307	0.0256480104896511
chr15	7646685	7654167	96	2	2090.51	941	1834.02	-9.06343027684424	-9.98820331216791
chr15	7654168	7654917	10	198	222.661	185	193.779	-0.0989953618145727	-0.127912689493506
chr15	7654918	7656636	20	0	451.958	243	392.519	-33.2158148171358	-33.1778451826162
chr15	7656637	20651720	146155	3110465	3183406.4022	2722032	2786171.6238	0.00362515861137438	0.00799469200915558
chr15	20651721	20651945	3	0	65.7576	40	57.5795	-33.2158148171358	-33.1778451826162
chr15	20651946	21027877	4429	87603	95829.6827	78762	83856.251	-0.0356075973027455	-0.0880565490187272
chr15	21027878	23324406	529	6664	11606.1842	4607	10102.1413	0.335794329507437	-0.758997658656382
chr15	23324433	29952152	61726	1301716	1341053.1455	1152808	1170939.389	-0.0169714076277942	-0.00151592056779691
chr15	29952153	31950404	1345	21016	29571.059	19687	25807.7575	-0.0986701685803802	-0.451262038193879
chr15	31953379	35519139	31524	674034	681255.9277	573308	591088.6233	0.0321546628544192	0.0260602549596701
chr15	35519140	35533756	129	3	2909.18	1301	2524.66	-8.96149999476929	-9.87999844100336
chr15	35533757	86827848	557914	11956484	12276182.0006	10439136	10710591.2811	0.00243321090883931	0.00336703043740642
chr15	86827849	86828523	9	0	192.88	86	169.426	-33.2158148171358	-33.1778451826162
chr15	86828524	95309337	94152	2031136	2088907.2915	1790108	1821302.6099	-0.0120714748478002	0.000974143587314909
chr15	95309338	95310312	13	0	285.995	130	252.041	-33.2158148171358	-33.1778451826162
chr15	95310313	96729426	16045	352388	360110.7732	306542	313094.7635	0.00270479319365895	0.0101598025234234
chr15	96729427	96731694	29	0	649.646	288	564.477	-33.2158148171358	-33.1778451826162
chr15	96731695	97045738	3769	83270	84573.8784	72180	73431.4081	0.00584893796793045	0.0190204509200875
chr15	97045739	97046402	7	0	162.106	74	138.548	-33.2158148171358	-33.1778451826162
chr15	97046403	111239624	149229	3196870	3278877.2912	2783094	2860484.223	0.00649404906926571	0.00489393356735646
chr16	17697	14006711	148420	3159759	3214122.6865	2741180	2797683.4189	0.00829131109759228	0.0168252930097557
chr16	14006712	14008519	23	237	508.009	3	443.97	6.1128549961251	-1.05853123063867
chr16	14008520	30785684	167847	3587381	3690414.0988	3094474	3203039.1548	0.0123616320415513	0.000584032974092631
chr16	30785685	30920574	94	2166	2078.6509	1251	1800.0049	0.587770934510057	0.100821524897046
chr16	30964227	57056776	262881	5632049	5820053.4514	4912569	5075951.0967	0.00329411343121759	-0.00593675072907487
chr16	57056777	57058051	17	183	381.272	1	331.448	7.31712788392701	-1.01754117069279
chr16	57058052	64896286	90298	1934568	1975372.8726	1698671	1727556.1754	-0.00232126425025219	0.0113222037597319
chr16	64920676	64933865	75	9759	1691.01	886	1467.45	3.26024700703116	2.57028389805116
chr16	64934998	64978895	77	6727	1716.649	1002	1494.2433	2.55036687075204	2.01180394011802
chr16	64978896	64984693	31	2366	699.611	551	606.856	1.90059323045024	1.79926096189959
chr16	64984694	66894441	19362	415038	428619.8422	359499	374424.5763	0.0156983011073495	-0.00501943956928147
chr16	66894442	66894891	6	3	137.459	135	119.542	-5.68987074119339	-5.47645928524323
chr16	66894892	78865248	131046	2804131	2852171.6032	2436203	2492156.6233	0.0117194821477853	0.0169287301073935
chr16	78865249	78866272	13	59	290.311	165	253.327	-1.6768114201899	-2.25737661073844
chr16	78866273	90668716	135086	2891523	2946417.2496	2521078	2560911.6191	-0.00104932943765393	0.0143035956446455
chr17	182	36929852	405415	8490033	8777358.5087	7451224	7653694.6559	-0.00587163013057624	-0.00658090718072727
chr17	36929853	36931919	24	228	518.134	1	459.045	7.66166641060008	-1.14285566549821
chr17	36931920	84827194	498904	10557254	10936164.9468	9264296	9559498.7567	-0.00215252088725361	-0.00943651098538958
chr17	84827195	84851089	277	4857	6072.915	3418	5148.714	0.27220217819681	-0.280887923742984
chr17	84851090	89385792	50496	1067758	1099595.7058	935430	961794.4697	0.00117659389116379	-0.000952704304417712
chr17	89385793	89420092	122	819	2614.0808	339	2274.0825	1.07502516830012	-1.63293261114647
chr17	89420093	89463173	93	1980	2037.6233	445	1780.9643	1.96286055587644	4.88348313753828e-05
chr17	89464669	89641485	1706	32860	37724.3312	29430	32813.3166	-0.0387028328992852	-0.157727077288237
chr17	89641486	89653336	103	2231	2304.8808	1962	2008.1439	-0.00999788397628246	-0.00556586168754979
chr17	89653337	89659072	32	458	712.453	3174	604.01	-3.02763890059036	-0.596011478969901
chr17	89659073	90616926	8032	170141	176542.005	149314	154241.9766	-0.00296851449371	-0.0118448826668343
chr17	90616927	90617165	3	0	64.4095	61	56.5614	-33.2158148171358	-33.1778451826162
chr17	90617166	90843705	2871	61663	62243.086	52755	54449.6322	0.0355720896637715	0.0279272562585329
chr18	0	40902812	432920	9266370	9497535.1148	8082614	8286338.6974	0.00383011994902179	0.00588691487118261
chr18	40902813	40905621	37	411	810.581	726	704.898	-1.01890686940176	-0.938382198593617
chr18	40905622	44748195	42068	892377	930273.0981	791113	812125.1391	-0.018716577129846	-0.0185652103637642
chr18	44748196	44754130	79	832	1704.68	1519	1488.34	-1.06079711170518	-0.993409744061057
chr18	44754131	46142204	14691	312750	325782.58	272044	284143.1992	0.00734472890208934	-0.0174638124277286
chr18	46142205	46146479	57	700	1278.06	1076	1114.34	-0.814551200389783	-0.827092973165504
chr18	46146480	51320835	59538	1286086	1309027.7211	1128109	1144628.3919	-0.00106957199060069	0.0159272353117261
chr18	51320836	51325673	64	742	1431.97	1315	1223.24	-1.0493993551115	-0.907074409732923
chr18	51325674	54524786	36746	796045	801872.8361	702368	702162.2063	-0.00748011874761456	0.0309122872473873
chr18	54524787	54529551	62	667	1376.29	0	1199.43	32.1777212527626	-1.00359006129374
chr18	54529552	60530586	67828	1454047	1474439.1816	1276818	1285801.403	-0.00651134504400496	0.0213433548539243
chr18	60530587	60535612	67	0	1436.52	624	1264.18	-33.2158148171358	-33.1778451826162
chr18	60535613	61053680	4645	93766	99775.3379	82874	87080.3453	-0.0147246671885559	-0.0481826037359475
chr18	61053681	61054880	16	0	344.34	320	302.903	-33.2158148171358	-33.1778451826162
chr18	61054881	61798718	8730	183362	188114.9329	163056	164414.5931	-0.0214827338838159	0.00451607460858264
chr18	61798719	61799384	8	59	173.374	0	152.043	31.667646378914	-1.51366493501611
chr18	61799385	67884617	71704	1514678	1568898.2532	1326398	1371860.9131	0.00134595138416346	-0.00930489781845371
chr18	67884618	67891392	10	0	220.301	76	191.713	-33.2158148171358	-33.1778451826162
chr18	67891393	70871235	34840	745238	758352.5806	651913	662320.9393	0.00114964049717817	0.0162682501165271
chr18	70871236	70871835	8	78	171.692	1	146.572	6.06065503932615	-1.09684102277359
chr18	70871836	71314435	5183	111359	111555.3372	98238	97229.3009	-0.0139652875570101	0.0388943885651535
chr18	71314436	71321372	89	2816	1913.19	1724	1662.65	0.508858038290415	0.59910294465694
chr18	71321373	76937529	57396	1207940	1242882.4619	1056562	1081096.2388	-0.00455741249634112	0.000294693577036952
chr18	76937530	76939329	24	1	520.504	189	449.152	-7.77148175373787	-8.98232959890016
chr18	76939330	82993863	63297	1339017	1370794.7005	1164349	1194136.7802	0.00607243216046868	0.00759752395422431
chr18	82993864	82995132	5	63	106.488	1	90.7057	5.74932029657719	-0.715831363878129
chr18	82995133	85677558	31531	693954	705298.0424	596752	613852.1728	0.0208329033500324	0.0180427652936293
chr18	85677559	85692202	53	262	1179.761	520	1018.843	-1.1970415482451	-2.12942013933167
chr18	85692203	86399572	7932	168549	176074.9378	146321	153604.0333	0.01052388498445	-0.0215857388264396
chr18	86399573	86403308	44	1050	975.121	404	854.886	1.19157905922506	0.148171939262968
chr18	86403309	86512642	1268	26532	28466.0574	22869	24719.1749	0.0141941781072727	-0.0600734936657722
chr18	86512643	86515747	38	359	862.158	766	749.041	-1.29280201038688	-1.22253267273224
chr18	86515748	86565267	559	12386	12418	11209	10843.2	-0.0481233474695729	0.0377132807608923
chr18	86565268	86571753	86	1	1937.09	893	1684.05	-10.0010060975272	-10.878239224136
chr18	86571754	88201446	10558	220172	236692.5503	192103	205532.0377	-0.00343391407672914	-0.0629475244780022
chr19	0	14787377	157582	3407826	3466935.3035	2958096	3017777.2074	0.00747431896767756	0.0166265267104645
chr19	14787378	15019833	107	351	2378.06	590	2066.8084	-0.948158255767383	-2.71880641279938
chr19	15019834	26338656	132243	2809534	2856570.3801	2448749	2483900.7156	7.55208719407804e-05	0.0174825503645034
chr19	26344080	26360588	9	26	199.214	169	173.622	-2.89534285733316	-2.89629974234373
chr19	26360589	26851890	312	1745	6819.169	1516	5927.959	0.00436294395479905	-1.92493313648819
chr19	26851908	26857714	15	138	335.627	407	292.686	-1.75439943629509	-1.24075474652615
chr19	26857715	27105279	112	588	2492.7631	793	2163.378	-0.632498597234266	-2.0424219556277
chr19	27105280	27138054	14	26	310.164	172	270.48	-2.91986822851032	-3.53501194955383
chr19	27138055	27791344	2197	42567	47996.6816	37245	41864.1734	-0.00106373821611166	-0.13176348095258
chr19	27791345	28225375	410	1311	8923.0156	1773	7769.1101	-0.631840724547887	-2.72542790935612
chr19	28225376	28557612	1278	26622	28291.7846	23070	24620.1593	0.00952400075808761	-0.046328457070882
chr19	28557613	28629640	23	129	499.0852	296	434.7184	-1.39396493994579	-1.9104792899624
chr19	28634678	29021911	539	6325	11790.1045	5809	10286.3599	-0.070602187106471	-0.857003354061226
chr19	29021912	29291800	172	896	3766.4228	1182	3282.8524	-0.594438338917894	-2.03018855459502
chr19	29292940	55490441	305708	6459402	6621111.0657	5664689	5755347.9254	-0.00930019682147245	0.00576304435232031
chr19	55490442	55539470	636	14356	13711.5495	10984	11415.4525	0.125312862582744	0.107697979806519
chr19	55539471	62275498	77297	1606597	1665724.4065	1420059	1443167.5062	-0.0253876181906406	-0.0107058729838743
chr20	747	4008	7	542	156.247	15	136.006	4.97856638479794	1.83590012811411
chr20	44287	198396	322	2805	6975.9557	2379	6031.7833	0.0313053508692515	-1.27295434102565
chr20	198397	200024	21	15	456.148	434	398.131	-5.04745328244698	-4.88503181506854
chr20	200025	266446	743	13541	16379.7486	12409	14206.0804	-0.0759910997520944	-0.233143162342439
chr20	266447	266821	5	0	110.901	85	97.1502	-33.2158148171358	-33.1778451826162
chr20	266822	452023	1687	35682	37482.605	31103	32635.4708	0.00182850250523576	-0.0295889742500238
chr20	452024	525178	196	4836	4366.148	91	3798.152	5.53420662287564	0.188888976558214
chr20	525179	782771	2012	45467	44773.3617	37981	38948.3509	0.0619296578110765	0.0636149382423557
chr20	782772	794392	117	4693	2616.9707	2164	2278.7489	0.920620280864759	0.884048454859656
chr20	794393	814764	163	2612	3636.059	2238	3159.269	0.0236261652657211	-0.435784946067567
chr20	814765	1161878	1125	24263	25145.7556	22281	21872.1807	-0.0748077470066067	-0.0101211953315846
chr20	1161879	1172808	78	3661	1764.85	11	1531.44	8.17739982664384	1.09412797032694
chr20	1172809	1284340	717	14717	15954.568	12782	13906.742	0.00865107997034275	-0.0750501651379495
chr20	1284341	1286313	17	0	378.173	207	324.5102	-33.2158148171358	-33.1778451826162
chr20	1286314	1603096	1577	31716	34977.419	27360	30512.3034	0.0195759905752034	-0.0997772388199559
chr20	1603097	1606209	39	1475	874.289	760	760.568	0.759076755409987	0.795968568074122
chr20	1606210	4646767	25886	512826	559542.356	436994	480676.2479	0.0151402401290812	-0.0843421697711122
chr20	4649630	4662794	23	125	495.531	269	434.016	-1.29343903144748	-1.94561145229914
chr20	4666522	18211334	143672	3006775	3111118.6646	2595071	2671366.9421	-0.00394622873209521	-0.00778074330512655
chr20	18211335	18216533	43	345	925.442	561	811.092	-0.888215287631651	-1.38211044672065
chr20	18216534	21013488	33692	693597	726438.7972	619587	634884.3639	-0.0280904919468187	-0.0253078303385407
chr20	21013489	21014014	7	85	155.474	1	135.721	6.2168276754912	-0.829702824980931
chr20	21014015	46691402	286441	6061614	6271063.9067	5304284	5462690.0544	-0.0030885579110526	-0.00757247028378216
chr20	46691403	46693052	22	206	467.195	409	412.839	-1.16443594272285	-1.13994473034085
chr20	46693053	49246699	30136	611269	649958.3601	542064	564911.2813	-0.0255126435473842	-0.0471041238516222
chr20	49246700	49248477	22	191	493.298	464	429.027	-1.47847702938984	-1.32745103327063
chr20	49248478	56205872	76783	1639496	1701811.1612	1433215	1481973.1326	-0.00208820128542217	-0.0123828112256971
chrX	598	10794572	84947	1796391	1884146.8215	1583453	1641376.35	-0.0135118345237316	-0.0273742251616649
chrX	10794573	10800017	63	2061	1362.54	1262	1202.64	0.531004991353387	0.638481687612253
chrX	10800018	22597280	112986	2377768	2474278.1478	2100188	2159268.169	-0.0139096503829608	-0.0159639671671935
chrX	22597281	22608838	76	672	1692.476	1176	1477.492	-0.999873847318106	-1.29116647120379
chrX	22608839	23792750	9842	204032	217388.0739	180037	189477.8129	-0.0142757293764379	-0.0500415890587873
chrX	23792751	23823061	93	1101	2072.94	16	1797.86	5.90266719202953	-0.87142812368116
chrX	23823062	38341651	143567	3052334	3170608.2221	2691519	2768891.6778	-0.0104926471474781	-0.0134110177272187
chrX	38341652	38346652	53	2055	1171.3535	907	1018.522	0.981730683365352	0.85239763117563
chrX	38346653	39068206	7511	160968	165860.5647	139914	144895.0907	0.0107375221554115	-0.00176122994640644
chrX	39068207	39070083	25	89	544.031	0	477.162	30.6109354602687	-2.57037585320354
chrX	39070084	39097245	328	7113	7350.873	6297	6396.4304	-0.0213889512152685	-0.00602166666529792
chrX	39097246	39103001	23	133	519.501	1	450.222	6.85225853156993	-1.92426451366325
chrX	39103002	63559811	237204	5135434	5303861.2221	4520074	4612610.1511	-0.0138537183696075	-0.00512105566715022
chrX	63559812	63594005	266	6597	5762.69	7525	4621.62	-0.504759115066562	0.23650345828669
chrX	63594006	89146073	241228	5079471	5355388.6239	4467649	4662665.3275	-0.0112078474132992	-0.0348772484841011
chrX	89146074	89166119	219	7286	4957.28	4377	4305.71	0.535353148312369	0.59701401317813
chrX	89166120	103846421	138293	2956941	3105336.4044	2606535	2698679.9908	-0.0170572962446375	-0.0292083416181912
chrX	103846422	104088837	155	567	3347.5772	242	2916.1978	1.03277906932807	-2.52026091919028
chrX	104088838	112386400	83089	1745029	1836834.6955	1547645	1601848.1433	-0.0208418516300165	-0.032535019414953
chrX	112386401	112391483	47	1276	1008.88	1478	776.267	-0.586681530196884	0.380309510425883
chrX	112392995	113106865	7742	165167	171979.9809	145653	149856.6	-0.0138018319446021	-0.0168794050214888
chrX	113106866	113110167	43	463	943.298	794	827.04	-0.964417183486889	-0.985265648833746
chrX	113110168	131943869	185182	3953143	4113265.5001	3481911	3585297.7829	-0.0116042992084554	-0.0158482866882941
chrX	131943870	131958726	125	2934	2712.41	3570	2390.01	-0.462147685368691	0.15472936886165
chrX	131958727	149661786	173411	3691790	3852627.3557	3255009	3356446.4543	-0.0137829314604014	-0.0200863915337115
chrX	149661787	150631024	287	4434	6420.2804	819	5579.0103	2.23751245177398	-0.492591770466655
chrX	150631025	159969947	80300	1710547	1775849.5624	1496728	1545738.9667	-0.00410085183032202	-0.0126158603949208
