chrom	start	end	binNum	tumor	tumor_expect	normal	normal_expect	log2.copyRatio	log2.TumorExpectRatio
chr1	987	1371494	1851	28709	43433.3367	26024	35451.2068	-0.147831993424099	-0.555875491851396
chr1	1371495	31272479	308710	6935939	7232631.9623	5744447	5920572.4999	-0.0133851542061212	-0.0190053115861093
chr1	31272480	31385444	126	1284	2977.51	10	2424.836	6.71175788565978	-1.17203693183801
chr1	31385445	31518694	1299	30755	30502.091	24814	25023.726	0.0275308403631241	0.0533370481833253
chr1	31518695	31522345	47	655	1097.96	969	912.539	-0.828393426352651	-0.703834465412945
chr1	31522346	35816514	52510	1225783	1234120.0801	985422	991377.8183	0.00238983017887865	0.031645044878498
chr1	35816515	35819214	36	417	843.052	0	674.856	32.2071824178961	-0.974150017554204
chr1	35819215	36025388	2435	57070	57215.23	46712	46159.958	-0.0173422623186248	0.0377575558915268
chr1	36025389	36026796	18	242	421.667	1	341.478	7.61802740879398	-0.759672853032613
chr1	36026797	38402109	20336	467811	476729.6061	373572	386948.0339	0.0269837709046145	0.0141787810492251
chr1	38402110	38515330	271	4839	6376.6927	5630	5171.357	-0.517215731731128	-0.356675199597882
chr1	38515331	62958059	236627	5347968	5554647.4682	4361540	4503132.8543	-0.0051373928674463	-0.0132803003990005
chr1	62958060	62995084	43	789	1010.459	90	827.476	2.84728268726855	-0.315489360352056
chr1	62995085	63000821	19	438	440.593	1	372.857	8.53743856417234	0.0329085145977656
chr1	63000822	63010649	3	54	71.2977	47	59.2332	-0.0636751532288909	-0.359471911130363
chr1	63010650	63097769	173	1876	4065.721	78	3388.572	4.32868380181685	-1.07442717027955
chr1	63097770	63104322	60	1300	1398.134	901	1172.217	0.27812534470462	-0.0635667959796866
chr1	63104323	63132023	146	1475	3419.165	0	2831.219	32.009827563831	-1.1715048715766
chr1	63132024	65094497	9670	210225	227359.233	168375	183532.522	0.014794143857619	-0.0716151287273434
chr1	65094498	65111385	90	950	2135.27	5	1745.48	7.28253658309063	-1.126994869211
chr1	65111386	65186757	404	9357	9413.2965	7758	7802.3878	0.00305265157679934	0.0327702346922747
chr1	65186758	65197843	30	442	692.5531	7	594.3579	5.76343056927492	-0.606454102286919
chr1	65197844	65238148	3	65	70.9344	63	59.3368	-0.208994719114368	-0.0846215024340608
chr1	65238149	65239642	15	141	350.324	2	294.67	5.89343739797686	-1.27157044593718
chr1	65239643	65253677	77	1748	1799.489	1189	1505.9888	0.302555932777222	-0.000457879557394181
chr1	65253678	65292422	228	2732	5307.11	154	4448.42	3.89779748473685	-0.916544748991928
chr1	65292423	65370926	327	7486	7708.1685	5835	6356.3982	0.0847594946660892	-0.00076884202818988
chr1	65370927	65420838	19	201	444.195	3	372.45	5.81541848688274	-1.1025734330478
chr1	65420839	81444235	117722	2713217	2778815.8219	2133300	2225171.0767	0.0298393223772672	0.00695843943618634
chr1	81444236	81446562	30	1	709.083	335	562.37	-8.71897639260392	-9.42838637724048
chr1	81446563	82600166	11491	275827	276178.0633	204728	209269.2383	0.0332924879781701	0.0395891728853837
chr1	82600167	82600920	10	0	233.524	103	184.563	-33.2158052432334	-33.1778567301018
chr1	82600921	92249910	87536	2052962	2075814.4141	1605945	1637498.0858	0.0155758979000049	0.0254536756546782
chr1	92249911	92252760	38	975	899.862	321	704.727	1.25366534434198	0.157122666525973
chr1	92252761	95375532	37884	888855	892851.7568	704344	712671.9006	0.0139609682128834	0.0349516488771335
chr1	95375533	96704541	239	2534	5568.2327	1505	4582.2639	0.473969787384834	-1.09437876002583
chr1	96704542	129629269	301335	6865931	7090087.392	5537730	5736713.7829	0.00805748017010879	-0.00492383239716353
chr1	129629270	129631821	34	891	793.602	325	646.177	1.1619751577635	0.208433989103161
chr1	129631822	148424705	198024	4471060	4649191.6346	3667431	3770221.1055	-0.0130079710555228	-0.0149387680205556
chr1	148424706	148462094	459	9654	10943.4572	5967	8288.5874	0.296726330042603	-0.139445628010203
chr1	148462095	148622791	74	340	1771.3632	526	1214.7033	-1.17030843163913	-2.33982918135954
chr1	148623391	148626298	31	299	739.76	164	504.7742	0.318506254367198	-1.2654875902028
chr1	148626299	148629303	38	204	946.1169	493	643.9923	-1.8245178004365	-2.17202507897851
chr1	148629304	148651620	158	2422	3796.0397	1986	2780.3195	-0.159435453203038	-0.606871996498877
chr1	148651621	148721185	62	343	1490.6621	968	1062.9664	-1.98118003829803	-2.07824856683831
chr1	148722469	154087072	49942	1115098	1169478.6148	937522	968223.2617	-0.0187320583380792	-0.0272707552767412
chr1	154087073	154087852	6	0	140.48	114	114.072	-33.2158052432334	-33.1778567301018
chr1	154087853	158011780	35571	804509	832476.5908	669491	686201.2291	-0.0102583896682217	-0.00787692492812925
chr1	158011781	158028825	112	1860	2619.923	730	2154.941	1.070933916582	-0.452797571015189
chr1	158028826	158044722	187	4559	4363.341	3051	3627.863	0.316597684513535	0.104708401754418
chr1	158044723	158045547	11	14	258.976	106	214.963	-3.18581987083486	-4.16789545196706
chr1	158045548	168128432	118668	2746308	2793736.7403	2219677	2253245.4977	0.000427812621037205	0.0167215735858643
chr1	168128433	168133767	62	805	1453.87	0	1192.87	32.3699190686032	-0.811413366878232
chr1	168133768	179054901	116810	2681988	2744006.0405	2179831	2224372.2074	-0.000323241742218377	0.00844334375440579
chr1	179054902	180495359	552	2647	12952.2556	1620	10650.1625	0.429512168559354	-2.24934904177516
chr1	180495360	181243840	656	7147	15330.462	7328	12713.0951	-0.30269187619506	-1.05956726235495
chr1	181247102	182953304	1272	20164	29903.2185	16824	24663.0001	-0.0132156557347554	-0.527094692402359
chr1	182953305	183115484	68	1336	1613.4667	530	1307.0815	1.0335167455282	-0.23081957589442
chr1	183115485	215451956	343306	7938437	8079123.4591	6339330	6474188.6818	0.00850095240290722	0.0160804249013831
chr1	215451957	215453375	18	1	417.244	185	340.585	-7.82078212868923	-8.66332321448147
chr1	215453376	215453975	8	133	183.947	134	150.267	-0.299092981738828	-0.426439682825765
chr1	215453976	215465787	142	11	3330.33	1293	2697.47	-7.17765744006572	-8.20059354356603
chr1	215465788	229094892	135277	3190680	3215878.4018	2459445	2519730.1824	0.0270632366043163	0.0300752872435114
chr1	229094893	229096307	8	101	190.608	1	152.857	6.34326111567484	-0.874829159787609
chr1	229096308	233200861	41807	939101	979756.8586	778614	808613.0527	-0.00312652757938287	-0.0197192206555014
chr1	233200862	233203420	34	358	795.328	0	647.887	32.0711662792374	-1.11016615618406
chr1	233203421	238922078	64837	1462376	1518082.2706	1209225	1248227.8393	-0.00466139117978022	-0.012511460332399
chr1	238922079	238924256	29	6	686.833	333	554.442	-6.09986296023395	-6.79742881138385
chr1	238924257	240532734	19467	440063	454881.0765	360518	373697.4811	0.00749591087501382	-0.00635512276282797
chr1	240532735	240608051	710	18414	16657.9723	17502	13717.114	-0.203476854457091	0.186014471924277
chr1	240608052	264121274	235651	5451878	5533673.8849	4433880	4481655.9019	-0.00254648133858022	0.0199398730139127
chr1	264121275	264121874	8	117	190.455	0	147.557	32.5198150209657	-0.661517414541446
chr1	264121875	269490186	58756	1401868	1386119.17	1114224	1105556.117	0.00850788053089872	0.0577234335282103
chr1	269490187	269492961	37	0	864.05	317	715.025	-33.2158052432334	-33.1778567301018
chr1	269492962	281958088	134410	3074652	3160579.3098	2503299	2552335.5135	-0.00830281284679615	0.00165833177047318
chr1	281958089	281961722	40	1405	951.446	736	717.304	0.528731062909921	0.60380066657189
chr1	281961723	282763000	8210	185362	192199.5498	149351	156229.0171	0.0161718034642948	-0.0108352222438984
chr2	0	12249115	103248	2389053	2417561.4836	2002543	1999902.4898	-0.0155415775784739	0.0243104976734959
chr2	12249116	12250241	15	161	352.528	0	291.963	32.0920794928406	-1.08925294258554
chr2	12250242	17848016	58509	1325226	1368309.5807	1105057	1138970.575	0.000929130130962119	-0.00473204521090986
chr2	17848017	17849296	16	2	384.387	194	313.815	-6.88908235137478	-7.54499148814681
chr2	17849297	18639309	9424	213124	220586.7859	178902	182753.2249	-0.0154502506649844	-0.0082290860630749
chr2	18639310	18639834	7	89	165.45	0	136.131	32.3282386040551	-0.853093831418716
chr2	18639835	19192565	6241	141150	146162.537	121467	121039.1113	-0.051959863719366	-0.00892023300541779
chr2	19192566	19194729	28	0	671.963	297	537.61	-33.2158052432334	-33.1778567301018
chr2	19194730	20611122	15060	335670	352787.5053	282160	288769.9717	-0.0348729082899707	-0.0303316427410318
chr2	20611123	20614597	30	1	699.583	302	576.612	-8.51382335162945	-9.40892710199591
chr2	20614598	27876207	79106	1789216	1858727.9857	1452437	1497737.5658	-0.00720311630142895	-0.013563871783616
chr2	27876208	27876756	7	0	161.983	70	131.985	-33.2158052432334	-33.1778567301018
chr2	27876757	34936033	82520	1862227	1937091.8989	1526227	1570025.714	-0.0125691162161282	-0.0154392366209745
chr2	34936034	34937308	17	220	396.257	0	327.516	32.3738237571415	-0.807508678340637
chr2	34937309	59180100	246414	5555980	5769913.2786	4594528	4732476.7321	-0.0083537708020659	-0.0130840104814362
chr2	59180101	59185293	13	7	300.499	228	245.3	-5.31487233691675	-5.38243723269863
chr2	59185294	95906110	380323	8463396	8903166.786	7037072	7351967.4373	-0.0064511026949655	-0.031657692120703
chr2	95906111	95907689	21	226	491.279	0	409.58	32.1025368555667	-1.07879557986172
chr2	95907690	135522923	401567	9023524	9402509.7443	7536584	7741664.3738	-0.0171462229813135	-0.0179307113584116
chr2	135522924	135551053	348	3618	8235.03	5972	6819.609	-0.991630932228722	-1.1451572786023
chr2	135551054	146619625	120180	2726659	2815295.4191	2268109	2307740.1879	-0.0176854900025699	-0.00472781255822417
chr2	146619626	146621200	21	2	490.185	187	408.801	-6.8053463504337	-7.89575827305771
chr2	146621201	148566259	19300	434853	452179.2587	364156	371440.4792	-0.0243168935117924	-0.0149428116432953
chr2	148566260	148568994	34	1611	797.88	661	656.224	1.00672659758664	1.05513702426364
chr2	148568995	158999326	93117	2052784	2179368.8866	1712136	1794883.3482	-0.0147600949698492	-0.0449043623479476
chr2	158999327	160729202	547	10395	12849.855	5403	10423.7313	0.645652596796464	-0.264438102742609
chr2	160729203	161514134	206	2949	4827.2082	1747	3982.488	0.48130288188847	-0.669539010904134
chr2	161517622	163378127	568	10510	13379.2367	7389	10829.7592	0.206792695115111	-0.306808922750912
chr2	163378158	187744094	256266	5757524	6005490.4626	4786223	4933664.4884	-0.0135858561919994	-0.0194093354841885
chr2	187744098	187748374	47	561	1094.22	4	888.477	6.83483613856325	-0.922405935452174
chr2	187748375	192494471	42519	987717	1003130.6004	781419	802734.9972	0.0199633671542674	0.0190844183386075
chr2	192494472	192495703	16	0	371.256	310	311.409	-33.2158052432334	-33.1778567301018
chr2	192495704	192528010	259	4988	6071.824	4548	5026.8871	-0.135759768741378	-0.242244288784691
chr2	192528011	192529921	25	4	582.545	550	490.001	-7.34939688411416	-7.14480144828986
chr2	192529922	202656060	85995	1948413	2020629.4992	1574924	1632468.9566	0.00274375129613509	-0.0110810816616375
chr2	202656061	202659208	32	402	763.799	2	620.258	7.35420275887186	-0.884573310670253
chr2	202659209	215240914	137447	3131101	3229299.6135	2544872	2614741.9099	-0.00200009147103233	-0.00312703480105982
chr2	215240915	215247492	32	797	746.421	308	634.744	1.14131035546604	0.136014367209492
chr2	215247493	234757104	210634	4740236	4933222.6654	3941888	4055781.7785	-0.0130025685890981	-0.0161472994845547
chr2	234757105	234757554	6	1	141.198	97	114.011	-6.90498374798516	-7.10015160432271
chr2	234757555	238522160	39764	906210	931697.8425	746923	759836.1532	-0.0118122022128844	0.00140747744257522
chr2	238522161	238523135	13	145	309.308	0	242.631	32.1297654067098	-1.05156702872445
chr2	238523136	244491431	70757	1589282	1657246.154	1318724	1355104.0486	-0.0176760819040608	-0.0189885486449111
chr2	244491432	244492256	11	1	255.998	214	213.146	-8.0022818017009	-7.95856447319639
chr2	244492257	244507514	199	4734	4647.58	3896	3844.71	0.0109368176850683	0.0680042261436031
chr2	244507515	244508639	15	0	350.123	321	286.814	-33.2158052432334	-33.1778567301018
chr2	244508640	244511533	33	795	768.302	588	648.417	0.19386281723174	0.0907055701053123
chr2	244511534	244512690	15	0	349.563	300	294.546	-33.2158052432334	-33.1778567301018
chr2	244512691	246005843	15484	359329	361759.1467	300075	300096.8431	-0.00614340141534625	0.0317000988299659
chr2	246005844	246006612	10	0	237.066	95	189.73	-33.2158052432334	-33.1778567301018
chr2	246006613	246889033	9892	224449	231772.6615	191182	192397.958	-0.0337002417057075	-0.00489851733695252
chr2	246889034	246892433	36	412	846.448	716	705.67	-1.05626730746376	-0.997352885009257
chr2	246892434	248425822	17257	383386	404694.7972	321293	332738.6908	-0.0240608574578781	-0.0366124272850935
chr2	248425823	248430779	26	8	597.815	281	503.202	-5.37951204920253	-6.18213105689366
chr2	248430780	257362914	105322	2398945	2466530.9967	1989615	2016610.8096	-0.0171642379787553	0.00134088294873676
chr2	257362915	257363408	6	0	140.91	71	111.272	-33.2158052432334	-33.1778567301018
chr2	257363409	266433159	104608	2373029	2451616.3965	1975679	2003092.657	-0.0236472273098413	-0.00557930847643376
chr3	534	13001303	130335	3122280	3115242.7099	2385000	2407481.9667	0.0202667835588586	0.0446795714999893
chr3	13001304	13002834	19	226	443.557	4	357.494	5.51245417152118	-0.931372520572287
chr3	13002835	14421969	15214	351529	359397.3296	279367	286148.1061	0.00614017280943943	0.00948824142766488
chr3	14421970	14424671	36	364	853.595	0	670.1714	31.9931433794507	-1.188189055953
chr3	14424672	15719844	14686	346398	348889.8739	268665	272478.6886	0.0134695887238781	0.031083093621099
chr3	15719845	16809060	8368	177111	195461.2194	145219	161824.2583	0.0174447942592625	-0.100804360527342
chr3	16843781	17010276	449	7879	10515.9014	8470	8719.5122	-0.371126915998883	-0.375063861010531
chr3	17010277	25295821	70381	1529158	1652822.3628	1262341	1357508.6541	-0.00385878028179311	-0.0707699796534974
chr3	25295822	25297056	16	220	378.452	2	317.733	6.5325400022791	-0.741182588475873
chr3	25297057	28256223	34189	792195	801322.7828	654324	666547.0745	0.0136493860005402	0.0248963192620745
chr3	28256224	28257696	19	150	447.444	3	365.1687	5.35418785688684	-1.53532041278249
chr3	28257697	29350443	13426	308553	314212.0531	252971	259463.1626	0.0138132227986077	0.0152040174765501
chr3	29350444	29350743	4	0	93.5048	60	77.6289	-33.2158052432334	-33.1778567301018
chr3	29350744	29438364	1128	25661	26401.7	22537	21630.9	-0.0967795207061395	0.000370784343822053
chr3	29438365	29440122	10	1	233.832	220	191.884	-8.06312192680708	-7.82790431402481
chr3	29440123	32337767	30864	680910	723185.8541	573021	598277.2774	-0.0212003726636528	-0.0454781181271602
chr3	32337768	32340992	42	487	973.582	0	814.212	32.2233759316856	-0.957956503767972
chr3	32340993	32720588	4346	94916	102047.6017	80372	83874.9671	-0.0394960504931001	-0.0630948498323736
chr3	32720589	32720888	4	3	94.0644	91	76.5902	-5.21584544074985	-4.92919018881741
chr3	32720889	33179019	5639	121522	131657.403	102157	109077.2988	-0.0175326058108932	-0.0741469075140409
chr3	33179020	33181944	39	458	898.522	782	760.051	-1.00980290373686	-0.930782010679003
chr3	33181945	33624542	4852	108134	113415.3954	90563	93330.0347	-0.021900888875357	-0.0273720577388979
chr3	33624543	33626668	14	263	320.225	4	270.134	5.79698397545024	-0.242598925142011
chr3	33626669	33631916	50	1214	1174.702	161	956.128	2.62109238916062	0.0888978221397358
chr3	33631917	36339792	31158	694377	728016.6605	578551	599674.2697	-0.0130416671410941	-0.0268280857620439
chr3	36339793	36340017	3	0	70.3366	62	55.4767	-33.2158052432334	-33.1778567301018
chr3	36340018	36472724	1558	36194	36392	30386	29887.4	-0.0282644510912112	0.0335534359393681
chr3	36472725	36473942	7	0	164.084	62	130.073	-33.2158052432334	-33.1778567301018
chr3	36473943	40078277	43096	977531	1008580.8086	807776	827578.2517	-0.00669616345704609	-0.00368810017352737
chr3	40078278	40078878	8	16	186.879	152	157.01	-3.49569981813587	-3.50453642872702
chr3	40078879	44133207	39958	904099	934133.8672	754936	775092.6272	-0.00565846311810459	-0.00572433476483401
chr3	44133208	44136057	38	0	882.435	350	729.609	-33.2158052432334	-33.1778567301018
chr3	44136058	49254051	58610	1320474	1372505.7551	1091953	1122562.0662	-0.0123961452072377	-0.0143320844697042
chr3	49254052	49256020	26	300	611.54	0	508.793	32.1952722886748	-0.986060146773072
chr3	49256021	49305058	595	14242	13898.3	11294	11579.4	0.074722999893363	0.076667549256068
chr3	49305059	49308821	48	529	1122.13	917	940.063	-1.04558877920699	-1.04347597691325
chr3	49308822	49553536	2999	69993	70177.255	57470	58403.105	0.0229188563172373	0.0376313467715999
chr3	49553537	49555052	20	225	468.712	0	379.915	32.1639799246791	-1.01735251076237
chr3	49555053	56515154	82958	1890981	1942467.1062	1568115	1597002.4568	-0.00894442826632913	0.00266891832512343
chr3	56515155	56517668	33	0	769.285	289	617.895	-33.2158052432334	-33.1778567301018
chr3	56517669	60418981	42115	961054	988768.1792	788098	797436.7774	-0.020544010001363	0.00040939999825091
chr3	60418982	60419628	8	3	187.693	166	146.399	-6.14507036170492	-5.92584430719633
chr3	60419629	90527262	318551	7272101	7469392.9206	5999803	6128410.3767	-0.00454527319167776	0.0028054638715242
chr3	90527263	90530187	39	443	920.484	647	763.312	-0.81310308028712	-1.01366172678542
chr3	90530188	94830681	47090	1048708	1106339.0386	860603	895616.5196	-0.0161715605250965	-0.0357563166822441
chr3	94830682	94836026	47	579	1109.05	937	900.077	-0.992214070925171	-0.89626493652009
chr3	94836027	94918483	913	20932	21244.6	18027	17683.3	-0.0456821074681875	0.0200382025919027
chr3	94918484	94924910	38	440	888.389	697	740.123	-0.923605906055439	-0.972263786785334
chr3	94924911	125592489	339202	7775781	7959767.7207	6366339	6474306.0387	-0.00600145643707484	0.00768547469821694
chr3	125592490	125594810	29	369	684.441	0	554.819	32.3314512867685	-0.849881148705868
chr3	125594811	143350179	195186	4421559	4565984.2778	3663424	3743883.6762	-0.0115521220914983	-0.00494653299229108
chr3	143350180	143406556	213	2575	4970.4119	4210	4109.4716	-0.98018460601176	-0.907368762104129
chr3	143406557	143627158	1515	33230	35558.7321	27884	29503.5055	-0.0127930372235622	-0.0562933716700608
chr3	143627159	143647848	40	190	934.365	305	776.494	-0.946345575574942	-2.25656259586343
chr3	143647849	143676551	168	3392	3970.4478	1653	3237.8465	0.746258014235298	-0.185741339535641
chr3	143676552	143719751	377	3376	8849.751	5409	7353.987	-0.943681525046466	-1.34889774034864
chr3	143719752	143812890	234	3110	5427.2663	4049	4538.7582	-0.635103424686732	-0.761886899841376
chr3	143812902	143857741	166	3631	3893.8351	2371	3209.4238	0.339469492304858	-0.0594006396032677
chr3	143857760	143931018	535	24878	12537.071	10361	10359.601	0.991951065428294	1.03009439258675
chr3	143931019	143956270	119	2580	2763.2122	2187	2314.1116	-0.0139943654958718	-0.0575510731355434
chr3	143956271	144071376	753	29530	17649.5409	11915	14678.8219	1.04698363819648	0.783974918740453
chr3	144071377	144379820	1625	33170	38022.7442	27631	31514.1605	-0.00379548549487977	-0.155559427721302
chr3	144379821	144384523	61	747	1429.88	1224	1182	-0.983611745206672	-0.895289709430427
chr3	144384524	145254833	10540	245388	246689.1093	200439	203392.0244	0.016946242533125	0.0337948930498567
chr3	145254834	145264561	55	566	1284.55	858	1035.48	-0.907663247335607	-1.14096486972179
chr3	145264562	145668589	2247	51054	52876.171	41927	43113.0582	-0.00687270650968559	-0.00916949130560887
chr3	145668590	145682530	161	1526	3781.207	2284	3070.312	-0.87879354649657	-1.26766764969459
chr3	145682531	146268538	4186	94567	98201.7656	77032	80227.8411	0.00770866483696241	-0.0129879144596358
chr3	146268539	146288852	31	366	729.566	595	587.638	-1.00968111946406	-0.953770629512905
chr3	146288881	149734904	42222	991198	1000777.9982	772280	786658.8425	0.016213004244343	0.0275474227456087
chr3	149734905	149735894	6	187	140.5519	24	113.4179	2.65595305705082	0.453359532592282
chr3	149735895	149739201	41	367	963.09	305	767.68	-0.0567190345163411	-1.35046634086188
chr3	149739202	149754312	88	689	2044.242	0	1687.029	31.6537665480742	-1.52756588723974
chr3	149754313	149755819	20	349	476.328	648	384.2941	-1.19903560083281	-0.407304101767348
chr3	149755820	149790058	232	5237	5517.417	4292	4379.2474	-0.042743832170282	-0.0338281981043102
chr3	149790059	149797880	53	1445	1242.69	1898	1007.87	-0.692091677105086	0.259027263374259
chr3	149797881	151772070	21751	505344	513069.9363	400245	408314.3663	0.0103829620230763	0.0195345266800956
chr3	151772071	151773375	17	161	397.545	0	328.269	31.9186991677339	-1.26263326765184
chr3	151773376	152955475	12252	289647	288798.7859	227700	229197.7604	0.0171654063382938	0.045655264184269
chr3	152955476	153027624	665	12574	15721.3211	13003	12440.9816	-0.382547276977726	-0.280854568604559
chr3	153027625	153048184	198	4403	4647.552	8887	3747.018	-1.3204620369214	-0.0365599438979119
chr3	153048185	153070173	169	3060	3988.3426	5344	3213.5619	-1.11252873008634	-0.340833471181129
chr3	153070174	177699918	269390	6268282	6393748.7701	4913225	5016250.6879	0.00482287447425088	0.0128322473946787
chr4	784	13559695	144177	3305872	3387013.9213	2682753	2738937.0873	-0.00160544921762969	0.00644116833985559
chr4	13559696	13610415	205	2254	4809.111	14	3970.338	7.05788414821477	-1.05185849112504
chr4	13610416	13662937	24	396	562.0794	196	466.7659	0.750047707218953	-0.463849292365977
chr4	13662938	13685606	20	174	482.25	2	392.467	6.14920928715789	-1.42926971302866
chr4	13685607	24179644	110703	2491691	2591819.9065	2085608	2146998.2754	-0.0115115917558049	-0.0154160889043203
chr4	24179645	24185918	82	897	1920.48	4	1608.9	7.55704754209684	-1.05686283029202
chr4	24185919	49089014	258871	5860327	6058633.7141	4889888	5003674.0087	-0.0113492350809691	-0.00658710074586271
chr4	49089015	49089464	6	67	138.846	0	113.261	32.1715040398932	-1.00982839554988
chr4	49089465	54483183	60357	1343989	1413191.7515	1128752	1167296.7397	-0.020517385048067	-0.0310116844413402
chr4	54483184	54483783	8	1	185.813	88	156.574	-6.70296267361051	-7.49628338444931
chr4	54483784	54937344	4790	112193	112453	94836	93217.7	-0.0246946754191734	0.0380847347670426
chr4	54937345	54941172	47	2	1099.62	455	900.5	-8.11445386049408	-9.06136503865515
chr4	54941173	62148744	86927	1993519	2041413.3813	1617084	1648742.781	-0.00280357242438849	0.00717322025095761
chr4	62148745	62150857	28	291	649.332	500	533.155	-1.06183452768097	-1.11651293694326
chr4	62150858	71856741	104266	2350832	2445027.2819	1929282	1993186.7296	-0.0061905768661012	-0.0152549022759369
chr4	71856742	71860217	39	0	925.637	444	753.577	-33.2158052432334	-33.1778567301018
chr4	71860218	75006701	31402	708915	734829.6804	593331	608885.1402	-0.0109885945266871	-0.0103730239150939
chr4	75006702	75007676	13	165	300.202	0	250.404	32.3592890904991	-0.822043344980374
chr4	75007677	105472087	303754	6875329	7120408.7719	5648374	5817823.1033	-0.00441179697235729	-0.00910709620028921
chr4	105472088	105473290	16	0	377.456	156	315.049	-33.2158052432334	-33.1778567301018
chr4	105473291	107844025	23944	534554	560725.0974	449033	466818.2155	-0.00944286178705599	-0.0275337310505268
chr4	107844026	107845625	14	4	327.824	167	276.107	-5.62792259364896	-6.31535343720865
chr4	107845626	108538820	8235	186076	193084.3542	156043	159291.7882	-0.0201353164440746	-0.011915057988738
chr4	108538821	108539720	10	1	236.275	202	190.807	-7.96308862912367	-7.84289892431418
chr4	108539721	108722753	2259	51362	52871.203	43192	43651.2521	-0.0230461515381621	-0.000356553319536046
chr4	108722754	108725783	40	5	937.335	801	775.228	-7.59419867835752	-7.50906860289133
chr4	108725784	119350033	113143	2603439	2662655.0592	2136237	2153343.8927	-0.0174642069052444	0.00897728005929122
chr4	119350034	119350708	9	114	210.577	0	172.939	32.337442610432	-0.843889825043498
chr4	119350709	126484524	84425	1965758	1997483.315	1577697	1584858.7164	-0.0130879445740972	0.0183264922645269
chr4	126484525	126485424	12	62	277.196	213	226.309	-2.06965008320152	-2.11914209918563
chr4	126485425	137917092	126262	2879830	2960328.8019	2382595	2416893.5377	-0.015677882524452	0.00165044498707206
chr4	137917093	137917325	3	0	68.3532	36	59.6127	-33.2158052432334	-33.1778567301018
chr4	137917326	142137834	47465	1069511	1110458.8446	877301	914356.8709	0.00895654313507801	-0.012780385538665
chr4	142137835	142139264	19	489	446.158	149	373.764	1.46257074995796	0.173703975168742
chr4	142139265	168430186	268233	6155830	6320924.4834	4946696	5081928.9976	0.00420449495063108	0.00324203054559551
chr4	168430187	168432051	23	246	541.116	419	438.483	-1.06823321245661	-1.09585536565644
chr4	168432052	184224823	182452	4171806	4284332.3761	3407904	3460981.8209	-0.0126259640235678	0.00302588130583914
chr5	34651	1178749	8180	187544	191935.7517	154484	158820.8355	0.0100241130017275	0.00802986117372678
chr5	1178750	1179614	9	4	209.04	92	173.538	-4.78861366893946	-5.6662109932339
chr5	1179615	1944544	7065	162860	165982.0498	134469	136173.5828	-0.00574598075168552	0.014029297222179
chr5	1944545	1946907	28	0	650.523	274	528.242	-33.2158052432334	-33.1778567301018
chr5	1946908	4579595	29662	659470	694359.5015	543998	567333.0771	-0.0103054360663741	-0.0329515549418251
chr5	4579596	4580779	15	179	353.066	3	288.766	5.61229195685759	-0.938554090753385
chr5	4580780	16367766	121963	2742891	2857895.9879	2266554	2347781.0883	-0.00498305186872651	-0.017831900164959
chr5	16367767	16374391	58	656	1383.84	3	1128.02	7.48118065472169	-1.03548520874705
chr5	16374392	33245596	177308	3975904	4152629.841	3298830	3412539.9973	-0.0103751267589883	-0.02131813617069
chr5	33245597	33253622	37	0	869.804	186	695.402	-33.2158052432334	-33.1778567301018
chr5	33253623	33374774	1208	25794	28293.5898	21576	23400.1467	-0.0128738634034937	-0.0920154977853873
chr5	33374775	33384309	70	29	1658.0577	515	1339.2207	-4.45507239909535	-5.79587327565383
chr5	33384310	35214378	20099	452029	470712.3916	376248	388974.2403	-0.00696409187270778	-0.0170062818833862
chr5	35214379	35215128	10	162	234.957	1	196.557	7.08587667351946	-0.494978718047886
chr5	35215129	35362427	834	19144	19527.4108	15178	16180.2778	0.0671220149720927	0.0128158504153111
chr5	35362428	35369747	55	962	1275.75	408	1053	0.964103241781759	-0.36581262365131
chr5	35369748	35601224	1557	35331	36637.9338	28137	30104.7943	0.0485968892016635	-0.0109793423792933
chr5	35601225	35602346	11	127	263.031	7	215.16	3.89498251896714	-1.00898012493493
chr5	35602347	59639506	257914	5823561	6044554.6594	4811061	4965977.1088	-0.0045362213026872	-0.0123102276575045
chr5	59639507	59650081	141	1610	3325.84	2536	2676.97	-0.965136145057874	-1.00523385749956
chr5	59650082	69943047	106157	2419987	2498414.6375	1963488	2020002.99	-0.00159927617992465	-0.00458941045017364
chr5	69943118	69943942	11	0	258.529	88	204.962	-33.2158052432334	-33.1778567301018
chr5	69943943	88883602	207860	4696777	4875385.6793	3882348	3981123.5711	-0.0141233383311022	-0.012421035398198
chr5	88883603	88889398	66	616	1527.27	223	1281.556	1.2163037339177	-1.26852865784828
chr5	88889399	89464026	5849	131445	136763.4047	111065	113983.7602	-0.0163232328209274	-0.0157987603167369
chr5	89464027	89466568	33	0	774.049	280	645.721	-33.2158052432334	-33.1778567301018
chr5	89466569	89477233	135	3149	3149.66	2529	2646.17	0.0685120741527858	0.0411218756461792
chr5	89477234	89482177	63	4	1480.08	621	1217.51	-7.55671526098704	-8.49003516976998
chr5	89482178	89549243	744	15321	17382.259	12946	14523.3744	-0.0127591336571388	-0.14068090329899
chr5	89549244	89553539	56	1381	1294.75	509	1107.36	1.21790222006948	0.134463980034329
chr5	89553540	90187096	6337	135840	148448.997	113373	123142.9252	-0.00532663208730804	-0.0866347628130445
chr5	90187097	90191365	23	1	552.552	250	450.074	-8.25825655105702	-9.06854213246381
chr5	90191366	90555547	4025	92108	94029.3339	77625	78049.4198	-0.0184421816431627	0.0116397873609694
chr5	90555548	90557502	26	2	608.581	216	497.439	-7.04234144962026	-8.20788122047958
chr5	90557503	90605204	536	11497	12547.1148	9463	10391.079	0.0123534465431839	-0.0846739798558375
chr5	90605205	90608281	36	3	845.082	316	704.445	-6.97794678810356	-8.09656076541972
chr5	90608282	91364177	6277	134062	146799.894	112249	121613.2149	-0.0118774459100811	-0.0895263456015339
chr5	91364178	91370252	16	19	370.286	138	312.964	-3.09976452638549	-4.24314445899013
chr5	91370253	92823399	15490	347472	362921.318	289022	301101.5011	-0.00021378300855134	-0.0213358570762507
chr5	92823400	92839710	73	1105	1683.0456	484	1419.5875	0.948840633191267	-0.565603676593505
chr5	92839711	98970582	63489	1428577	1486073.2402	1189645	1236925.501	0.00277677009491714	-0.0155022017095855
chr5	98970583	98972257	21	208	490.356	337	402.285	-0.978300942851113	-1.19582178328423
chr5	98972258	108800490	110563	2476421	2588588.7244	2055896	2118645.0454	-0.0170588484941052	-0.02248495031642
chr5	108800491	108806374	40	3	936.288	402	782.656	-7.32118748912978	-8.24442179295162
chr5	108806375	110371114	18039	417822	422232.9745	341122	349424.1444	0.0230164094402095	0.0262734258972604
chr5	110371115	110371414	4	3	94.2	56	79.5909	-4.46204028242834	-4.93126843070233
chr5	110371415	126889951	185911	4214331	4356212.9537	3467852	3553497.8586	-0.00909764532362614	-0.006346633001369
chr5	126889952	126890701	10	133	232.754	0	186.604	32.4153769387696	-0.765955496719947
chr5	126890702	126891601	12	268	289.439	211	219.882	-0.0480641142417098	-0.0696021090168526
chr5	126891602	126892595	13	181	305.354	0	247.301	32.4682636078615	-0.713068827637078
chr5	126892596	132557606	62508	1405792	1466579.7236	1148360	1192892.8347	-0.00270718473152021	-0.0196481294750048
chr5	132557634	132558009	5	0	117.193	62	98.8697	-33.2158052432334	-33.1778567301018
chr5	132558010	137797823	53430	1224210	1263268.2401	978156	1003975.4609	-0.00424671488100303	-0.00388573398885376
chr5	137797824	137803929	46	10	1101.929	164	890.661	-4.33923114421654	-6.74246322561356
chr5	137803930	138410377	6722	158518	159402.9038	130826	126065.8526	-0.0580272750054735	0.033392978406734
chr5	138410378	138411502	15	8	361.019	123	281.444	-4.29826567136171	-5.45450673092462
chr5	138411503	142066513	42771	975233	1010571.5484	779103	802480.5473	-0.00522456176352732	-0.0099283992187203
chr5	142066514	142083096	219	4381	5195.154	4159	4086.4824	-0.267807759228126	-0.204482081982518
chr5	142083097	147656772	64977	1519514	1542847.862	1176328	1208023.718	0.0198482579506313	0.0194383792230517
chr5	147656773	147657597	9	124	208.963	0	171.144	32.4698492607723	-0.711483174726534
chr5	147657598	169053820	241082	5662168	5753721.8868	4375885	4456920.1012	0.0068070469254448	0.0182832861152505
chr5	169053821	169693087	7987	204115	192819.872	145779	144060.4202	0.0684952777821274	0.123552682664493
chr5	169693088	173707145	47851	1130555	1148223.2614	855724	878336.2703	0.018731523131449	0.0190522099087855
chr6	0	123769	1366	30552	32069.176	24900	26652.698	0.031691084961501	-0.028496240996599
chr6	123770	126156	29	342	700.126	1	564.06	8.10956218801066	-0.992194039617726
chr6	126157	608573	5298	119286	124211.991	98741	102537.9418	-0.000467333025937806	-0.0169555031131293
chr6	608574	609403	11	120	255.615	0	211.685	32.131818561345	-1.04951387408965
chr6	609404	736264	1350	31383	31704.9132	25759	25981.3721	0.00115358491035252	0.0267010624708971
chr6	736265	740646	58	753	1362.32	1147	1105.94	-0.904460420400712	-0.813919633681793
chr6	740647	784057	555	12958	12997.1	10630	10630.3	-0.000830271638188403	0.0370775264537931
chr6	784058	785032	13	168	307.919	0	242.721	32.3486669965559	-0.832665438921687
chr6	785033	5101822	50053	1143456	1173496.5578	930938	953794.1028	0.00105572227167513	0.00401146103681233
chr6	5101823	5107322	17	767	409.716	161	332.191	1.95303034864386	0.94602656333927
chr6	5107323	6660206	17126	389393	402635.6064	315111	328218.8363	0.0140258142263669	-0.00682359188013831
chr6	6660207	6660581	5	64	116.072	1	96.2117	5.73273994965968	-0.817451964193237
chr6	6660582	17345136	105667	2408452	2487441.2512	1960673	2005291.2401	-0.0106177358406291	-0.00513206175924027
chr6	17345137	17367446	127	2146	2952.653	2528	2460.7441	-0.495787865062116	-0.418937523786158
chr6	17367447	20950165	36050	814937	844050.3026	679542	701258.3671	-0.00178138390557397	-0.00921622859380284
chr6	20950166	20951065	12	0	279.759	113	237.351	-33.2158052432334	-33.1778567301018
chr6	20951066	35777174	165219	3771937	3885330.671	3064369	3136040.2867	-0.00590204135465944	-0.00130758928980302
chr6	35777175	35781224	54	639	1264.32	1045	1047.14	-0.978046716897563	-0.943049601198633
chr6	35781225	51507905	185761	4240387	4356185.8062	3468551	3536855.513	-0.0072596608238884	0.00255466641059609
chr6	51507906	51508430	7	138	169.045	0	128.362	32.9300175765779	-0.251314858987427
chr6	51508431	51564245	641	13164	14983.273	11059	12179.3344	-0.0440648134037079	-0.14533065520107
chr6	51564246	51567997	9	260	215.194	13	172.933	4.00997914315801	0.314297988650649
chr6	51567998	52198865	7293	163103	170495.747	134870	139553.5304	-0.0112275821245503	-0.0225282146914542
chr6	52198866	52204143	70	1	1639.69	696	1331.39	-9.739957513934	-10.6377829138488
chr6	52204144	55282549	35643	800799	835477.6552	665006	683549.0105	-0.018007940268047	-0.0197368524817739
chr6	55282550	55426453	1480	30130	34784.1509	26823	28519.8888	-0.115255972415407	-0.165805212295236
chr6	55426454	91196590	388848	8810476	9100121.7088	7321287	7525905.1625	-0.00342234080240702	-0.0052416565720805
chr6	91196591	91197539	9	71	210.6694	0	165.2009	31.6536668081724	-1.5276656271415
chr6	91197540	105321354	154777	3480920	3630944.3911	2844431	2938539.6456	-0.0104411935432391	-0.0194519583134722
chr6	105321355	105324884	23	5	534.961	201	444.42	-5.59315786021029	-6.6999375799366
chr6	105324885	118133569	146267	3338329	3435161.4603	2721089	2783587.7281	-0.00501465439944439	0.000172450998855128
chr6	118133570	118146258	115	1312	2678.396	1	2221.582	10.0912455044344	-0.988177339414415
chr6	118146259	121572639	39179	889161	917255.392	749082	762949.7371	-0.0149387431449039	-0.00345459044691938
chr6	121572640	121577080	56	455	1299.731	820	1091.56	-1.0981032907088	-1.47285039585854
chr6	121577081	142613253	210433	4879604	4984497.9054	3853226	3944459.383	0.00655236625626471	0.0107401033043853
chr6	142613254	142687304	653	8357	15330.544	12372	12726.159	-0.831157831570299	-0.833927631518324
chr6	142687305	143006088	2729	62192	64051.5776	51264	53005.5321	0.00916750000148873	-0.00108087309040358
chr6	143006089	143056620	372	11341	8747.6454	7243	7235.3118	0.376524731953187	0.416005430639523
chr6	143056621	143126582	470	5065	11052.2836	7706	9061.1949	-0.888515482156287	-1.08428609385854
chr6	143126583	143199494	480	12317	11324.8	9774	9300.39	0.0529831517788031	0.162589554558761
chr6	143199495	143224780	137	1249	3261.082	1977	2658.909	-0.953580004113021	-1.34315302205605
chr6	143224781	143287291	48	500	1137.355	375	941.349	0.145632173629443	-1.14425841050571
chr6	143287292	143341483	327	3995	7725.42	6073	6302.9955	-0.894313896223077	-0.909993646469327
chr6	143341484	143356905	95	2130	2228.29	1873	1829.72	-0.0953358760042395	-0.0236593545498257
chr6	143356906	143363850	76	480	1783.26	748	1469.394	-0.915823933676866	-1.85198653354115
chr6	143363851	143497171	481	8908	11376.4946	7186	9252.4321	0.0152367832074837	-0.311458411280559
chr6	143497172	143516873	80	998	1893.6614	1483	1525.6615	-0.87967465566246	-0.882642450107923
chr6	143516874	143625569	594	12412	13966.3884	9538	11467.1825	0.0990045835918278	-0.128799178284796
chr6	143625570	143661025	107	1666	2512.033	2398	2061.611	-0.807050828964337	-0.55104279701424
chr6	143683317	143777861	507	12566	11908.9394	9327	9815.0198	0.154534317750074	0.118904770373754
chr6	143777862	144703195	9977	226414	233362.5313	182198	189063.2923	0.0132280936546294	-0.00218555352647583
chr6	144703196	144703870	9	122	210.13	0	169.469	32.4383556538013	-0.742976781692224
chr6	144703871	147989969	38418	866962	900677.2224	718364	733727.4309	-0.0210365421498816	-0.0136171983139511
chr7	794	1388367	4080	77141	95648.4105	64938	78800.4777	-0.0276260168625747	-0.268818926751203
chr7	1388368	1464600	47	644	1106.509	243	888.873	1.09361410422315	-0.739458373147046
chr7	1466917	2335761	524	5105	12332.8078	4111	10108.3263	0.0289401411267649	-1.2310942089691
chr7	2335762	2457293	426	14027	10025.534	7867	8097.3753	0.529643873251351	0.525951624525398
chr7	2457294	3050351	7264	172329	172027.2484	131818	134975.7063	0.0401564879832094	0.043952621698462
chr7	3050352	3051101	10	109	235.316	0	187.472	32.1124853714788	-1.06884706395175
chr7	3051102	3515311	5092	117571	120060.7427	92068	95342.3027	0.0236601202267266	0.0111919709186474
chr7	3515312	3532438	73	3177	1714.38	1333	1397.882	0.962019673509992	0.931402384192319
chr7	3532439	3874874	1195	28140	28119.8258	22968	23104.5363	0.0130612769015054	0.0424588904290555
chr7	3874875	3880297	12	154	280.593	4	233.615	5.00591612971099	-0.824124448299931
chr7	3880298	3926931	56	466	1321.219	251	1071.9466	0.594481712445786	-1.46204354261769
chr7	3926932	4063479	119	1284	2786.68	30	2306.35	5.15007870735071	-1.07647792287038
chr7	4063480	4067511	5	112	115.352	78	96.2686	0.264522605760947	-0.00112006681901671
chr7	4067512	4082433	13	95	304.515	1	253.428	6.30839391179731	-1.63908965731189
chr7	4082434	4195066	389	9184	9072.8552	7347	7534.8056	0.0574567294487254	0.0589902269696109
chr7	4195067	4330760	464	5590	10864.7	23	9029	7.66153603890295	-0.917303931621982
chr7	4330761	4674396	1106	15450	25887.148	82	21458.3698	7.29054732758889	-0.703204974417674
chr7	4674397	4687699	95	1697	2236.442	560	1788.815	1.28076238491164	-0.356794560058894
chr7	4687700	4690516	17	219	402.579	167	317.499	0.0520386026416474	-0.836916829083671
chr7	4690517	4885894	1167	13824	27373.2	7	22766.1	10.6851308854765	-0.944164757783686
chr7	4885895	4888149	1	38	24.2573	14	18.9398	1.08705041548148	0.6890046596488
chr7	4888150	4967738	169	2000	3967.45	5	3291.28	8.37776852540426	-0.94678782247585
chr7	4967739	4973851	69	1891	1607.03	1019	1352.44	0.646638747235714	0.276176720719083
chr7	4973852	4978709	31	529	722.764	140	598.253	1.6485476774623	-0.408832707790038
chr7	4978710	5024188	195	2293	4537.39	10	3788.85	7.58446555231181	-0.943202094283161
chr7	5024189	5027505	6	110	142.029	71	116.916	0.354375141741748	-0.327257791842732
chr7	5027506	5042896	48	458	1127.455	5	943.598	6.26392578497385	-1.25822612992329
chr7	5042897	5468084	1627	41110	38203.1	32387	31678.2	0.0773508906322687	0.147223879950776
chr7	5468085	5525343	50	143	1191.295	14	953.237	3.03436825509701	-3.01701943946441
chr7	5525344	5537631	11	320	254.069	181	216.661	0.595777041275224	0.374275767004509
chr7	5537632	5540669	26	330	611.264	1	507.295	8.10082718474198	-0.847905359498276
chr7	5540670	5669527	207	2997	4893.8426	1693	3979.137	0.528900686327409	-0.666024398098382
chr7	5669528	5674879	13	133	308.032	1	248.098	6.74658797705729	-1.1702297686956
chr7	5674880	5680220	22	614	515.278	438	420.485	0.197486830037722	0.294311877123498
chr7	5680221	5694817	18	181	422.436	1	338.094	7.18201317113471	-1.18131887000367
chr7	5694818	5704284	15	214	349.396	82	295.408	1.14523649159513	-0.665828076269386
chr7	5704285	5722105	23	293	533.909	0	449.539	32.3570634507248	-0.824268984754365
chr7	5722106	5752850	158	3408	3715.197	2806	3074.293	0.0107019896295471	-0.0830891578558285
chr7	5752851	5848138	306	9167	7131.657	5643	5970.1293	0.446987889345001	0.403636574756274
chr7	5848139	5853901	24	300	570.197	2	464.656	6.93699695100429	-0.885073729020195
chr7	5853902	5855198	17	579	398.293	278	336.13	0.817143356886806	0.581157442527961
chr7	5855199	5885856	68	819	1574.73	22	1311.65	4.95804203510474	-0.901744912233297
chr7	5885857	5886785	9	274	210.809	66	174.095	1.78105197755628	0.419663651269072
chr7	5886786	5916226	129	2022	3012.7407	2	2491.9937	9.71126672020856	-0.533869292442349
chr7	5916227	5931422	41	489	955.7761	26	791.516	3.96467245969192	-0.925414007978904
chr7	5931423	5941894	5	98	116.285	60	95.8985	0.433210097943606	-0.205387137360012
chr7	5941895	5961308	44	603	1024.78	13	842.225	5.25601355035501	-0.723660098621481
chr7	5961309	5962806	2	50	46.6095	30	38.9648	0.481988674408897	0.142728277239312
chr7	5962807	5979494	42	579	976.515	1	810.262	8.9116414036278	-0.712654637926308
chr7	5979495	5994264	176	5491	4096.388	2727	3389.4407	0.73992477649021	0.464140759754131
chr7	5994265	5995280	12	134	277.618	0	228.526	32.171888543805	-1.00944389163806
chr7	5995281	5997710	27	912	631.527	347	520.573	1.11882993842943	0.571613627644195
chr7	5997711	6001577	14	194	328.529	1	261.871	7.27622408616771	-0.71853985470367
chr7	6001578	6267119	1159	26967	27058.5665	21965	22570.0463	0.0377882084503199	0.0365338430996814
chr7	6267120	6362305	135	679	3157.367	11	2601.931	5.67217255756489	-2.17581426460529
chr7	6362306	6439554	111	2400	2580.6285	1566	2140.0069	0.34931887699009	-0.0632638453097723
chr7	6439555	6460059	56	488	1320.7459	4	1086.06	6.65196388055236	-1.3949756592666
chr7	6460060	6476810	43	1416	1006.31	803	831.175	0.545974440208481	0.534170679580514
chr7	6476811	6498546	79	1767	1863.55	1533	1534.87	-0.0715170115121517	-0.0353272690186167
chr7	6513636	6527596	18	212	432.419	0	346.479	32.1943910044547	-0.986941430993067
chr7	6527597	6528971	3	68	72.1004	35	59.0713	0.674105628629836	-0.043048298012065
chr7	6528972	6554571	129	1781	3019.5	38	2523.82	5.29531933105717	-0.720197937524416
chr7	6554572	6556820	29	1014	682.081	339	552.647	1.2805913655006	0.613466890544079
chr7	6556821	6645387	417	6043	9817.2285	63	8105.3269	6.31079956820942	-0.658626634000149
chr7	6645388	6646154	5	103	117.356	24	96.9541	1.82949594138164	-0.146823047331102
chr7	6646155	6712623	172	1909	4023.06	44	3341.6	5.17489125755997	-1.0340519326899
chr7	6712624	6722070	80	2537	1879.316	1320	1560.063	0.677457915010051	0.47434006731691
chr7	6722071	6725794	21	245	500.207	0	409.776	32.1930131567094	-0.988319278738061
chr7	6725795	6732569	61	1831	1424.142	956	1185.001	0.675820246571273	0.403963006634876
chr7	6732587	6737161	32	408	749.143	0	630.55	32.3460846732078	-0.835247762269334
chr7	6737162	6743419	3	79	71.0711	31	59.1788	1.08887755703218	0.194013843466688
chr7	6743420	6758591	95	1101	2222.37	6	1865.44	7.27052884222165	-0.971860341510074
chr7	6758592	6809735	5	150	113.886	59	98.6783	1.14286570572772	0.438796312082211
chr7	6809736	6867614	34	411	790.511	8	663.546	5.43388122264859	-0.902222924940473
chr7	6867615	7345628	2561	55902	59941.0939	46966	49792.1568	-0.0128680266654283	-0.0592212946076265
chr7	7345629	7356120	40	86	955.318	0	782.866	29.7491841714686	-3.43214826267083
chr7	7356121	7365503	5	130	118.964	91	98.2324	0.241794668851571	0.169410780213282
chr7	7365504	7377867	67	772	1592.59	5	1295.32	6.9759382566288	-1.00327793228792
chr7	7377868	7446338	22	465	513.415	383	424.336	0.00844366300096152	-0.101470511344842
chr7	7446339	7476354	81	896	1895.059	8	1570.717	6.54001110407593	-1.03924790890663
chr7	7476355	7566503	322	6582	7591.732	4460	6269.6004	0.288902452177447	-0.164478818468579
chr7	7566504	7570719	23	298	552.636	0	451.93	32.3317394394646	-0.849592996009849
chr7	7570720	7612608	137	3962	3195.4524	2301	2669.6586	0.528078665001951	0.351632902205426
chr7	7612609	7615839	18	233	417.727	14	344.739	3.78325104751851	-0.800806221942108
chr7	7615840	7624374	86	2609	2000.569	1505	1695.622	0.558613364385647	0.424510774673702
chr7	7624375	7647646	132	1439	3086.681	7	2579.0436	7.42775137788348	-1.05956558092908
chr7	7647647	7763499	901	27896	21078.4944	17034	17593.8029	0.454412253465963	0.44571066663714
chr7	7763500	7787840	251	6186	5894.623	4915	4898.282	0.0681674101843729	0.111031506039524
chr7	7787841	7810942	209	6048	4956.504	3592	4065.447	0.469237587089495	0.328559463680217
chr7	7810943	7822693	35	396	813.762	0	684.736	32.1836501719318	-0.99768226351377
chr7	7822694	7903046	676	16346	15763.4827	12960	13214.8895	0.0839256771880995	0.0937755471608062
chr7	7903047	7950170	91	665	2142.205	0	1761.104	31.5350863537041	-1.64624608157318
chr7	7950171	7983706	56	763	1311.289	491	1081.736	0.361798505562593	-0.739806500491035
chr7	7983707	8225671	213	2206	4994.816	8	4127.422	7.83550212543521	-1.13757452268919
chr7	8226136	8238906	153	3533	3574.12	2672	2988.12	0.148099460306603	0.0247298949033543
chr7	8238907	8240715	22	250	513.491	0	425.143	32.1843457588736	-0.996986676572034
chr7	8240716	8350972	698	15023	16309.161	12300	13570.381	0.0267689884510815	-0.077085408895876
chr7	8350973	8376156	74	854	1724.57	2	1435.94	8.47732664111341	-0.972504494709473
chr7	8376157	8376985	3	44	71.9889	47	59.5757	-0.364732003488603	-0.668846731165347
chr7	8376986	8385860	34	370	809.976	4	665.452	6.25131258755632	-1.08892967101496
chr7	8385861	8388689	19	384	447.7827	144	362.0625	1.11195317350343	-0.180268261130381
chr7	8388690	8394267	15	177	353.69	3	292.544	5.61228694030552	-0.95731185042993
chr7	8394268	8483715	843	19015	19638.2146	16220	16505.976	-0.0178355007663279	-0.00510161571380758
chr7	8483716	8492167	7	82	160.188	0	136.148	32.2566863927025	-0.924646042757646
chr7	8492168	8797942	1797	42740	42060.0806	34971	35045.2074	0.0296691105183245	0.0645595121935407
chr7	8797943	8819593	35	446	823.352	6	687.75	5.95978797836552	-0.843041415297016
chr7	8819594	8862264	73	2009	1706.8568	968	1428.1945	0.799724758689344	0.27655975716936
chr7	8862265	8870858	24	261	578.104	15	467.958	3.8195410988359	-1.10585502875536
chr7	8870859	8908943	52	735	1219.7241	400	1019.0296	0.621861064785855	-0.689314474882124
chr7	8908944	9021967	30	306	702.272	23	581.768	3.46571561697557	-1.15707404319229
chr7	9021968	9093102	181	1616	4229.68	2	3527.611	9.39982989422008	-1.34669710192723
chr7	9093103	9510150	2462	58924	57693.4497	47690	47858.8025	0.0390210615629079	0.0718720586673564
chr7	9510151	9513052	25	283	603.495	531	478.936	-1.23794303815873	-1.05111554605971
chr7	9513053	9847307	3173	76407	74544.266	62575	61151.7764	0.00589116068561877	0.0770316516106332
chr7	9847308	9858905	43	84	1020.634	0	829.557	29.6198241850328	-3.56150824895627
chr7	9858906	10831889	3905	89380	91792.5834	71807	74726.3575	0.0225428686255752	0.00299867128064894
chr7	10831890	11760267	10791	282047	262770.0112	191712	192446.6674	0.111128705334073	0.143559174132253
chr7	11760268	11765845	56	745	1329.06	4	1036.47	7.18584440661765	-0.793669686386141
chr7	11765846	13137549	16482	431077	401784.9385	292999	293430.2915	0.107119882788636	0.142946325324502
chr7	13137550	13225380	588	24658	13842.504	11214	11381.5806	0.857826503674326	0.874375068194648
chr7	13225381	13514965	2519	59253	59053.698	47960	48638.5317	0.028604518838463	0.0462850135097185
chr7	13514966	13532315	28	206	655.815	0	534.785	31.5521120920546	-1.62922034322814
chr7	13532316	13558944	29	880	679.398	994	555.277	-0.463315953891327	0.414670771390355
chr7	13558945	13577927	37	144	857.464	11	714.881	3.45159608605003	-2.53258307076042
chr7	13577928	13606597	126	1004	2952.04	1525	2414.837	-0.889360726359445	-1.51452878149441
chr7	13606598	15952312	20766	473654	489239.9551	382236	392834.695	-0.00377426459343468	-0.00528444326794079
chr7	15952313	16013618	65	756	1528.44	14	1266.84	5.48753760119151	-0.974177560693324
chr7	16013619	16017543	6	86	138.417	57	115.458	0.335197444111948	-0.645188357811522
chr7	16017544	16032037	35	465	810.465	14	669.704	4.78198138348948	-0.760094948935945
chr7	16032038	16238089	375	4456	8818.32	3	7275.84	10.2626563594385	-0.943330378817408
chr7	16238090	16286910	305	6690	7187.36	5485	5813.9604	-0.0159504085736747	-0.0620315196867301
chr7	16286911	16379747	227	2588	5312.83	24	4407.2	6.48651689826038	-0.996218713777333
chr7	16379748	16443129	336	8574	7834.1791	4584	6518.8931	0.641681985364255	0.171610525420123
chr7	16443130	16472523	375	8148	8798.6282	6946	7342.8894	-0.0271914645276126	-0.0694084105037473
chr7	16472524	16515143	235	7456	5467.714	4175	4598.856	0.590438610752905	0.488888297076714
chr7	16515144	58229928	414199	9394715	9709830.6366	7747977	7943744.5686	-0.00812146723216723	-0.00617251636570303
chr7	58229929	58241193	69	6	1625.43	635	1323.19	-7.01897574728162	-8.04021895302917
chr7	58241194	70672424	142471	3268712	3343688.1629	2660509	2712119.1651	-0.00152404556992093	0.00870618259991435
chr7	70672425	70674392	22	268	507.227	0	426.005	32.302358112146	-0.878974323322987
chr7	70674393	72498933	20477	464262	481401.8052	379149	389398.2487	-0.0103451676698223	-0.0108781321720925
chr7	72498934	72512499	126	1503	2948.94	2453	2423.63	-0.986253519407469	-0.930927240891714
chr7	72512500	72934162	3455	73659	81166.0367	60826	65946.362	-0.0199337120962105	-0.098590138934924
chr7	72934163	72936242	27	309	633.842	525	501.471	-1.09919186601477	-0.995092202371452
chr7	72936243	77096998	48042	1081109	1129369.6488	883898	910558.506	-0.0166582510056333	-0.0215815600026056
chr7	77096999	77098652	22	253	517.905	472	410.455	-1.23163719390709	-0.992125882731419
chr7	77098653	113595921	393214	8849989	9204662.9751	7314545	7577571.9845	-0.00224600356093094	-0.0152650179281853
chr7	113595922	113597817	25	293	589.854	569	479.278	-1.25354746808121	-0.968033020693974
chr7	113597818	117081234	38351	910435	915117.347	692643	711171.8738	0.0341612853820819	0.0340234849733073
chr7	117081235	117092214	139	5013	3256.44	2626	2616.96	0.620879251347763	0.663802807764077
chr7	117092215	117227152	1726	44264	41659.1	32763	31446.1	0.0317914994852699	0.128926375958762
chr7	117227153	117248435	280	9652	6957.8	5458	4819.19	0.296090698360051	0.513620924738058
chr7	117248436	117812878	7244	181357	174355.9968	132349	131945.8549	0.0558708866973294	0.0982206652776218
chr7	117812879	119135352	9046	206596	214292.5399	166101	169609.3321	-0.0191388075148211	-0.0113450860779344
chr7	119135353	119135993	6	0	138.89	51	115.29	-33.2158052432334	-33.1778567301018
chr7	119135994	125149592	74227	1772204	1773207.0056	1358450	1369952.1648	0.0148234746911135	0.0406079348569532
chr7	125149593	125153717	53	409	1233.802	1	997.878	8.37325705299597	-1.55151392251303
chr7	125153718	145202346	235853	5481622	5574213.8453	4340010	4420929.9425	0.00596170780452129	0.0172587155302606
chr7	145202347	145204476	21	241	489.81	0	403.969	32.1995675725896	-0.98176486285919
chr7	145204477	145371604	951	21905	22242.1795	17005	18228.3154	0.0816599887691864	0.0193862696284234
chr7	145371605	145499120	60	310	1403.166	257	1160.9292	0.000569856938195543	-2.13692135545684
chr7	145499121	145677524	57	861	1338.205	243	1104.3162	1.5513868086881	-0.594789778037026
chr7	145677525	145729228	580	11870	13578.907	9396	11078.3561	0.0470534819832841	-0.15262320422697
chr8	510	4283987	38851	871074	909926.4393	735682	756099.5154	-0.0199850920195096	-0.0215304153504167
chr8	4283988	4322821	217	5457	5074.83	247	4226.733	4.20518428634026	0.14617276785864
chr8	4322822	4324278	6	255	138.94	72	117.051	1.58057939828378	0.917459463490955
chr8	4324279	4339180	91	2270	2129.18	124	1789.47	3.94699041311794	0.13381859663307
chr8	4339181	4404800	10	199	232.2433	68	194.6381	1.29779465005359	-0.181444327108881
chr8	4404801	4420836	12	145	280.278	1	229.0886	6.89243192442035	-0.909381387346567
chr8	4420837	17148802	129074	2932889	3026801.6063	2424317	2478397.745	-0.0101665584314611	-0.00404742598390071
chr8	17148803	17161847	110	735	2572.4102	1012	2113.2383	-0.741582682078165	-1.76588034076878
chr8	17161848	17285329	1201	27215	28124.0542	22636	23290.7777	-0.00278706752037708	-0.00597832493990881
chr8	17285330	17290679	66	772	1568.99	1351	1284.88	-1.09208174678301	-0.981739185608565
chr8	17290680	18116958	6186	139748	145045.2886	116103	120341.1487	0.00152468979921036	-0.0122515792455032
chr8	18116959	18135155	138	1687	3270.0772	2627	2681.2308	-0.92190980468865	-0.91344050260063
chr8	18135156	22904216	45328	1076355	1068297.9198	860255	863663.8689	0.0200212187626201	0.0522641680996056
chr8	22904217	22908851	57	743	1354.1	1110	1072.39	-0.912154469084141	-0.824475950661001
chr8	22908852	37996372	170885	3950377	4006294.7185	3208909	3255649.2392	0.0040598880980128	0.0211460055657554
chr8	37996373	37998354	26	0	605.286	245	509.638	-33.2158052432334	-33.1778567301018
chr8	37998355	39892895	14159	318098	333154.5492	259620	270116.525	-0.00606421070632568	-0.0252960735608931
chr8	39892896	39893252	2	62	48.5883	248	35.6627	-2.44271731753108	0.393083477839395
chr8	39893253	41407281	9980	217228	233693.2707	177542	191267.933	0.00550425266757475	-0.0639818988151345
chr8	41407282	41416849	38	3	901.29	227	735.72	-6.53094484132398	-8.18946081071925
chr8	41416850	98584101	627141	14298177	14751349.2115	11605633	11896617.2137	-0.00581380151383875	-0.00359147878670488
chr8	98584102	98585987	25	3	581.176	296	486.032	-6.87893896678577	-7.55644456960542
chr8	98585988	122339384	266232	6083720	6263286.1135	4894799	5044265.1875	0.0049041815846492	-0.000541810042074591
chr8	122339385	122340144	7	0	161.649	66	132.543	-33.2158052432334	-33.1778567301018
chr8	122340145	122447549	885	21587	21036.2958	16235	16444.6345	0.0592673379718442	0.0787062928220107
chr8	122447550	122448439	10	2	232.299	100	189.504	-5.93413511847571	-6.81841489789707
chr8	122448440	133306290	122502	2806328	2893717.6101	2245889	2294629.7794	-0.00979001676359384	-0.00281628204862075
chr9	501	9959635	73928	1627691	1732296.9429	1338359	1422398.2747	0.00147662339756125	-0.048435187790612
chr9	9959636	11878307	16782	408421	402497.3011	302423	308132.8987	0.0515385040759804	0.0625021574241766
chr9	11878308	13005976	5573	110142	131496.1133	90927	104085.6842	-0.0571887443498028	-0.214231227864893
chr9	13005977	103939179	1008663	23063238	23684507.8099	18862865	19252555.2374	-0.00537179070333196	0.00307560415327886
chr9	103939180	103947327	64	975	1480.518	342	1221.8982	1.23790366308004	-0.561203687808254
chr9	103947328	104236864	3115	74143	73001.953	59356	60487.589	0.0530964211073401	0.0637996495739413
chr9	104236865	106207377	16357	360875	382705.2295	299886	315127.4204	-0.00973758522264162	-0.0433101935533143
chr9	106234590	106237190	20	77	461.944	233	383.1432	-1.86375816587218	-2.54336339835844
chr9	106237191	120073448	154559	3521047	3624889.7056	2903326	2950066.0408	-0.0154162312431146	-0.000508395181171448
chr9	120073449	120073973	7	112	162.828	2	135.889	5.54991048720775	-0.498425856372423
chr9	120073974	120358573	2900	62756	67582.8139	51890	55915.182	0.00435620337268934	-0.0654788019396079
chr9	120358574	120360898	31	393	717.912	664	600.31	-1.01127753527099	-0.827853481130233
chr9	120360899	121315350	8642	194789	202051.5663	160012	168147.1954	0.0222089916342648	-0.0113871076208143
chr9	121315351	121319284	52	1390	1230.3	0	1014.67	33.3988313879637	0.217498952349421
chr9	121319285	122086633	7018	155673	164666.9602	127554	135677.432	0.0115159647205306	-0.0396081495054734
chr10	1186	491742	917	12616	21672.7294	9621	17308.8905	0.0701039083954881	-0.739202069396179
chr10	494889	5729917	49138	1139903	1158951.2096	909868	924997.6123	0.00335931873009177	0.0175154504935959
chr10	5729918	5733943	53	0	1239.07	502	988.699	-33.2158052432334	-33.1778567301018
chr10	5733944	13200542	84902	1979368	2000495.077	1574499	1601222.4714	0.0124394138973277	0.0261070007417326
chr10	13200543	13399937	2131	45416	50518.3363	37138	39837.5787	-0.0488969353981424	-0.112182262555941
chr10	13399938	34030411	246851	5703639	5812720.0651	4572167	4686955.1455	0.0119178351840475	0.0140934597362224
chr10	34030412	34035708	45	562	1046.47	6	878.463	6.30046197846159	-0.855464698684098
chr10	34035709	45501369	123565	2851075	2912192.318	2272439	2325377.5268	0.00609945384281692	0.0108245773508257
chr10	45501370	45558407	735	19416	17706.1273	13218	13494.9162	0.166385137370459	0.174421533461636
chr10	45558408	61989698	191825	4434299	4524981.0418	3526435	3609124.8564	0.00770861643599311	0.0122185239899617
chr10	61989699	74768302	144912	3936893	3417405.3037	2673605	2727783.0665	0.236574425218001	0.245580359910951
chr10	74770066	74778367	95	4011	2212.58	1793	1798.76	0.866335271509553	0.899656565506899
chr10	74778368	101831105	321826	8625971	7600406.2391	5907900	6053954.1316	0.221318377203654	0.224034552553935
chr10	101831106	101831931	11	275	275.928	57	196.89	1.78697147568894	0.036563974876886
chr10	101831932	110410565	99146	2746995	2381670.3359	1779143	1814972.9192	0.238121806099559	0.247304770124748
chr10	110410566	110412724	28	0	663.21	285	529.775	-33.2158052432334	-33.1778567301018
chr10	110412725	111165787	8928	236513	209383.1771	160898	168274.785	0.243922276189307	0.217198169228157
chr10	111180522	112626397	644	6166	15088.3176	5112	12372.1805	-0.0124094042753361	-1.24960093562453
chr11	797	8860931	89986	2045046	2105671.6684	1701487	1752293.671	0.00377695306281609	-0.000722984882355379
chr11	8860932	8862446	19	0	442.807	134	368.062	-33.2158052432334	-33.1778567301018
chr11	8862447	23020145	154145	3491913	3605661.2052	2920007	2995792.6301	-0.00580458829925611	-0.00482201075510724
chr11	23020146	23120801	19	113	440.74	4	370.557	4.57342229679436	-1.92218084446986
chr11	23120802	34039131	121279	2780145	2851491.3999	2281551	2310718.4359	-0.0147542732376455	0.00486766684366431
chr11	34039132	34054520	189	5169	4459.24	3322	3544.5	0.310093115833006	0.254511572393743
chr11	34054521	38015437	43743	999713	1030167.0681	805286	821845.336	-0.0104510689051815	-0.00186822049354939
chr11	38015438	38028567	26	6	617.192	268	492.534	-5.80314701985066	-6.64318881735791
chr11	38028568	38030470	18	213	421.716	267	345.518	-0.610021493846872	-0.943994109321516
chr11	38030471	38032184	22	25	520.058	186	412.434	-3.22633617524162	-4.33724830849256
chr11	38032185	38035587	41	766	979.607	667	763.758	-0.155954160109406	-0.313434471930861
chr11	38035588	38036249	7	5	168.285	88	125.012	-4.56286781642454	-5.03141045975157
chr11	38036250	38048711	136	2610	3181.811	2249	2578.041	-0.085331082774936	-0.244374116192284
chr11	38048712	38049836	15	20	347.342	155	290.864	-3.2067327268653	-4.07686074309229
chr11	38049837	39195894	7396	168852	174612.0796	135868	139358.7946	-0.00832005248993448	-0.0069698808900206
chr11	39227620	39258849	73	1864	1695.8	2918	1394.19	-0.925641163290415	0.177860048158368
chr11	39258850	39273709	7	5	165.757	146	135.634	-5.15377167986099	-5.00957366868144
chr11	39273710	40567498	10258	229853	239861.219	191688	199225.2095	-0.00237252877044672	-0.0200642051233736
chr11	40567499	40572702	18	0	423.127	335	349.907	-33.2158052432334	-33.1778567301018
chr11	40572703	40688625	1277	28844	29945.288	24716	24974.3321	-0.0355812374881545	-0.0126335415351167
chr11	40688626	40691989	4	2	91.6342	89	77.0532	-5.72228899101028	-5.47639001544569
chr11	40691990	40874884	1966	46015	45981.649	38791	38401.324	-0.0100441857690923	0.0424702423297009
chr11	40874885	40878262	45	2	1051.57	848	880.934	-8.97988372449371	-8.99690487937434
chr11	40878263	64478085	259099	5848379	6065447.5733	4874770	5006117.7149	-0.0107435302866786	-0.0111530806169381
chr11	64478086	64487126	116	1381	2747.38	5	2200.04	7.7925184373122	-0.950918929895208
chr11	64487127	90463331	280254	6401339	6596830.3446	5197652	5310762.6137	-0.00886458467082935	-0.00197507125633088
chr12	322	1504094	13371	302329	314164.7411	243947	252408.0042	-0.00273627835768814	-0.0139776844677591
chr12	1504095	1506915	31	42	725.3556	182	595.0102	-2.39777555005646	-4.06880298442333
chr12	1506916	1904651	2839	64650	67156.6684	52001	53249.5803	-0.0171737978879185	-0.0134560719010724
chr12	1904652	1905291	6	1	136.648	67	114.584	-6.31667221141701	-7.05289629580994
chr12	1905292	1952075	566	11545	13394.9876	10027	10511.8343	-0.142824954841037	-0.173000853598827
chr12	1952076	2752607	9054	211276	214769.5497	164331	168462.6254	0.0156390316857936	0.0177636511698449
chr12	2752608	2779858	206	16	4827.388	1916	3922.817	-7.199758871751	-8.19560281002742
chr12	2779859	3726680	2207	42931	51676.8935	34584	42185.8005	0.0226288735188752	-0.226075349507723
chr12	3726681	3751774	168	3027	4008.1657	3633	3254.6637	-0.560230657153391	-0.363629257525273
chr12	3751775	18512455	146357	3387441	3470432.8725	2640233	2729557.0721	0.0165575107396606	0.00650441415739399
chr12	18512456	18530850	221	7442	5391.873	3907	3908.966	0.469105361003305	0.506328093611847
chr12	18530851	20217210	10564	237928	248443.057	190055	201669.3152	0.0266601511440073	-0.0209659439689275
chr12	20217211	21174082	1302	16830	30582.5077	7051	24844.661	0.958840243483266	-0.820247313744448
chr12	21174083	21322710	430	7814	10064.8508	5377	8285.6005	0.262087869210806	-0.32376840650782
chr12	21322711	21781659	272	2645	6383.0455	1270	5163.1161	0.755912038258754	-1.22955299027459
chr12	21781660	21851862	385	7583	9134.1159	6163	7135.2451	-0.0536904703115997	-0.227072153885287
chr12	21851863	21979196	138	3907	3237.2834	2121	2598.744	0.567823194137543	0.312701806154213
chr12	21979197	22311058	3433	84753	82226.6418	61870	62941.9719	0.0719165759052634	0.0850827458074495
chr12	22311059	22596969	3309	66558	79181.2289	51614	60790.9908	-0.0109755788198031	-0.209122156742677
chr12	22596970	22599185	27	5	633.098	201	512.198	-5.63137510224894	-6.94293269584412
chr12	22599186	23717150	14009	330610	333484.9564	255324	258952.4116	0.0113422251380495	0.0289328990766899
chr12	23717151	23717450	4	0	95.127	75	77.0226	-33.2158052432334	-33.1778567301018
chr12	23717451	24023043	3846	95496	91704.3044	69649	70885.1986	0.0873083315215396	0.099875071408181
chr12	24023044	24023343	4	105	91.244	0	74.3504	33.4253443836712	0.244011948054546
chr12	24023344	36537502	124269	2895438	2929688.6546	2297277	2331030.157	0.0075528016221888	0.0244584697000197
chr12	36537503	36537802	4	109	96.2658	0	72.6169	33.4019895363224	0.220657100707775
chr12	36537803	45389332	105964	2500531	2528454.3211	1923985	1956184.9288	0.0113996924559433	0.0254029946328091
chr12	45389333	45520374	1455	37132	34313.671	26625	27179.32	0.14708308674264	0.155303763624603
chr12	45520375	49092886	42800	1033525	1025005.441	777321	786924.7321	0.033132583091263	0.053365937581826
chr12	49092887	49196687	94	1325	2203.244	514	1783.828	1.06497503869854	-0.692212697602683
chr12	49196688	50529963	15049	361931	361581.85	269996	274897.4757	0.0308237512214851	0.0428166392790313
chr12	50529964	50532967	40	557	934.124	763	734.35	-0.797676263787134	-0.704512526172643
chr12	50532968	52716696	26200	618458	623687.6586	483445	485941.8323	-0.00124051792851863	0.0292761313645217
chr13	0	28273732	245158	5565466	5743376.2268	4611364	4758352.2736	0.00334765803816737	-0.00397236098461951
chr13	28273733	28278308	59	665	1396.87	0	1139.48	32.1519851379627	-1.02934729747624
chr13	28278309	30937553	24651	564167	576736.1273	470405	481010.9743	0.00385300369216215	0.00963510227404975
chr13	30937554	30938078	7	94	165.267	2	139.488	5.31340688064356	-0.772641799604792
chr13	30938079	33889900	23948	567073	560032.2779	472096	467392.9543	0.00705591940503678	0.0594487055039319
chr13	33889901	33898357	62	615	1447.247	0	1209.448	31.9881038040727	-1.19322863132977
chr13	33898358	33909395	124	2359	2898.521	1691	2400.1027	0.211553666145047	-0.255717300556542
chr13	33909396	33955505	335	3427	7894.4367	51	6487.8765	5.79069085159709	-1.1624659166683
chr13	33955506	33962089	2	33	50.2641	17	37.4081	0.534229319727195	-0.565638111966336
chr13	33962090	34027717	335	3876	7843.657	15	6446.882	7.73401303248508	-0.975533658612467
chr13	34027718	46159166	134937	3053361	3169072.2909	2513591	2568984.4183	-0.0187384745874966	-0.0122381810362189
chr13	46159167	46159621	6	0	139.453	53	116.701	-33.2158052432334	-33.1778567301018
chr13	46159622	52600516	78629	1817641	1862142.994	1441953	1473096.3861	-0.000593184105902203	0.00652763996157238
chr13	52600517	52601171	8	5	198.186	73	152.659	-4.24096316300875	-5.26735892351708
chr13	52601172	56937407	51373	1136436	1205802.5834	932797	979379.2749	-0.0116970625763422	-0.0440530674698938
chr13	56937408	56939973	34	345	802.992	0	667.937	32.0039674017852	-1.17736503362106
chr13	56939974	57482230	6324	144613	147889.628	121777	123282.143	-0.0111257519552683	0.00910059335181038
chr13	57482231	57482760	7	4	169.049	138	138.274	-5.39496031877564	-5.3598734469796
chr13	57482761	58419058	9914	216119	231853.7861	180389	193314.4803	0.00192467214854032	-0.0599651551107151
chr13	58419059	58422103	13	4	303.212	150	255.24	-5.47381539066925	-6.20275881119423
chr13	58422104	59201206	8538	192323	199590.793	163244	167085.1132	-0.0164849279626619	-0.0120896470688229
chr13	59201207	59211739	27	109	649.465	238	509.025	-1.47467299914827	-2.53349942556297
chr13	59211740	76101517	190593	4305649	4469273.4662	3546804	3663521.1011	-0.00362258525073382	-0.0123853896031654
chr13	76101518	76103317	24	261	557.683	0	460.485	32.1273611677189	-1.05397126771487
chr13	76103318	78144729	24290	550977	568600.2899	449885	465402.9659	0.00697710633888616	-0.00399851950134927
chr13	78144730	78421242	3237	66870	76111.1762	58237	62626.7988	-0.0784293945506476	-0.145324979030316
chr13	78421243	83798428	64027	1455945	1500261.1029	1192712	1225015.3323	-0.00122796046989353	-0.00183353075397086
chr13	83798429	83799423	12	140	276.831	5	228.674	4.53511745579594	-0.942154461205583
chr13	83799424	84324424	6768	154490	159741.9528	124436	127812.551	-0.00612850453810474	-0.00680557973292076
chr13	84324425	84324809	5	75	116.197	0	93.9025	32.5911463338333	-0.590186101685163
chr13	84324810	87424133	35504	812136	832685.2861	661455	674646.2235	-0.00408612709789025	0.00537422859265982
chr13	87424134	87428935	19	0	448.457	131	361.28	-33.2158052432334	-33.1778567301018
chr13	87428936	89192561	20404	465328	479349.3145	379519	388514.3985	-0.00555771024732708	-0.00140514982337223
chr13	89192562	89193272	8	5	188.919	102	157.546	-4.60901621653453	-5.19827167470586
chr13	89193273	94676803	60851	1405161	1426972.7857	1132153	1159462.753	0.0156408620262655	0.0192018384647856
chr13	94676804	94678304	20	0	474.587	430	382.394	-33.2158052432334	-33.1778567301018
chr13	94678305	95947407	14469	324751	340391.8578	270697	275442.4733	-0.0393147126696784	-0.0264383409894429
chr13	95947408	95947941	6	0	142.984	119	119.246	-33.2158052432334	-33.1778567301018
chr13	95947942	96212818	2804	59973	65806.1192	48685	53210.6608	-0.00219491861748445	-0.0924843832098726
chr13	96212819	96213343	7	0	165.433	139	130.893	-33.2158052432334	-33.1778567301018
chr13	96213344	110579625	167253	3845696	3937871.0048	3116485	3151328.0771	-0.0146552354171979	0.00725308912526806
chr13	110579626	110649764	93	1137	2215.968	511	1730.461	0.800532142445074	-0.921280574812091
chr13	110649765	114025099	40758	936151	957796.6237	761236	772230.1815	-0.00881524025753807	0.00844612244372286
chr14	322	693411	248	1866	5815.0619	1510	4752.5179	0.0177736537163976	-1.59842134352687
chr14	693412	741252	70	1548	1669.122	2370	1347.306	-0.920017737527401	-0.0672597180728999
chr14	741253	1443642	4679	89468	109538.3625	74097	90765.4394	0.00421109521453398	-0.250568328370517
chr14	1443643	1476332	395	11048	9544.438	6850	7040.409	0.254084028532201	0.252477287797073
chr14	1476333	17278107	164550	3779666	3866144.4987	3052401	3115246.6084	0.000240768063091764	0.00878741164293323
chr14	17278108	17279137	13	0	310.768	126	244.957	-33.2158052432334	-33.1778567301018
chr14	17279138	39839597	248715	5640772	5824914.3829	4651204	4784496.0505	-0.00210575775045518	-0.0049200012601331
chr14	39839598	39847025	18	207	428.784	0	350.301	32.1721363493516	-1.00919608609151
chr14	39847026	40544651	6361	146737	148495.4303	122283	124199.5272	0.00872569528954151	0.0242383787972845
chr14	40544652	40545331	9	119	210.271	1	175.404	6.63672520049331	-0.77986409868346
chr14	40545332	62739018	228040	5162554	5341556.526	4264063	4399711.5871	-0.000519330035286248	-0.00775101751287918
chr14	62739019	62746444	39	473	911.122	0	755.703	32.2769525930407	-0.904379842423425
chr14	62746445	94622021	350734	8079725	8254128.3731	6534298	6676076.7719	0.00363431400767239	0.0106145332665784
chr14	94625678	97156311	737	7978	17235.5088	4944	14113.8003	0.405546699341204	-1.06986064072141
chr14	97156312	102568867	43759	987523	1024347.4929	812066	846578.6761	0.0107039158112556	-0.0113947349059507
chr14	102568868	102571152	30	325	705.008	566	577.99	-1.08348172515456	-1.07577569120019
chr14	102571153	102766935	2281	50889	53313.8696	42703	44076.2828	-0.0180162195635382	-0.0257328381651886
chr14	102766936	102769041	28	0	652.716	236	528.221	-33.2158052432334	-33.1778567301018
chr14	102769048	114798297	134717	3048838	3161514.5367	2495607	2572110.0824	-0.00531902470701446	-0.0109321393565502
chr14	114798298	114802065	44	463	1032.8622	0	838.4145	32.0651929641925	-1.11613947122768
chr14	114802066	115493372	7489	164489	175392.8021	137034	144580.6569	-0.0117820676341214	-0.0511742149557926
chr15	0	6108368	55667	1252415	1308075.6876	1020123	1054855.0956	-0.0109559046840087	-0.0213091085950358
chr15	6108369	6109193	11	16	254.721	125	210.656	-3.23633747475024	-3.9513498735359
chr15	6109194	6597521	5336	120276	125342.1241	98928	103228.7368	0.00534698108977304	-0.0180983336961771
chr15	6597522	6598196	9	2	206.935	99	169.687	-5.91218254050351	-6.65160963247708
chr15	6598197	6681080	964	23219	22562.7	18673	18669	0.0445327473683299	0.0827903378326114
chr15	6681081	6681680	8	0	187.303	69	156.282	-33.2158052432334	-33.1778567301018
chr15	6681681	7646684	11428	264371	267848.7481	220028	221817.4254	-0.00369334083170168	0.0225695959238094
chr15	7646685	7654167	96	2	2247.01	941	1834.02	-9.1675722976302	-10.0923664488449
chr15	7654168	7654917	10	225	236.567	185	193.779	-0.00196116900861735	-0.0308996180759608
chr15	7654918	7656636	20	0	471.333	243	392.519	-33.2158052432334	-33.1778567301018
chr15	7656637	21027727	150600	3416230	3530170.2013	2801423	2870332.4218	-0.00879893777273327	-0.0059084147508305
chr15	21027728	23324406	524	7336	12271.4881	4395	10007.8279	0.448424856662867	-0.700820444728885
chr15	23324433	30919046	62548	1431913	1468976.2764	1165210	1186741.9463	-0.00697528006704068	0.00455696217312305
chr15	30919047	31949097	504	7126	11814.8244	6753	9642.8493	-0.212027148877633	-0.68800957955588
chr15	31953379	66186517	359129	8209017	8431872.4853	6673068	6826210.5839	-0.00243315288925551	0.00278064441955776
chr15	66186518	66195684	93	1192	2156.24	1818	1814.79	-0.854207408806926	-0.813709311170129
chr15	66195685	86827848	230356	5192548	5388789.1833	4338736	4476373.213	-0.00498727490174379	-0.0120942813059812
chr15	86827849	86828523	9	0	210.813	86	169.426	-33.2158052432334	-33.1778567301018
chr15	86828524	95309337	94152	2131705	2203205.2095	1790108	1821302.8282	-0.0191961792142485	-0.00617185508741526
chr15	95309338	95310312	13	0	304.541	130	252.041	-33.2158052432334	-33.1778567301018
chr15	95310313	96729426	16045	368376	375130.5297	306542	313094.6329	0.00777612054448112	0.0152106102721954
chr15	96729427	96731694	29	0	680.559	288	564.477	-33.2158052432334	-33.1778567301018
chr15	96731695	97045738	3769	87532	88218.5949	72180	73431.4164	0.0170017429834829	0.0301519714789359
chr15	97045739	97046402	7	0	167.864	74	138.548	-33.2158052432334	-33.1778567301018
chr15	97046403	106498168	108014	2470678	2530158.6318	2024914	2074513.4557	0.00406724277109219	0.0071033778965132
chr15	106498169	106521936	311	3468	7329.91	0	5782.26	32.1430650686778	-1.03826736675927
chr15	106521937	107345019	4562	103074	108375.533	82928	85068.1215	-0.0321236209315738	-0.0309344052349533
chr15	107345020	107802423	49	1347	1150.9729	739	934.9589	0.569700273542866	0.26832020451008
chr15	107802424	111239624	36299	825968	851089.5056	674717	694310.9001	0.00155004128674025	-0.00180075407337995
chr16	17697	6522154	70728	1626844	1664468.2395	1306644	1333997.5337	0.00038015174796625	0.00843879282503936
chr16	6522155	6523072	12	0	285.654	103	228.29	-33.2158052432334	-33.1778567301018
chr16	6523073	17156946	112577	2599251	2650522.3536	2087288	2138423.4273	0.0102128275694765	0.0132434672903986
chr16	17156947	17161876	51	3	1181.4	551	995.002	-7.76519645742661	-8.57989502542899
chr16	17161877	29964526	132566	3043113	3121259.0825	2435965	2520723.6049	0.0162400298053047	0.00484401116830039
chr16	29964527	30606880	222	3387	5255.6716	2024	4186.1387	0.418019383827405	-0.592442926024754
chr16	30606881	30785684	86	1722	2001.571	1526	1686.324	-0.0694451523826792	-0.175623430434424
chr16	30785685	57056776	262915	5939776	6154031.2696	4911810	5076597.5403	-4.04069134652633e-05	-0.00969902999023725
chr16	57056777	57058051	17	417	397.676	1	331.448	8.44456828154432	0.109878105374086
chr16	57058052	64896286	90305	2064622	2114085.0968	1698915	1727690.8691	-0.00644864343897442	0.00726844014938754
chr16	64920066	64978895	129	2361	3021.0532	1296	2528.4676	0.612019730770902	-0.314229329269537
chr16	64978896	90668716	285545	6573408	6712645.5007	5317639	5428486.8844	0.00300006719632459	0.0111842975841185
chr17	545	9589550	102063	2360815	2409890.8543	1886852	1921045.6678	-0.000296559440310648	0.0117414041042605
chr17	9589551	9825462	2978	75503	71624.403	53580	54067.288	0.0926198775928199	0.117506978995355
chr17	9825463	36929852	300223	6783530	7058616.7669	5506355	5675684.6656	-0.0101767617264476	-0.0159250607500083
chr17	36929853	36931919	24	254	552.852	1	459.045	7.72390259486532	-1.08064060263471
chr17	36931920	59757695	222148	4981711	5202739.8367	4126612	4267218.7832	-0.0108162479100826	-0.0212060180512214
chr17	59757696	59777987	133	1564	3111.9227	2474	2549.8962	-0.945496986483192	-0.951141492594296
chr17	59777988	59836259	706	16189	16472.21	13290	13508.502	0.00198204447785425	0.0164039638004341
chr17	59836260	59840396	52	432	1215.7082	4	985.8109	6.45594902229228	-1.45126955120464
chr17	59840397	60272129	5327	118980	124185.982	98134	101582.5479	-0.00847994988291952	-0.020359030329943
chr17	60272130	60274454	31	361	732.833	0	597.176	32.2012710211276	-0.98006141432154
chr17	60274455	82617160	243862	5474321	5714866.4003	4517594	4660234.3632	-0.0137161438964124	-0.0206155201219687
chr17	82617161	82617685	7	69	163.075	1	138.409	5.87540227072988	-1.19944314240493
chr17	82617686	89385792	77335	1748726	1811931.602	1442822	1478135.5745	-0.0128632604021906	-0.00980002009856159
chr17	89385793	89463173	221	1920	5156.6001	950	4169.8822	0.712169058019143	-1.38388963718486
chr17	89464669	90843705	12724	283731	298415.7039	233461	243724.9459	-0.00725161032821607	-0.0313754535984259
chr18	0	448162	2745	67485	64934.3659	51696	52288.0693	0.075489505157852	0.0970088734793023
chr18	448163	27353984	295611	6714231	6929969.7956	5512672	5667271.8251	-0.00224854870388605	-0.00420267230038806
chr18	27353985	27354284	4	2	97.1851	78	74.0194	-5.67475820775677	-5.56123901211438
chr18	27354285	29846876	28105	653280	662721.789	520621	528479.1969	0.00438700137170753	0.0207223384003713
chr18	29846877	29850264	45	538	1054.09	0	871.358	32.2524366804139	-0.928895755045445
chr18	29850265	30860938	9577	238782	225140.198	191083	183922.3134	0.033243209622552	0.126294637577802
chr18	30860939	30918437	659	20260	15652.6587	14126	12397.7697	0.187429759554442	0.413650664456897
chr18	30918438	51320910	212614	4826404	4980619.7249	3986185	4084666.9354	-0.00669109739450538	-0.00395236199625037
chr18	51320911	51325673	63	2	1513.81	1294	1205.28	-9.66296188209928	-9.52254409909673
chr18	51325674	60530586	104636	2423576	2457012.5233	1979186	1989162.3822	-0.00903832853251027	0.0216563319771312
chr18	60530587	60535612	67	2	1568.93	624	1264.18	-8.59350554757533	-9.5741409386065
chr18	60535613	61798643	13406	302514	314978.2278	246633	252073.7577	-0.0232944078755845	-0.0168259797115089
chr18	61798644	61799384	9	116	211.794	2	171.06	5.55329741433774	-0.827112694815326
chr18	61799385	62378504	6952	155919	163171.7495	127161	131971.6803	-0.00854674259049756	-0.0241703382415855
chr18	62378505	62381437	37	0	862.903	403	703.925	-33.2158052432334	-33.1778567301018
chr18	62381438	63311134	10107	232314	237574.0014	186482	191535.4824	0.00975013573496721	0.00912335186603572
chr18	63311135	63312919	23	258	563.096	483	406.853	-1.3700496914448	-1.08458561788499
chr18	63312920	65124254	21973	482175	513943.9936	399512	418315.8053	-0.0222249239241751	-0.0506300817255984
chr18	65124255	65125674	14	1	329.897	276	268.344	-8.40298073005004	-8.32444758186694
chr18	65125675	67884617	32598	745924	762147.5214	612081	628658.9916	0.0109891503543791	0.0103825918999181
chr18	67884618	67895607	20	3	469.763	89	381.555	-5.1873372744356	-7.24940253435168
chr18	67895608	68772099	9968	222385	233316.5385	186003	192235.4642	-0.0182047660157472	-0.0278048758704371
chr18	68772100	68777348	68	2927	1582.71	1805	1316.18	0.434859484329217	0.92845002996134
chr18	68777349	71795340	32829	764639	773566.597	612646	618171.6228	-0.000317274079431525	0.0246775049974455
chr18	71795341	76937454	54687	1056159	1288179.7316	1009248	1031432.534	-0.25166241990485	-0.245082636382024
chr18	76937455	76939329	25	2	596.837	201	468.162	-6.99790510560369	-8.17976890399553
chr18	76939330	77216193	2359	45962	56290.5633	43115	43671.9306	-0.270459373009543	-0.251027289306084
chr18	77216194	77217318	15	0	360.117	125	271.915	-33.2158052432334	-33.1778567301018
chr18	77217319	82993863	60923	1178721	1435283.9489	1121109	1150193.4836	-0.243688179659947	-0.242689684460479
chr18	82993864	82995132	5	112	119.1	1	90.7057	6.41792231993883	-0.0472504619938648
chr18	82995133	84894801	22430	440493	524662.9298	427413	436480.1242	-0.218510889897291	-0.2108475475838
chr18	84894802	84896532	23	398	537.543	0	447.542	32.7891449195938	-0.392187515953348
chr18	84896533	84990541	1185	23640	27768.6765	22618	23154.893	-0.194906950603512	-0.19080416316132
chr18	84990542	84991066	7	106	162.748	0	138.524	32.6041811049917	-0.577151330528812
chr18	84991067	86399797	15872	295840	371524.7523	293480	308277.0081	-0.254200391745813	-0.287216982631369
chr18	86399798	86403308	41	1	955.375	377	794.441	-8.8210719874851	-9.85849895841272
chr18	86403309	87654766	12296	229095	288161.4365	225973	239474.1896	-0.243735834001489	-0.289507087175811
chr18	87654767	88201446	216	3325	5080.4969	2005	4111.3548	0.427872080506268	-0.570191047648698
chr19	0	11439003	123802	2869794	2907538.227	2345222	2376928.7143	0.00399886779027249	0.022573240049227
chr19	11439004	11441070	26	1	607.805	202	496.711	-7.94593758820637	-9.20604042629896
chr19	11441071	21298517	107473	2455202	2531415.4169	1973091	2026121.395	-0.00236372768878775	-0.00267833470815339
chr19	21298518	21299267	10	0	233.659	118	185.999	-33.2158052432334	-33.1778567301018
chr19	21299268	25563407	49729	1170979	1172328.5796	930527	937026.7621	0.0118561655600346	0.0397624379120269
chr19	25563408	25564778	18	4	428.539	204	323.329	-6.07537322094302	-6.70185846104249
chr19	25564779	26338581	8899	215415	212886.5397	158835	163143.4418	0.0591218256142496	0.0584581969644729
chr19	26338582	26378541	24	48	564.808	179	464.584	-2.17719862442885	-3.51522999182243
chr19	26378542	26851890	287	1655	6767.5888	1177	5446.9496	0.181999207212506	-1.99038647629775
chr19	26851908	27097170	117	891	2771.809	983	2264.4357	-0.429966553104746	-1.59590629149326
chr19	27097171	27179901	20	50	466.497	178	386.9175	-2.09824335619638	-3.1804435831477
chr19	27179902	36056867	82915	1854572	1944479.8846	1534878	1583949.1013	-0.0194203368736959	-0.0268738127874964
chr19	36056868	36078782	58	704	1384.64	988	1086.178	-0.835710290598968	-0.93443937795425
chr19	36078783	50419049	166759	3841015	3921873.7864	3091323	3146643.8065	-0.000990329662303859	0.0113687093198198
chr19	50419050	50419142	1	30	22.9595	316	17.7005	-3.76871555523199	0.427295495506862
chr19	50419143	61671324	134289	3153816	3199280.9888	2463861	2484657.486	-0.00504738987612093	0.0207750036594042
chr19	61671325	62275498	4231	90094	99078.1141	73585	81679.7972	0.0169079030471503	-0.0957111590526579
chr20	747	4008	7	255	163.75	15	136.006	3.82311393732489	0.680426559298556
chr20	44062	452023	2815	57112	66127.4488	47194	54090.3856	-0.011210902967417	-0.170031117381508
chr20	452024	521973	187	2409	4379.576	24	3623.361	6.37926920693028	-0.820932592305692
chr20	521974	784759	2022	48023	47439.6753	38048	39142.3215	0.0620158052543766	0.0590556151353516
chr20	784760	791693	85	2928	1997.41	1578	1654.18	0.623279784958386	0.593209273333422
chr20	791694	814764	194	3787	4569.078	2824	3764.6283	0.147395394441689	-0.2294234312362
chr20	814765	815332	6	77	139.315	0	114.505	32.3673364046337	-0.81399603084728
chr20	815333	1284340	1795	39726	41972.1722	30420	34874.2665	0.121268832766663	-0.0379253743427659
chr20	1284341	1286238	16	98	382.796	202	305.0302	-1.36764960133938	-1.92429788088601
chr20	1286239	2878790	12097	268336	284196.909	216138	230075.7602	0.01078171734027	-0.0414260248354416
chr20	2878791	2883504	12	218	285.986	4	226.672	5.43632168941364	-0.350192169876213
chr20	2883505	3242623	1072	24192	25424.8018	16551	19678.5794	0.181476912455368	-0.0302822639479725
chr20	3242624	3245423	19	1	445.199	188	354.148	-7.88121106943708	-8.75688225889555
chr20	3245424	3250994	17	169	405.7927	263	310.6906	-1.01982816611826	-1.22229544636748
chr20	3250995	3266018	55	24	1306.85	476	1026.88	-4.65420551213872	-5.7254911156807
chr20	3266019	3427219	1795	43473	42964.8402	30811	32910.5445	0.115543222192937	0.0583873468183119
chr20	3427220	4020364	5597	121031	134011.6519	91064	102502.1277	0.0271949983363022	-0.105557608845925
chr20	4020365	4044844	296	5534	6988.03	3369	5505.194	0.375385523629392	-0.295138938935808
chr20	4044845	4046353	20	261	476.807	4	339.599	5.54180848448022	-0.827931390320066
chr20	4046354	4048153	24	439	586.864	245	433.239	0.40705180406102	-0.377381052858213
chr20	4048154	4065740	211	2649	4944.92	11	3993.85	7.60710913148273	-0.859075118187772
chr20	4065741	4071972	82	1231	1944.322	740	1520.958	0.383422442127839	-0.618012183252278
chr20	4071973	4073472	20	252	473.773	25	373.747	2.99476545361532	-0.869348029946557
chr20	4073473	4276617	2225	48542	52711.1	37918	41739.9095	0.0231470589692579	-0.0774490294731521
chr20	4277402	4280823	26	320	628.947	2	481.705	6.94061521522146	-0.933442325275525
chr20	4280824	15655087	117979	2785074	2823718.988	2108373	2170693.8501	0.0256209890998442	0.0215433586539241
chr20	15655088	15655687	8	8	184.453	72	152.066	-3.44500492710944	-4.48568522133338
chr20	15655688	19756734	48015	1086112	1125790.5319	889299	917986.9926	-0.00248468453303082	-0.0103413194248257
chr20	19756735	19760499	48	2	1150.68	982	888.654	-9.30889638197487	-9.12684666379295
chr20	19760500	19853706	1195	28429	28563.3162	22458	22169.312	-0.0219898832948434	0.0346240855888886
chr20	19853707	19854081	5	0	114.963	119	94.3494	-33.2158052432334	-33.1778567301018
chr20	19854082	20868256	12506	285426	293768.7233	231913	235630.8839	-0.0151433893604405	-0.000139826963638755
chr20	20868257	20868631	5	153	116.384	3	95.1354	5.3850624817309	0.436063135780732
chr20	20868632	21026590	1741	39888	40730.8263	31593	32922.5111	0.0327788512399176	0.0112579244909314
chr20	21026591	21028126	10	199	232.684	39	196.6	2.11158941788223	-0.184179360714632
chr20	21028127	30949293	115054	2633952	2706821.7017	2140455	2184998.8256	-0.00618010091695388	0.00205341332031782
chr20	30949294	30949593	4	0	97.9045	72	73.2189	-33.2158052432334	-33.1778567301018
chr20	30949594	31098547	1732	35863	41555.8473	28517	31855.6497	-0.0493525653189124	-0.17113109604107
chr20	31098548	31099297	10	0	238.005	177	185.367	-33.2158052432334	-33.1778567301018
chr20	31099298	31274174	2140	49707	50814.314	39624	39628.3772	-0.0281508472814771	0.00963830257942652
chr20	31274175	31274974	10	0	230.392	206	190.513	-33.2158052432334	-33.1778567301018
chr20	31274975	31293252	238	5821	5569.66	4595	4490.13	0.0338458158470141	0.105101975588489
chr20	31293253	31294254	10	3	232.056	168	188.176	-6.10626956845994	-6.23194245918721
chr20	31294255	35572910	42962	972515	1011763.9643	781301	814495.2266	0.00642313496304401	-0.0156561347997725
chr20	35572911	35575820	36	0	863.894	783	706.456	-33.2158052432334	-33.1778567301018
chr20	35575821	56190528	230792	5192635	5415617.4656	4277403	4425947.7097	-0.00793204434741112	-0.0192347989589316
chr20	56190529	56205872	197	3961	4718.964	2443	3468.603	0.256571103677322	-0.211181245308488
chrX	598	37713692	346846	7709729	8127559.9647	6471871	6672908.9707	-0.0285334680847772	-0.0347179264226256
chrX	37713693	37723505	22	4	527.691	149	427.657	-5.51893203195848	-7.00212532991856
chrX	37723506	63559811	249877	5651104	5852283.6017	4753901	4856507.0428	-0.0161840441699869	-0.00904272521231992
chrX	63559812	63594080	267	7964	6551.0194	7526	4641.7711	-0.411958402878821	0.323198018964106
chrX	63594081	100974595	349904	7737025	8193402.914	6508231	6783312.2469	-0.0194836748455754	-0.0412596072582073
chrX	100974596	100987607	61	2131	1414.06	1278	1172.72	0.471133720912878	0.633111475528332
chrX	100987608	106138074	51850	1159378	1214149.2827	987382	1005759.7294	-0.0365136508423207	-0.0251705817027992
chrX	106138075	106186533	152	2971	3659.6432	3207	2833.7198	-0.475805930774949	-0.259330174473042
chrX	106186534	150611837	427759	9469434	10014815.1451	8013829	8276758.1272	-0.0307359123468565	-0.0393614713159877
chrX	150611838	150620612	89	1483	2077.2953	1736	1721.4212	-0.494878821388625	-0.444763501757391
chrX	150620613	159969947	80326	1788010	1883548.6246	1496796	1546238.6161	-0.0247374012572246	-0.0336742533586273
