chrom	start	end	binNum	tumor	tumor_expect	normal	normal_expect	log2.copyRatio	log2.TumorExpectRatio
chr1	987	31272479	310307	6529780	6787991.2628	5762509	5951222.3727	-0.00737686520901486	-0.0159585492931446
chr1	31272480	31385444	126	1272	2755.993	10	2424.836	6.80835430734995	-1.07548177992405
chr1	31385445	31518469	1296	28356	28353.197	24746	24963.826	0.0148708650293481	0.0401343909352142
chr1	31518470	31522345	50	573	1089.54	1037	972.363	-1.01787658051163	-0.887120345487674
chr1	31522346	35816514	52510	1156554	1156210.7592	985422	991377.8367	0.0112060797989332	0.0404199979677603
chr1	35816515	35819214	36	403	792.678	0	674.856	32.2454103807432	-0.935963324469409
chr1	35819215	36025388	2435	53842	53535.557	46712	46159.966	-0.00683193694434771	0.0482263614774835
chr1	36025389	36026796	18	197	395.677	1	341.478	7.41160572792088	-0.966135803621766
chr1	36026797	38433761	20516	439191	449935.2216	376947	390396.592	0.0177944812239477	0.00512295596745686
chr1	38433762	38445073	1	230	22.2236	24	19.324	3.06091329972375	3.411461191165
chr1	38445074	54971857	169005	3637175	3715256.7382	3122763	3203818.2934	0.0084102068490624	0.0093482048238495
chr1	54971858	54978712	20	90	436.509	0	379.558	30.9433509850726	-2.238022719724
chr1	54992873	66071347	84124	1721131	1842105.0262	1518728	1612939.4676	-0.00908509342897755	-0.058006635875187
chr1	66071348	66085893	131	384	2870.9056	682	2483.2666	-1.03584763670451	-2.8623359031919
chr1	66106604	66700119	3572	69287	78026.1519	62698	68844.6193	-0.0343640512893609	-0.13138128624407
chr1	66700120	66738873	94	1008	2051.9561	1613	1811.7412	-0.855789249142066	-0.985512453949801
chr1	66738874	67782510	7836	160872	170918.0176	146591	151885.4921	-0.0341191741657927	-0.0473994712647741
chr1	67782511	67785453	39	431	849.59	842	764.935	-1.11547745881635	-0.939087142710656
chr1	67785454	70886171	14149	294533	309767.2943	261915	271094.4124	-0.0209743237364594	-0.0327637720061167
chr1	70904589	71083403	46	457	1003.02	51	882.03	2.98025879815087	-1.0940925296898
chr1	71083404	71804812	6713	137880	147700.116	117960	126916.9083	0.00841332931384145	-0.059265982328726
chr1	71804813	71808502	9	0	195.873	87	172.249	-33.217196419392	-33.1792891760147
chr1	71808503	74975607	27062	565052	594455.8937	492970	515881.9874	-0.0055603808208728	-0.0331943581766668
chr1	74999696	75004734	45	2307	980.172	874	876.713	1.24146705443944	1.27490293711721
chr1	75004735	75015049	133	4454	2889.79	2679	2597.68	0.581750570661203	0.664128674672835
chr1	75015050	75039210	305	13867	6635.61	6218	5989.56	1.01143864376293	1.10334647909398
chr1	75039211	75049762	63	2005	1378.68	1235	1213.97	0.517620856594018	0.5803063722108
chr1	75049763	75060122	138	7012	3001.36	2864	2708.61	1.14581534026035	1.2642013947452
chr1	75060123	75067155	23	647	501.932	461	442.809	0.310276109801459	0.406265559075936
chr1	75067156	75188755	514	5678	11206.5428	10530	9920.7105	-1.06479207812891	-0.94089475041776
chr1	75188756	76313922	6386	134535	139387.077	121210	123174.1244	-0.0258402468847037	-0.011123491306461
chr1	76313923	76345037	140	1808	3075.7769	3196	2677.801	-1.01969031157733	-0.726564411045538
chr1	76345038	76612037	563	9943	12265.2456	9216	10961.1095	-0.0505572655309008	-0.262831237513827
chr1	76616580	76714765	122	2916	2664.4987	4574	2350.1769	-0.82847589175845	0.170118363443524
chr1	76715572	76754897	201	4460	4380.5754	3847	3919.4165	0.0549129162112924	0.0659150991177776
chr1	76754898	77003060	112	1311	2446.438	2223	2171.5712	-0.931699198577585	-0.860023262372187
chr1	77013040	77153920	450	5806	9829.5438	5848	8641.5258	-0.194152605107318	-0.719588115979297
chr1	77153921	77191402	78	1227	1697.02	1997	1505.718	-0.873166523181163	-0.427876545609078
chr1	77191403	77583780	1088	12470	23861.6232	13112	20771.568	-0.270423825277493	-0.896238948189876
chr1	77583781	79146624	16785	359085	373661.9149	302229	311327.8717	-0.0125309666747191	-0.0174163642260323
chr1	79146625	79149249	35	388	770.818	644	659.543	-0.953843046450138	-0.950341836018039
chr1	79149250	96094217	163279	3540381	3626541.7549	2993810	3046586.0798	-0.00739446633565773	0.00530193831464607
chr1	96094218	96163378	21	234	457.785	16	397.442	3.66852339244481	-0.928169888689646
chr1	96163388	113349392	166640	3594560	3667742.3899	3096411	3164402.9476	0.00434374389337088	0.0109146458664744
chr1	113349393	113352134	32	0	693.358	311	623.236	-33.217196419392	-33.1792891760147
chr1	113352135	113361026	27	613	583.578	272	523.502	1.01763450371059	0.110953350032687
chr1	113361027	129629344	134822	2820911	2958220.0555	2444460	2574673.113	0.00838978137124673	-0.0285764528565883
chr1	129629345	129632204	38	890	832.363	372	721.093	1.05355974496899	0.136584272907462
chr1	129632205	131717893	24486	519508	534790.6205	461235	470601.0797	-0.0107410305929515	-0.00183642410832666
chr1	131717894	131718868	13	0	284.902	277	248.25	-33.217196419392	-33.1792891760147
chr1	131718869	148411130	173415	3706467	3808360.1147	3204764	3297271.2808	0.00401375970910641	0.000866534735368303
chr1	148411131	148460230	563	7558	12574.372	7189	10294.2109	-0.214355160394562	-0.69441815271564
chr1	148460231	148629153	155	645	3561.7007	1122	2584.8165	-1.259121503413	-2.42520344839659
chr1	148629154	148651923	164	2056	3723.7771	2046	2879.8132	-0.36167283506622	-0.816934680156393
chr1	148651924	148663094	35	244	803.411	895	579.3096	-2.34472564606452	-1.67926529323219
chr1	148663095	158013086	85557	1813528	1866623.2029	1607227	1655238.1197	0.00291788554656737	-0.00163994110979607
chr1	158013087	158028825	99	1696	2158.185	725	1907.344	1.04991432574948	-0.307690595257206
chr1	158028826	158044872	189	4217	4114.873	3067	3667.543	0.295439360773054	0.0753608901174633
chr1	158044873	158045547	9	0	195.143	90	175.288	-33.217196419392	-33.1792891760147
chr1	158045548	168128432	118664	2583590	2611711.6851	2219580	2253167.0227	0.00813358177904334	0.0243732721595433
chr1	168128433	168133767	62	662	1353.23	0	1192.87	32.1898615345346	-0.991512170666775
chr1	168133768	169032247	8564	184669	186559.635	165327	166810.685	0.000278711629225028	0.0252966063901643
chr1	169032248	169040836	78	49	1695.78	766	1528.53	-4.11421035398512	-5.07303167841207
chr1	169040837	179060535	108203	2351461	2377797.0481	2014389	2056686.412	0.0159958813791034	0.0239235955596121
chr1	179060536	180495209	547	2621	11962.583	1664	10556.8736	0.477200160547389	-2.15034790230196
chr1	180495210	181243840	717	8278	15585.2508	9579	13907.2667	-0.372850742794728	-0.872835444385811
chr1	181247102	181611482	179	3156	3908.714	2866	3449.3773	-0.0392149591202072	-0.268605048326616
chr1	181611483	181660015	31	461	676.3805	213	596.229	0.934029330123719	-0.513076543830499
chr1	181660016	183115484	1133	18546	24719.3305	14382	21974.7281	0.199133919447836	-0.374539836641368
chr1	183115485	215451956	343304	7508776	7567202.9995	6339486	6474140.4288	0.0212249223596198	0.0288093795491623
chr1	215451957	215453375	18	1	393.023	185	340.585	-7.73589574561927	-8.57847810276212
chr1	215453376	215453900	7	154	152.622	126	131.643	0.0782590187625192	0.0529591866301441
chr1	215453901	215465787	143	53	3139.03	1301	2716.09	-4.82418779050989	-5.84819086565119
chr1	215465788	224280532	91696	2031519	2048343.6598	1666222	1695691.1654	0.015478409403515	0.0280928475365001
chr1	224280533	224294611	17	472	371.246	8	327.18	5.70243665259625	0.386403150918803
chr1	224294612	227417719	27894	607967	617709.2336	511964	522862.8839	0.00953994547646165	0.0170568939272172
chr1	227417720	227419069	18	809	391.97	382	341.962	0.887744370800135	1.08538823580342
chr1	227419070	229094075	15639	323212	341845.547	280752	300260.6913	0.0181399760468162	-0.0408720968784005
chr1	229094076	229096307	18	84	393.637	1	345.611	6.20668520478316	-2.18841282696264
chr1	229096308	232975571	39268	829155	856586.9829	733468	760402.477	0.0071558030953075	-0.00696616006001111
chr1	232975572	232976046	6	16	132.126	120	114.336	-3.11344073159995	-3.00577880645888
chr1	232976047	238922078	67403	1434472	1472535.3785	1254246	1296953.3457	0.012608287762976	0.00220928483871454
chr1	238922079	238924256	29	6	640.12	333	554.442	-5.99963716452632	-6.69724428587915
chr1	238924257	258384883	207624	4490206	4548460.6347	3911074	3962266.7318	0.00224896598076175	0.0213950397250651
chr1	258384884	258565452	49	496	1074.607	97	927.938	2.14465917570903	-1.07540534202096
chr1	258565453	269490186	106931	2373134	2362952.574	2015368	2011807.8606	0.00573665235348106	0.0461946644394212
chr1	269490187	269492961	37	0	804.513	317	715.025	-33.217196419392	-33.1792891760147
chr1	269492962	273772362	40822	866859	891356.0544	763253	788211.6139	0.00830169568075538	-0.00021271278285459
chr1	273772363	273773575	16	8	352.464	140	302.761	-4.34649501847112	-5.42134032147883
chr1	273773576	277933817	51298	1118557	1132685.2024	958528	964617.2739	-0.00688758583103645	0.0218835880095483
chr1	277933818	277934717	12	2	266.057	156	224.78	-6.52653936161702	-7.01559975926931
chr1	277934718	282763000	50512	1092413	1111324.2417	931309	955925.3381	0.0149611374967715	0.0152303596649157
chr2	0	386163	653	11812	14276.2859	11416	12601.341	-0.128762877847143	-0.233375663895133
chr2	397696	1340923	598	4329	13098.1001	5098	11468.5696	-0.425485140597832	-1.55726008279755
chr2	1346387	14630809	126819	2759807	2766072.5841	2459717	2457435.7502	-0.00252574541089067	0.0367201378382345
chr2	14630810	14631563	10	78	217.308	0	195.969	31.743170220416	-1.43820348467835
chr2	14631564	15641801	10914	229534	237665.0826	206338	212815.0393	-0.00354699091665317	-0.0102303168267112
chr2	15641802	15645082	39	883	852.921	1	745.607	9.59435733294495	0.0899930897109658
chr2	15645083	17178776	15107	315119	329227.9319	286400	294951.0013	-0.0186616525536287	-0.0231982232588381
chr2	17178777	17180667	25	272	545.949	2	478.591	6.89957441554919	-0.965167762997964
chr2	17180668	19192565	23453	495563	511190.328	444390	455750.2712	-0.00629037200418055	-0.00480029075699775
chr2	19192566	19194729	28	11	615.997	297	537.61	-4.94916631955831	-5.76735611499035
chr2	19194730	52404049	354391	7524622	7764397.6676	6575711	6771993.1915	-0.000736742651727802	-0.00526312736943824
chr2	52404050	52409079	60	10	1315.02	1137	1146.87	-7.02438676907749	-6.99894913942473
chr2	52409080	52590845	1929	42896	42287.5181	36493	36701.2855	0.0309066039889441	0.0606030079091985
chr2	52590846	52609911	161	3853	3526.51	6114	3069.42	-0.864324898705263	0.167732828271067
chr2	52609912	52631499	170	3773	3776.24	3510	3189.38	-0.137348861048229	0.0387534146468116
chr2	52631500	52662609	12	184	262.0442	433	226.7588	-1.44122836646759	-0.470112637845797
chr2	52662610	52665654	8	43	176.317	368	150.284	-3.32569283176561	-1.9957712436728
chr2	52681835	52712152	20	443	438.613	777	377.4645	-1.02513097526525	0.0543498992652909
chr2	52712153	52723169	60	1148	1328.965	1074	1123.288	-0.14436206371685	-0.171188694848225
chr2	52723170	52742630	71	902	1555.329	1680	1350.1651	-1.09926131907209	-0.746028675384013
chr2	52742631	52779143	62	1559	1370.534	1230	1171.4074	0.117551936544442	0.225874582253597
chr2	52779144	52779918	5	109	110.891	3	92.8871	4.92971422571513	0.0151776280110287
chr2	52779949	52806548	66	886	1465.546	861	1235.097	-0.203435910651655	-0.686067874510469
chr2	52809537	52824328	36	603	788.2049	1416	686.5624	-1.42868669722428	-0.346420943071924
chr2	52832619	52971658	1134	25233	24937.6216	22040	21503.8684	-0.0164556150812426	0.0569796381331199
chr2	52971659	52989887	46	76	1007.1164	437	880.4603	-2.71537800254834	-3.68809543252136
chr2	52989888	92248331	405575	8449821	8854230.5446	7512487	7838975.3482	-0.00398713007491163	-0.0274543856671214
chr2	92248332	92250066	17	26	372.91	212	324.541	-3.22582294225409	-3.80225218182184
chr2	92250067	105689785	140135	2958714	3060320.7162	2631321	2707742.6023	-0.00532472952861885	-0.00872083257292232
chr2	105689786	105710212	95	526	2063.399	975	1815.532	-1.07288535348829	-1.93189634445988
chr2	105710213	113242099	79233	1656249	1728723.9109	1474011	1533893.4218	-0.00225241206895482	-0.0217961225439446
chr2	113242100	113243149	14	150	306.977	1	266.93	7.02923407223492	-0.993176293026433
chr2	113243150	115810169	21111	445638	463175.6226	387978	400852.3464	-0.00650646605797194	-0.0156952938429422
chr2	115810170	115811722	16	166	356.018	0	303.502	32.1205985353249	-1.06077516986199
chr2	115811723	135522923	200960	4269329	4393972.7143	3781761	3861130.9262	-0.00946675415032213	-0.00152479512095014
chr2	135522924	135551278	351	3226	7670.1016	5980	6879.37	-1.04528375282522	-1.20950747644284
chr2	135551279	137354863	15795	330124	344119.984	303274	308476.9096	-0.0332784361092962	-0.0199118765548962
chr2	137354864	137356729	21	0	465.541	204	391.776	-33.217196419392	-33.1792891760147
chr2	137356730	159863655	216993	4603490	4743734.2012	4043342	4169280.2765	0.00303948884216455	-0.00330339008252493
chr2	159863656	159957721	62	601	1363.8618	176	1168.6384	1.55100522737801	-1.14226879436724
chr2	159957722	160700849	246	5589	5393.6804	3566	4678.8864	0.445263165071859	0.0913119101100425
chr2	160700850	160728205	84	2618	1840.36	761	1605.23	1.58737328645431	0.54846886514954
chr2	160728206	161367013	180	2428	3922.4748	1637	3471.0544	0.394408426400756	-0.652003983921001
chr2	161367014	187065461	248621	5256304	5433195.5099	4643946	4793196.2798	-3.08936161854587e-05	-0.00776047255370442
chr2	187065462	187068572	41	25	897.282	387	785.533	-4.14213862082709	-5.12556969212825
chr2	187068573	196892546	83003	1771332	1830559.6892	1520259	1568815.9851	-6.63548376313031e-06	-0.00745840232017731
chr2	196892547	196946661	26	415	570.3893	114	494.1399	1.65913467548902	-0.418843808832866
chr2	196951786	211988599	161019	3454186	3543619.407	2965051	3047656.1158	0.00484984158492289	0.00311388039043134
chr2	211988600	211992684	53	991	1150.18	474	1015.09	0.885830516340552	-0.17491092108527
chr2	211992685	215240914	30513	642110	664952.6382	571951	591728.108	0.000696282022924319	-0.0104393472085498
chr2	215240915	215247492	32	809	695.676	308	634.744	1.26305318336542	0.257715925348863
chr2	215247493	225972735	118988	2523164	2599143.6728	2231126	2294164.6992	-0.000520896448732603	-0.00281062952140224
chr2	225972736	225973335	8	9	174.944	180	151.325	-4.52908639690597	-4.24083259843196
chr2	225973336	227169208	12939	269079	283060.6192	239998	248895.3794	-0.0184796526985667	-0.0330894736025728
chr2	227169209	227170183	13	5	283.061	266	251.907	-5.89949157950814	-5.7830493030111
chr2	227170184	244491431	189213	4028571	4139475.4157	3535750	3627353.4722	-0.000194172255340643	0.00081200443705088
chr2	244491432	244492256	11	0	239.376	214	213.146	-33.217196419392	-33.1792891760147
chr2	244492257	244507514	199	4511	4335.96	3896	3844.71	0.0400614727150186	0.0970876114192671
chr2	244507515	244508639	15	7	327.85	321	286.814	-5.70991047624649	-5.50954538296321
chr2	244508640	244511533	33	751	716.689	588	648.417	0.210655985932984	0.107457469052067
chr2	244511534	244512690	15	5	326.172	300	294.546	-6.05194603591843	-5.98756925286757
chr2	244512691	248425822	42680	912007	931016.7147	813394	826148.9013	-0.00523016078272919	0.0102296017070743
chr2	248425823	248432473	41	65	898.037	434	779.7	-2.94095464118617	-3.74827148852746
chr2	248432474	257362654	105253	2251835	2303125.8769	1988004	2015300.1559	-0.0107335461837697	0.00749962937008391
chr2	257362655	257363408	8	8	175.896	93	148.337	-3.78291845809886	-4.41858708901654
chr2	257363409	261990977	54812	1185377	1203531.1476	1027883	1041084.2598	-0.00143219991073788	0.018064263625283
chr2	261990978	261992552	21	8	457.765	233	410.812	-5.018230447605	-5.79847156955176
chr2	261992553	266433159	49778	1058468	1085983.3515	947626	961653.8633	-0.013739879968417	0.0029674406179042
chr3	534	8494760	82008	1834632	1830893.4616	1508687	1521040.1069	0.0167920608582429	0.0429346376679932
chr3	8494761	8495788	13	606	284.159	285	247.738	0.892557171567976	1.13261115688484
chr3	8495789	14421969	63551	1401351	1421269.6743	1155599	1172761.3468	0.00299116472724752	0.0196298094428628
chr3	14421970	14424671	36	346	799.1971	0	670.1707	32.0135861681009	-1.16778753706219
chr3	14424672	16054134	17644	385822	391659.9993	324687	329745.6813	0.00272228981603728	0.0183253911576354
chr3	16054135	20902886	30356	572233	661672.2138	507024	589599.7426	0.0102523873358267	-0.169522224826682
chr3	20902887	20908576	49	1135	1073.41	516	958.389	0.975815877123942	0.12048283692717
chr3	20908577	23690889	29494	634224	648129.0539	547228	562521.1647	0.010561221935066	0.00870313757004761
chr3	23690890	23695375	59	25	1278.07	598	1139.51	-4.74361422100188	-5.63590316962903
chr3	23695376	25762852	21758	445548	474194.8926	406195	423717.8767	-0.0268832130165087	-0.0499074858251969
chr3	25762853	25763613	9	2	196.547	99	177.496	-5.77435991345399	-6.57873874605656
chr3	25763631	28256298	28615	609646	623360.4201	549194	557525.5778	-0.00828813221310562	0.00789698170796935
chr3	28256299	28257696	18	120	393.51	0	346.2099	31.5079995857699	-1.67337411925338
chr3	28257697	32337767	45433	957545	991056.333	848828	879660.3429	0.00393208010373029	-0.009635003152854
chr3	32337768	32340992	42	478	910.743	0	814.212	32.2913320951511	-0.890041610070383
chr3	32340993	33558204	14030	293838	306186.1781	257944	270964.7484	0.0137436385409529	-0.019396403400872
chr3	33558205	33558665	6	90	130.66	0	116.91	32.6835448400585	-0.497828865228415
chr3	33558666	33624542	844	18468	18509.9	16021	16037.3	0.000282138808794587	0.0367223094544884
chr3	33624543	33626990	16	134	346.11	14	307.613	3.09070464365512	-1.32900585132757
chr3	33626991	33627665	9	195	196.239	151	172.779	0.187326195890033	0.0308541096764526
chr3	33627666	33631916	39	391	858.612	0	745.87	32.0865277497903	-1.09484595538922
chr3	33631917	36472724	32719	687181	714526.9225	608999	629617.2467	-0.00617849314577087	-0.0163064506454865
chr3	36472725	36473942	7	1	155.19	62	130.073	-6.20682584327814	-7.23789999190212
chr3	36473943	40078503	43099	914173	941968.6562	807828	827638.4978	-0.00617471394311551	-0.00322007253853607
chr3	40078504	40078878	5	0	108.506	100	96.5736	-33.217196419392	-33.1792891760147
chr3	40078879	40759758	8066	170347	175657.4356	155452	157361.4462	-0.0245906341178138	-0.0042963341018721
chr3	40759759	40760208	6	106	130.006	0	115.406	32.9268515355015	-0.254522169817843
chr3	40760209	49254051	90545	1923144	1978993.0652	1692205	1741118.6136	0.00189490191072608	-0.00130799192678752
chr3	49254052	49256020	26	271	566.564	0	508.793	32.1574193954819	-1.02395430971286
chr3	49256021	49553536	3642	79561	79334.5149	69681	70922.5656	0.0316766821751796	0.0441045278793611
chr3	49553537	49555052	20	243	437.642	0	379.915	32.372570593626	-0.808803111610534
chr3	49555053	49762256	2479	53457	54015.386	47756	48266.9822	0.00244762058929078	0.0250002390497274
chr3	49762257	49764382	28	308	609.448	556	544.346	-1.01304917699433	-0.944581006801448
chr3	49764383	51356216	18881	400857	412151.9012	353654	364723.229	0.00645955526873709	-9.67091849290933e-05
chr3	51356217	51361393	68	795	1480.7	0	1315.18	32.3241128735651	-0.857260831662537
chr3	51361394	59412086	91716	1973377	2008290.9248	1728701	1753477.2502	-0.00268679293840076	0.0146900963430693
chr3	59412087	59412461	5	68	109.466	0	94.1109	32.5344892896691	-0.646884415594969
chr3	59412462	84223366	263399	5657189	5771787.1231	4953602	5046521.3102	-3.69042354373423e-05	0.0110590526594599
chr3	84223367	84225401	19	5	417.479	203	365.254	-5.53412684296862	-6.34363993904751
chr3	84225402	90527187	67140	1405570	1462368.8378	1273976	1309654.0494	-0.0152197302470509	-0.0171601554604652
chr3	90527188	90530262	41	445	893.387	673	802.851	-0.748869635996869	-0.96548815238475
chr3	90530263	94830756	47093	994720	1033914.3436	860747	895669.6571	0.003707735342949	-0.0157625059589529
chr3	94830757	94836026	46	476	1008.1	921	880.299	-1.14572827533315	-1.04261350443661
chr3	94836027	94918483	913	19773	19872.7	18027	17683.3	-0.0329433883334443	0.0327356519723475
chr3	94918484	94924910	38	388	828.632	697	740.123	-1.00598395913486	-1.0546831096181
chr3	94924911	111228954	174514	3748495	3816199.5802	3297189	3352728.069	0.000358271410212617	0.0141666271807248
chr3	111228955	111230553	21	238	457.874	0	408.039	32.2773764068072	-0.90399729841162
chr3	111230554	111435125	2523	53706	55205.0304	47397	48228.4278	-0.0125438967910659	0.000275312750339742
chr3	111435126	111437156	25	267	545.09	1	477.945	7.87313054695848	-0.989662938371789
chr3	111437157	115420056	42565	924306	936004.7931	791810	807000.8055	0.0113549858795359	0.0218464035913799
chr3	115420057	115424943	56	10	1220.28	547	1079.78	-5.94785920979589	-6.89107661944588
chr3	115424944	115739869	3196	68375	69626.818	59679	61837.7973	0.0271759337158364	0.0138176082918225
chr3	115739870	115741565	14	1	305.607	152	272.261	-7.41253021015263	-8.21554196184642
chr3	115741566	117145887	15395	326068	336178.5932	290098	296213.9626	-0.0118711713350868	-0.00406322485983219
chr3	117145888	117146262	5	0	109.03	56	94.8716	-33.217196419392	-33.1792891760147
chr3	117146263	143278569	295758	6380847	6480813.7964	5536571	5643723.8589	0.00731214804108766	0.0175647306493636
chr3	143278570	143289146	25	257	541.785	443	485.844	-0.94068110882888	-1.03596031868167
chr3	143289147	143350287	366	7481	7992.703	7113	7075.934	-0.100905392926726	-0.0554605773766681
chr3	143350288	143406556	217	2459	4735.8172	4305	4188.2616	-0.983118811627368	-0.905549886717244
chr3	143406557	143647848	1555	30111	33887.5175	28189	30279.98	-0.0651468492308907	-0.130471558653903
chr3	143647849	143675801	158	2867	3471.2903	1457	3038.7617	0.786637078313037	-0.235938343520393
chr3	143675802	143719751	387	3212	8433.206	5605	7553.073	-0.960175416031708	-1.35261752984403
chr3	143719752	143814737	247	2631	5378.0309	4042	4784.5932	-0.786055320227182	-0.991475022721793
chr3	143814738	143857642	152	3363	3313.2953	2380	2941.7076	0.329258796936606	0.0614737614076573
chr3	143857643	143931018	536	22633	11702.538	10380	10379.715	0.953651293824351	0.991598149458759
chr3	143931019	143943509	101	2068	2192.6164	2002	1962.9915	-0.110720766690025	-0.0444254747671008
chr3	143943510	144071076	767	27292	16707.3216	12100	14953.4122	1.01554986277281	0.747989425119646
chr3	144071077	144379745	1615	29799	35194.47	27221	31316.01	-0.0358199714780429	-0.200093070068127
chr3	144379746	144387368	64	682	1394.63	1293	1239.15	-1.0913256848138	-0.992047003486179
chr3	144387369	145254833	10538	229050	229879.7111	200390	203354.6179	0.0180551879450081	0.034775194671162
chr3	145254834	145263830	48	534	1053.44	818	903.219	-0.835136977766829	-0.940204725815859
chr3	145263831	145671000	2285	47798	49998.9902	42593	43846.4486	-0.0210205292719281	-0.0249569317803893
chr3	145671001	145682530	138	1168	3025.481	1907	2634.287	-0.904932031733233	-1.33313247713497
chr3	145682531	146268538	4191	87955	91709.9935	77239	80324.8081	-0.00171268499771024	-0.0203215844086946
chr3	146268539	146288852	31	323	680.945	595	587.638	-1.09188155842568	-1.03601233822906
chr3	146288881	152955475	76616	1674949	1697980.0879	1404875	1431580.9626	0.0095496496574908	0.0202894004717305
chr3	152955476	153029046	673	11891	14905.0402	13019	12588.1067	-0.372403015764132	-0.285938446527744
chr3	153029047	153048184	186	3988	4085.7	8623	3526.15	-1.32292936870088	0.00507390730644686
chr3	153048185	153070173	169	2945	3715.0322	5344	3213.5615	-1.06676947699529	-0.295115308264567
chr3	153070174	160755022	86534	1884023	1912657.3802	1600910	1625409.1181	0.00223333196607961	0.0182298876381325
chr3	160755023	160797075	134	1578	2931.27	2445	2547.16	-0.832289005950922	-0.853436882664439
chr3	160797076	177699918	182697	3950423	4072842.0861	3308558	3387826.479	-0.00778679540898339	-0.00403696443453845
chr4	784	13559695	144168	3115284	3168036.8252	2682456	2738770.7639	0.00783312456518847	0.0157663579154084
chr4	13559696	13610415	205	2042	4477.131	14	3970.351	7.01718874041578	-1.09259989245014
chr4	13610416	13662937	24	401	522.69	196	466.7654	0.871575175448848	-0.342361548483218
chr4	13662938	13685606	20	169	439.224	2	392.467	6.24057840172315	-1.3379418682425
chr4	13685607	49571296	375527	7969766	8193432.6067	7085418	7264509.772	-0.00183361683424174	6.11489482321148e-05
chr4	49571297	49572826	13	128	283.342	6	249.819	4.23546075879368	-1.10640888594613
chr4	49572827	49692139	1369	27600	29895.6032	25073	26236.0506	-0.0477645870341766	-0.0752732802579987
chr4	49692140	49694308	12	128	263.331	0	230.094	32.1806319194423	-1.00074178575721
chr4	49694309	49902057	2356	49900	51423.1139	44749	45442.366	-0.0191101203568541	-0.00338538589683586
chr4	49902058	49905211	42	454	914.785	0	816.358	32.2106250662248	-0.970748638980806
chr4	49905212	54937344	55570	1168600	1212070.2481	1046106	1076998.6251	-0.00862022830554747	-0.0127003482785103
chr4	54937345	54941075	46	1075	1007.26	444	881.084	1.0847049520542	0.133892304285509
chr4	54941076	71856741	191212	4129953	4195214.4911	3546560	3642304.193	0.0178963802708785	0.0173725624428552
chr4	71856742	71860217	39	11	856.173	444	753.577	-5.51704711875822	-6.24233512692875
chr4	71860218	99900421	297502	6367821	6510480.4499	5562283	5707756.9951	0.00736706420216578	0.0080275421820022
chr4	99900422	99906034	74	792	1662.3	1298	1354.05	-1.00653327794727	-1.02961666429609
chr4	99906035	107844025	61609	1274150	1348035.8152	1128600	1186036.5341	-0.00762497209343391	-0.0413319245160473
chr4	107844026	107845625	14	8	305.182	167	276.107	-4.52606216840051	-5.21353428421203
chr4	107845626	108722678	10503	226922	228971.8461	199414	203115.0311	0.015641104017047	0.0270180390627343
chr4	108722679	108725783	41	469	892.66	824	794.052	-0.979849177326366	-0.888531084492554
chr4	108725784	132936092	270614	5898139	5958392.848	5085494	5127441.8352	-0.000727596168042583	0.0253283491369018
chr4	132936093	132937318	15	407	355.626	587	261.276	-0.971033374075431	0.234659763275487
chr4	132937321	143223303	113036	2404903	2466974.0721	2122571	2182098.3231	0.00522397834970464	0.00322792513716377
chr4	143223304	143232154	118	1329	2563.67	2395	2286.69	-1.01254979245969	-0.907877689976173
chr4	143232155	173210044	309498	6674136	6817554.9832	5720107	5858697.0376	0.00594889752252903	0.00931842742493227
chr4	173210045	173214594	24	257	527.103	0	468.918	32.1850489346031	-0.996324770597301
chr4	173214595	173488373	3316	69028	72328.8571	61502	64067.6744	-0.0063418448086771	-0.0273978975708592
chr4	173488374	173489940	19	188	413.193	0	365.313	32.0852823268849	-1.0960913782944
chr4	173489941	184224823	125371	2688442	2755296.9655	2335458	2377308.0676	-0.00772957461332659	0.00455429985829878
chr5	34651	1178749	8176	172807	178375.9315	154358	158742.0285	-0.00327088528125525	-0.00576753181020893
chr5	1178750	1179614	9	2	195.739	92	173.538	-5.69515704609185	-6.57279563704894
chr5	1179615	1944544	7057	150777	154249.095	134204	136023.5948	-0.0113318709180246	0.00714612022114042
chr5	1944545	1946907	28	0	613.142	274	528.242	-33.217196419392	-33.1792891760147
chr5	1946908	15302495	139915	2944464	3058967.3368	2589208	2688709.3878	0.00144782389599395	-0.01504789432391
chr5	15302496	15307332	64	757	1385.86	0	1251.27	32.348949160336	-0.83242454489624
chr5	15307333	24752948	97757	2072486	2138212.222	1811830	1874768.8798	0.00630699021649258	-0.00505092153326278
chr5	24752949	24762231	12	203	262.298	45	229.59	1.98342034791537	-0.329735306761782
chr5	24762232	24918925	978	21618	21495.013	17813	18502.5811	0.0651116338718737	0.0482228477497301
chr5	24918926	24927566	12	179	260.933	7	230.759	4.50125288425894	-0.503728051690509
chr5	24927567	24932547	4	79	89.2054	62	76.4573	0.129192175669847	-0.135286619231108
chr5	24932548	24941452	16	243	345.624	16	312.022	3.77934138310358	-0.468255314283302
chr5	24941453	26010259	11447	239228	250669.7458	208728	218149.9717	-0.00162095485181415	-0.0274098528078505
chr5	26010260	26022019	140	19	3051.8	2655	2688.83	-7.30716595376127	-7.28752539330211
chr5	26022020	33245596	78729	1650681	1716854.4711	1481172	1525393.5947	-0.0121795194103876	-0.0167146404774491
chr5	33245597	33253622	37	0	817.322	186	695.402	-33.217196419392	-33.1792891760147
chr5	33253623	33374774	1208	24518	26350.7353	21576	23400.1457	0.0151726948800486	-0.0640101476031713
chr5	33374775	33379509	35	2	764.941	358	680.249	-7.65101676521268	-8.53921283857505
chr5	33379510	33381717	6	26	130.8974	48	116.5079	-1.05044691224629	-2.29186113953051
chr5	33382019	33384309	29	0	649.529	109	542.464	-33.217196419392	-33.1792891760147
chr5	33384310	35214378	20099	423776	438362.0962	376248	388974.2446	0.00125407523550397	-0.00882940047811766
chr5	35214379	35215128	10	122	217.302	1	196.557	6.78806812934882	-0.79282853192537
chr5	35215129	35601224	2446	50969	53404.3583	43723	47338.0373	0.0493545914247437	-0.0273456630700709
chr5	35601225	35602346	11	134	242.037	7	215.16	4.09100107951565	-0.813002834177716
chr5	35602347	41160488	61110	1271998	1332928.0966	1138550	1182457.6769	-0.0108271288572639	-0.0275107826217649
chr5	41160489	41174441	83	3021	1806.193	1477	1615.6386	0.873593347420546	0.782065897378235
chr5	41174442	48136109	76543	1609756	1670475.1915	1444406	1482905.7172	-0.0133814441591792	-0.013424756819314
chr5	48136110	48137534	19	204	426.186	0	348.234	32.1584514284739	-1.02292227672107
chr5	48137535	69943047	226446	4809508	4972051.1381	4192635	4321113.5702	-0.00232137672941642	-0.00796004409698705
chr5	69943118	69943942	11	0	243.081	88	204.962	-33.217196419392	-33.1792891760147
chr5	69943943	77647332	85598	1828840	1878370.3248	1593490	1626820.0916	-0.00660338052016393	0.00143911483420979
chr5	77652421	77697771	81	1306	1766.0313	594	1553.6307	0.953837291359302	-0.39536424267129
chr5	77697772	86864813	101676	2174795	2224481.128	1901908	1954513.0701	0.00885685781958621	0.00740233034216768
chr5	86864814	86865488	9	16	195.354	181	176.954	-3.64047777799781	-3.56995521109614
chr5	86865489	89464026	26161	542670	570030.2891	490191	508523.2802	-0.0159090694059358	-0.0309716517665773
chr5	89464027	89466568	33	8	717.412	280	645.721	-5.27908941247334	-6.44666628113277
chr5	89466569	89477233	135	2898	2935.15	2529	2646.17	0.0490466024245513	0.0216151341636991
chr5	89477234	89482177	63	24	1374.82	621	1217.51	-4.86671154655316	-5.80007274719578
chr5	89482178	89549018	741	14209	16125.1453	12907	14465.2154	-0.015988511309027	-0.14251536310369
chr5	89549019	89553539	59	1276	1279.96	548	1165.51	1.08632771749585	0.0355213768055908
chr5	89553540	90187096	6337	125702	138159.9179	113373	123142.9248	-0.0149903577121525	-0.0963397535058973
chr5	90187097	90191365	23	7	503.995	250	450.074	-5.31959202369395	-6.12991890567433
chr5	90191366	90555227	4021	86291	87614.8307	77613	77975.3279	-0.0131610779562382	0.0180267719398564
chr5	90555228	90557502	30	16	657.391	228	571.535	-4.03271533828094	-5.32061611635042
chr5	90557503	90605204	536	10831	11690.4475	9463	10391.079	0.0268967627851347	-0.0701719333683674
chr5	90605205	90608281	36	8	784.39	316	704.445	-5.45678028416457	-6.57543554584461
chr5	90608282	91364252	6268	125036	136713.9093	111892	121437.1625	-0.00862887441294342	-0.0888247262323816
chr5	91364253	91370881	18	34	394.893	153	346.108	-2.35807997730544	-3.49786336833969
chr5	91370882	92815607	15482	319665	337503.4752	288995	300949.649	-0.0177794335240592	-0.0383497917156339
chr5	92815608	92839618	77	959	1664.3815	480	1498.2345	0.848858229408035	-0.755391664217339
chr5	92839619	108800490	174081	3670059	3801717.9416	3246149	3356127.0976	-0.000695583226542909	-0.0108564699365876
chr5	108800491	108803416	39	1	848.405	387	762.754	-8.747640447595	-9.68861741780631
chr5	108803417	121468899	137087	2928920	2996786.4466	2567990	2633886.7439	0.00559076493336737	0.00694428133471191
chr5	121468900	121475107	81	161	1768.6034	352	1548.4343	-1.31823060802201	-3.41748619963367
chr5	121475108	131556570	120380	2605121	2643717.7748	2230837	2288335.9614	0.0175805116680634	0.0187739830657036
chr5	131556571	132557606	8949	175893	195320.3301	158433	172776.8922	-0.0240221090828151	-0.111152279159131
chr5	132557634	132558009	5	0	108.884	62	98.8697	-33.217196419392	-33.1792891760147
chr5	132558010	133335399	8087	171086	177065.5915	150295	155435.6796	0.00104304404621937	-0.00957040409195938
chr5	133335400	133338786	42	992	916.897	402	809.28	1.12510841339488	0.15357221642013
chr5	133338787	147437896	157245	3394694	3488570.5951	2861910	2936976.055	8.32357507168304e-05	0.000637279363030957
chr5	147437897	147656772	2511	47520	55623.8624	42710	46962.5765	-0.0881468971762327	-0.187177316601561
chr5	147656773	147657597	9	96	196.301	0	171.144	32.1894042670764	-0.991969438124888
chr5	147657598	151835989	49896	1063864	1112615.5227	891581	924080.7232	-0.0109038632212883	-0.0246496312288647
chr5	151835990	152550990	8485	148291	189174.3887	153738	157140.4045	-0.317620838785302	-0.311293969000874
chr5	152550991	173707145	238527	5206823	5340182.0361	4331644	4397855.9537	-0.0125153544226024	0.00350621646589844
chr6	0	123769	1366	28425	29778.49	24900	26652.698	0.033110117873754	-0.0271184778386914
chr6	123770	126156	29	328	636.646	1	564.06	8.18499368465164	-0.916803812746362
chr6	126157	5101822	57338	1226130	1256480.7144	1067215	1094504.0616	0.00323440922434529	0.00471519377379594
chr6	5101823	5105210	9	614	197.978	161	175.999	1.76348960638065	1.67289030655114
chr6	5105211	7432459	26703	564108	588517.3997	488395	506212.4969	-0.007334450067524	-0.0211218996830958
chr6	7432460	7433156	9	0	196.334	68	172.521	-33.217196419392	-33.1792891760147
chr6	7433157	16239996	95679	2056306	2103575.3801	1786445	1819335.5319	-0.00438387921983897	0.00720322477271122
chr6	16239997	16900616	270	97	5882.491	2	5225.373	5.43110381055757	-5.88230686904662
chr6	16900617	17292087	95	883	2078.7732	746	1828.7022	0.0604101265656645	-1.19525524851257
chr6	17292088	17421107	128	477	2797.2641	174	2478.0856	1.28219604030601	-2.51196352534537
chr6	17421108	30610229	147033	3148394	3232162.6158	2730215	2796894.1136	-0.000988088425915877	0.00210808413153287
chr6	30619646	30637154	20	40	450.5489	161	360.07	-2.33031054642338	-3.45362001680618
chr6	30637155	31049668	118	826	2608.3028	716	2232.0858	-0.0164521550629435	-1.61890590286389
chr6	31050307	31059423	13	635	293.9539	33	237.1085	3.95826065423664	1.15115844599464
chr6	31059424	34402296	38111	819023	834175.1912	714740	730523.6879	0.00715061404073414	0.0135453331772861
chr6	34402297	34403571	17	7	368.247	172	330.401	-4.77328101832474	-5.67718325936552
chr6	34403572	52198865	209723	4505433	4598181.7649	3914345	3996679.2406	0.00271767246355361	0.0105940410978849
chr6	52198866	52204143	70	2	1533.78	696	1331.39	-8.64501723398832	-9.54288396375048
chr6	52204144	91196590	426004	9024253	9297142.3051	8014098	8238603.848	-0.00103557309811337	-0.00298805009954366
chr6	91196591	91197539	9	82	200.72	0	165.2009	31.9298769173388	-1.25149678780434
chr6	91197540	144703195	567816	12186711	12505010.4493	10476084	10757863.4773	0.00317913728475101	0.00279432793997496
chr6	144703196	144703870	9	115	198.155	0	169.469	32.4363699685642	-0.745003736683559
chr6	144703871	147989969	38425	829806	842132.081	718642	733864.9747	0.0110534822990946	0.0187193367625758
chr7	794	2335761	4668	77940	101957.9282	69755	90124.8409	-0.0158254216460343	-0.34754635332935
chr7	2335762	2458395	438	13476	9634.9572	8032	8314.015	0.535912781596363	0.524033943565459
chr7	2458396	3050351	7252	157663	161101.3688	131653	134759.0992	0.00460220208509001	0.00886715243736432
chr7	3050352	3051101	10	109	220.558	0	187.472	32.2045355230655	-0.976838182138871
chr7	3051102	3515311	5081	108590	112400.275	91744	95131.7032	0.00464261451307734	-0.00976254009329123
chr7	3515312	3527029	66	2861	1448.79	1322	1261.38	0.916036320366786	1.02166277708864
chr7	3527030	3874874	1203	26140	26285.6139	23000	23260.2418	0.0103024743360648	0.031977484719501
chr7	3874875	3880297	12	122	259.543	4	233.615	4.78098119060315	-1.04910065711879
chr7	3880298	3925163	33	456	720.6926	251	641.6298	0.695788105647948	-0.620358434495764
chr7	3925164	4063479	142	1088	3102.509	30	2736.666	5.00164073635702	-1.47176506558543
chr7	4063480	4067511	5	100	107.504	78	96.2686	0.201285374855062	-0.0643985674779929
chr7	4067512	4082433	13	97	283.617	1	253.428	6.43962925430232	-1.50789558460167
chr7	4082434	4194700	385	8437	8390.4536	7347	7458.6237	0.0318199916148617	0.0479730675363611
chr7	4194701	4525261	642	7033	14003.8209	104	12491.0056	5.91663840726669	-0.953616620276595
chr7	4525262	4674396	932	11651	20329.573	1	18072.5499	13.340468248378	-0.763134354141293
chr7	4674397	4690516	112	1626	2465.579	727	2106.313	0.936177876169415	-0.560607448705087
chr7	4690517	4885894	1167	12066	25449.2	7	22766.1	10.5926558679903	-1.03668104500561
chr7	4885895	4888149	1	27	22.3937	14	18.9398	0.707945288602248	0.309858263022434
chr7	4888150	4967738	169	1718	3687.31	5	3291.28	8.26275071528253	-1.0618469023285
chr7	4967739	4978709	100	2329	2174.768	1159	1950.6932	0.852039989670711	0.138840907259955
chr7	4978710	5024188	195	2011	4244.76	10	3788.85	7.48993078546186	-1.03777813086845
chr7	5024189	5027430	5	92	108.797	71	96.8765	0.208479238834243	-0.201941236533879
chr7	5027431	5042896	49	397	1067.864	5	963.637	6.16498537634379	-1.38752523562427
chr7	5042897	5468084	1627	37565	35503.9	32387	31678.2	0.0515716465264052	0.121403366090535
chr7	5468085	5525343	50	138	1102.821	14	953.237	3.09296226586264	-2.95846669850133
chr7	5525344	5537631	11	260	238.864	181	216.661	0.383856503530659	0.162313959508579
chr7	5537632	5540669	26	291	565.449	1	507.295	8.03038783233468	-0.918385981646828
chr7	5540670	5576420	20	462	433.6042	225	391.7998	0.893790309599136	0.13150589356693
chr7	5576421	5597803	10	103	220.377	1	190.59	6.47908379156486	-1.05733755200168
chr7	5597804	5669527	177	2119	3881.7416	1467	3396.749	0.340049777500743	-0.833328723007528
chr7	5669528	5674879	13	129	285.924	1	248.098	6.80859013179916	-1.10826888372235
chr7	5674880	5680220	22	550	481.971	438	420.485	0.133693271601397	0.230477048932624
chr7	5680221	5694817	18	150	395.75	1	338.094	7.00373823444713	-1.35963507640179
chr7	5694818	5704284	15	225	325.317	82	295.408	1.31917639728562	-0.491929440352702
chr7	5704285	5722105	23	260	499.249	0	449.539	32.2801175636673	-0.901256141552047
chr7	5722106	5752850	158	3159	3451.517	2806	3074.293	0.00606153723272045	-0.0877708800069503
chr7	5752851	5819399	191	5249	4153.7766	3399	3728.7893	0.473300416492839	0.377610743828578
chr7	5819400	5848138	115	2573	2511.82	2244	2241.34	0.0350917429348377	0.0747101473752587
chr7	5848139	5853901	24	224	528.386	2	464.656	6.6240102134365	-1.1981017362765
chr7	5853902	5855198	17	533	371.053	278	336.13	0.798529218639077	0.562502034526111
chr7	5855199	5885856	68	714	1479.1	22	1311.65	4.84909637515291	-1.01073184191834
chr7	5885857	5886697	8	233	174.526	64	154.118	1.68686406526128	0.456879749996708
chr7	5886698	5907633	127	1668	2761.01	4	2455.33	8.53670883911844	-0.687085051298987
chr7	5907634	5918028	6	34	129.862	20	113.2277	0.569866883532549	-1.89338090865783
chr7	5918029	5931422	38	442	826.889	6	734.922	6.03492203220946	-0.863655535021746
chr7	5931423	5941894	5	84	107.9	60	95.8985	0.317396646274962	-0.321241858777694
chr7	5941895	5961308	44	457	959.48	13	842.225	4.94964812282096	-1.03006679585303
chr7	5961309	5962806	2	50	43.3307	30	38.9648	0.585831991509264	0.246530324583177
chr7	5962807	5979494	42	534	911.851	1	810.262	8.89237072465594	-0.731966586649459
chr7	5979495	5994264	176	5205	3831.6893	2727	3389.4407	0.757734640904841	0.481909354414157
chr7	5994265	5995280	12	137	260.981	0	228.526	32.2915965923457	-0.889777112875832
chr7	5995281	5997710	27	771	587.517	347	520.573	0.979349616502411	0.432092035966197
chr7	5997711	6001577	14	133	308.66	1	261.871	6.82020469674797	-1.17460051378759
chr7	6001578	6267119	1159	24281	25243.5374	21965	22570.0453	-0.0147989070293617	-0.0160944782134014
chr7	6267120	6362305	135	581	2943.461	11	2601.931	5.54711642170828	-2.30091167015644
chr7	6362306	6439554	111	2236	2416.5334	1566	2140.0069	0.340597018206418	-0.0720269738475588
chr7	6439555	6460059	56	426	1218.606	4	1086.06	6.57066616956316	-1.47631463998797
chr7	6460060	6498546	122	3042	2665.74	2336	2366.05	0.211008894096475	0.23047585042299
chr7	6513636	6527596	18	185	398.031	0	346.479	32.1160099519846	-1.0653637532013
chr7	6527597	6529067	4	62	87.6257	37	78.418	0.586658257183446	-0.459094075610836
chr7	6529068	6554571	128	1571	2784.35	36	2504.48	5.29679750094187	-0.785665619338892
chr7	6554572	6561385	46	1199	1006.4525	366	889.0539	1.53506434112038	0.292544346538465
chr7	6561386	6648824	416	5262	9082.774	72	8082.349	6.02519671112342	-0.747529961459952
chr7	6648825	6712623	161	1762	3506.65	32	3125.13	5.61890548709113	-0.952887744460205
chr7	6712624	6721746	79	2191	1726.742	1317	1540.686	0.571938991377941	0.383528717645413
chr7	6721747	6725794	22	222	479.385	3	429.152	6.0518418287066	-1.07063331788919
chr7	6725795	6732569	61	1704	1331.47	956	1185	0.667794477913251	0.395897185686284
chr7	6732587	6737161	32	394	697.754	0	630.55	32.3968426182136	-0.784531087027199
chr7	6737162	6743419	3	60	65.4601	31	59.1788	0.809243450729356	-0.0856615325773177
chr7	6743420	6758591	95	984	2067.24	6	1865.44	7.21144655651323	-1.03098389696098
chr7	6758592	6809735	5	104	107.425	59	98.6783	0.697356187646381	-0.00675447573758012
chr7	6809736	6868784	35	363	759.004	12	683.659	4.77011717723617	-1.02414616737506
chr7	6868785	7353053	2591	50811	56485.4822	46962	50376.3465	-0.0494020839854717	-0.112747485415734
chr7	7353054	7356120	9	83	194.637	0	178.542	31.9917627310699	-1.18961097408815
chr7	7356121	7365503	5	121	109.501	91	98.2324	0.25647993381857	0.184054775425847
chr7	7365504	7377867	67	684	1466.41	5	1295.32	6.91902893274862	-1.06022852591079
chr7	7377868	7446338	22	460	480.132	383	424.336	0.0881499858519636	-0.0218054582490139
chr7	7446339	7476354	81	767	1761.238	8	1570.717	6.42000066181632	-1.15929962089455
chr7	7476355	7565968	321	5988	7020.2654	4459	6250.5876	0.25990479854671	-0.189459577989556
chr7	7565969	7570719	24	239	523.478	1	470.943	7.75037481826142	-1.09112651548323
chr7	7570720	7612608	137	3571	2973.3735	2301	2669.6567	0.480705214069937	0.304219208288181
chr7	7612609	7615839	18	192	390.827	14	344.739	3.59866648498999	-0.985432054191351
chr7	7615840	7624374	86	2360	1868.3	1505	1695.62	0.51119465770437	0.37705249991009
chr7	7624375	7647134	130	1423	2831.9734	1	2541.5536	10.3207070514901	-0.952880279609557
chr7	7647135	7767061	927	25701	20193.524	17526	18102.142	0.396679979805702	0.387923567932007
chr7	7767062	7785318	220	4662	4796.59	4420	4293.29	-0.080938336474503	-0.00106834952701054
chr7	7785319	7809768	201	5403	4397.969	3601	3915.4	0.419769878556371	0.336915019849256
chr7	7809769	7822693	50	327	1091.595	0	968.923	31.4822903276487	-1.69908337736598
chr7	7822694	7903046	676	14666	14699.796	12960	13214.8895	0.0268624834273522	0.0366710836458383
chr7	7903047	7950170	91	604	1988.347	0	1761.104	31.502416379592	-1.67895732542943
chr7	7950171	7983706	56	598	1224.463	491	1081.736	0.107706258300953	-0.993940017481081
chr7	7983707	8225671	213	2055	4641.699	8	4127.422	7.83759511362164	-1.13552280425787
chr7	8226136	8238906	153	3113	3328.74	2672	2988.12	0.0667319955919929	-0.0566788395647021
chr7	8238907	8240715	22	277	480.47	0	425.143	32.426805101055	-0.754568604191083
chr7	8240716	8350972	698	13595	15210.152	12300	13570.379	-0.0180711915959219	-0.121966646072639
chr7	8350973	8376156	74	776	1611.2	2	1435.94	8.43585714779515	-1.01401525777387
chr7	8376157	8376985	3	51	65.957	47	59.5757	-0.0268807628969514	-0.331036760338463
chr7	8376986	8385860	34	334	744.26	4	665.452	6.22431670331784	-1.11596682500215
chr7	8385861	8388689	19	353	417.248	144	362.062	1.09101553426606	-0.201245177790595
chr7	8388690	8400505	16	158	347.841	8	311.901	4.14852545719763	-1.09851166147536
chr7	8400506	8483715	842	17795	18306.5673	16215	16486.626	-0.0148376750169477	-0.000897588090234012
chr7	8483716	8492167	7	76	151.231	0	136.148	32.2286829021335	-0.95269080307577
chr7	8492168	8795068	1817	40209	39603.127	35577	35443.0365	0.0185459854792911	0.0618958819708059
chr7	8795069	8819593	37	407	807.207	10	726.821	5.19770282689014	-0.947918117736249
chr7	8819594	8862264	73	1759	1588.908	968	1428.194	0.70991742895432	0.186711662759122
chr7	8862265	8870858	24	273	528.935	15	467.958	4.0112396789871	-0.914197718397235
chr7	8870859	8908943	52	693	1131.764	400	1019.0296	0.643562687059336	-0.667654122365278
chr7	8908944	9021967	30	270	651.66	23	581.768	3.39166266779416	-1.2311682621116
chr7	9021968	9093102	181	1451	3939.936	2	3527.611	9.34543536369174	-1.40113290219578
chr7	9093103	9510047	2461	53504	53694.1232	47688	47839.8025	0.0015522427085302	0.0348743310707749
chr7	9510048	9513052	26	285	573.438	533	497.92	-1.10481262939118	-0.968683818351853
chr7	9513053	11760267	17886	396909	401341.5842	325393	328651.7147	0.00043845652768497	0.0239694033410188
chr7	11760268	11765845	56	641	1248.12	4	1036.47	7.05818674962279	-0.921368613111883
chr7	11765846	13132902	16488	384804	376272.1808	293280	293542.4165	0.0357219907705636	0.0723389393145882
chr7	13132903	13225455	592	22300	12949.8337	11230	11460.0776	0.815453553782118	0.824101911950606
chr7	13225456	13514965	2518	53130	54967.125	47954	48619.2239	-0.027082076455682	-0.0090505368217388
chr7	13514966	13532315	28	186	614.041	0	534.785	31.4983331109956	-1.6830405940245
chr7	13532316	13559330	30	806	657.473	999	574.552	-0.502114488773867	0.333839962292043
chr7	13559331	13577927	36	108	784.974	6	695.606	3.99763502129312	-2.82162178338669
chr7	13577928	13606597	126	945	2758.389	1525	2414.837	-0.880238593704673	-1.5054479185951
chr7	13606598	15952312	20769	438798	457445.5269	382308	392894.8832	-0.0185504868288254	-0.0200512328673879
chr7	15952313	16013618	65	637	1420.72	14	1266.84	5.34449123069953	-1.11726520090987
chr7	16013619	16032037	41	466	894.664	71	785.162	2.52816793893323	-0.901024237548225
chr7	16032038	16238089	375	3832	8199.68	3	7275.84	10.1485497338909	-1.05747827409619
chr7	16238090	16265298	304	5599	6681.2232	5485	5794.5912	-0.173643282151581	-0.214951302764521
chr7	16265299	16378105	227	2373	4950.23	20	4407.46	6.72510470644083	-1.02079168425826
chr7	16378111	16443204	338	8209	7360.3148	4601	6557.6321	0.670751053670296	0.197430788628092
chr7	16443205	16472523	374	7444	8144.42	6933	7323.255	-0.0486441051997268	-0.0897421333305188
chr7	16472524	16515143	235	6763	5112.6144	4175	4598.8521	0.545184266500361	0.443593906529423
chr7	16515144	27462391	69318	1462630	1528668.1143	1266126	1309756.3429	-0.0127483670449461	-0.023718588850194
chr7	27462392	27465478	25	328	549.559	91	471.509	1.6308528265137	-0.704586787567415
chr7	27465479	40584642	152305	3250309	3336310.3798	2832906	2907688.2119	0.00199774516989895	0.00231514145710025
chr7	40584643	40641537	619	26552	13486.9927	11844	12039.1054	1.00290816565099	1.01724361228589
chr7	40641538	44454171	43087	903380	940027.6945	814566	833393.9872	-0.0223186637196414	-0.0173785139826857
chr7	44454172	44486885	13	244	283.592	26	251.389	3.05848683543452	-0.17694391457259
chr7	44486886	63411271	211238	4497406	4616995.9716	3993544	4066357.6355	-0.00970931953323629	0.00213042750631712
chr7	63411272	63414880	47	1626	1040.65	865	884.396	0.677919223040121	0.683834099256257
chr7	63414881	70672424	80136	1722748	1757756.8037	1490762	1527273.5356	0.00796925627465979	0.0109679768760986
chr7	70672425	70674392	22	229	478.47	0	426.005	32.1582846059014	-1.02308909929344
chr7	70674393	72498858	20476	435460	449972.8495	379130	389378.9803	-0.00673083537089244	-0.00730597816960026
chr7	72498859	72512574	128	1428	2796.57	2491	2462.07	-0.984431174786659	-0.929670689879768
chr7	72512575	77096848	51523	1096195	1133062.2006	945280	976986.6504	0.00195904532991102	-0.00773082918646444
chr7	77096849	77098652	24	254	531.416	517	447.888	-1.26995490589643	-1.02502139533144
chr7	77098653	100489190	255121	5404510	5571800.9365	4774329	4922606.6402	0.00222910946741096	-0.00398812083027984
chr7	100489191	100489565	5	57	108.265	0	96.7055	32.2958323800896	-0.885541325132681
chr7	100489566	117080957	176494	3796230	3872670.8982	3234486	3367120.5644	0.0313019381990693	0.0112302702252649
chr7	117080958	117092214	142	6004	3125.37	2676	2672.8	0.94225528342132	0.981888755136473
chr7	117092215	119779235	26087	576168	584135.8606	476369	480762.6519	-0.00448459745998206	0.0201773535932423
chr7	119779236	119780365	15	9	343.872	125	264.448	-4.17266233527991	-5.21581105823159
chr7	119780366	145280771	303204	6611693	6725424.4287	5574778	5665510.212	0.000770480966461773	0.0153861944210747
chr7	145280772	145442654	101	3149	2224.2604	968	1912.1294	1.48575379454321	0.541559832392025
chr7	145442655	145481306	49	288	1071.2386	248	947.7899	0.041172560976733	-1.85514736124631
chr7	145481307	145683106	138	1303	3024.288	249	2654.1802	2.20137475471933	-1.17476667544449
chr7	145683107	145729228	508	10536	11142.887	9396	9704.1391	-0.0321577704309743	-0.0408040438764412
chr8	510	780695	5847	113277	127407.8832	103801	113563.6893	-0.0378337719433563	-0.129607809185764
chr8	780696	783076	17	203	369.595	2	333.043	6.5171836422246	-0.824473739111587
chr8	783077	1988172	11257	237411	245522.6056	216469	218707.8131	-0.0315402257913215	-0.00847730740312362
chr8	1988173	1999043	44	481	964.07	0	841.292	32.2182644696853	-0.963109235521876
chr8	1999044	1999843	3	62	65.723	26	58.7394	1.09377131541832	-0.0441383467118537
chr8	1999844	2005203	45	472	979.905	0	883.829	32.1675104485842	-1.0138632566126
chr8	2005204	2422383	4533	96905	98776.4705	89307	88412.2498	-0.0400387699358091	0.0123954602159752
chr8	2422384	2423058	9	93	195.723	0	176.37	32.1478547983165	-1.03351890687619
chr8	2423059	2834482	4030	82765	87782.4493	74970	78564.8554	-0.0152565008212067	-0.0449199477895383
chr8	2834483	2835533	14	140	303.546	0	275.076	32.1048771434328	-1.07649656175076
chr8	2835534	3113351	2894	60936	63027.9261	55258	56422.7583	-0.0165180128376794	-0.00870461858161892
chr8	3113352	3114334	13	143	282.651	4	254.178	5.00877322135362	-0.943014881011512
chr8	3114335	38251476	365061	7882011	7999432.125	6863043	6982395.2138	0.00562432881972708	0.0186579483237024
chr8	38251477	38603059	99	1540	2153.1057	2071	1925.683	-0.586361588208942	-0.443497021870261
chr8	38603060	122447549	916902	19697887	20170187.1472	16925778	17389714.2899	0.00691301931124386	0.00580818260565712
chr8	122447550	122448439	10	2	218.751	100	189.504	-5.84883296360625	-6.73315401324351
chr8	122448440	133306290	122491	2625909	2711366.9906	2245438	2294422.4528	-0.0129847889341271	-0.00621170494219075
chr9	501	21851469	188831	3997400	4166306.8806	3429149	3566720.8212	-0.000874932489651703	-0.0197153925658155
chr9	21851470	22071110	101	1207	2189.787	341	1957.008	1.6635256678734	-0.819373096873883
chr9	22071111	33240568	122299	2575657	2670121.4251	2282126	2360091.7212	-0.0014158572388272	-0.0119730949895391
chr9	33240569	33241068	6	65	129.145	1	120.455	5.92395481627414	-0.95048839250891
chr9	33241069	35357604	23711	494492	516286.4118	450584	462976.0189	-0.0209985357594713	-0.0222326742002899
chr9	35357605	35368967	46	525	1001.3	0	899.294	32.2898805207153	-0.891493184505913
chr9	35368968	63804547	312920	6711636	6854451.8902	5884774	5992821.5574	-0.00204389686278402	0.00961494067479826
chr9	63804548	63805646	13	10	282.773	100	252.933	-3.48073266136186	-4.78158069189501
chr9	63805647	103939179	457185	9888630	10038389.7444	8552676	8704544.0938	0.00579207886173138	0.0183064722201565
chr9	103939180	103947327	64	806	1393.5963	342	1221.8982	1.04917943889768	-0.749969181723069
chr9	103947328	104609967	6836	146369	149115.5752	128757	132527.4345	0.016903781195144	0.0131708498307663
chr9	104609968	104610793	11	0	238.769	121	210.62	-33.217196419392	-33.1792891760147
chr9	104610794	106204873	12627	260652	275702.5634	230797	242920.1908	-0.00504528568251383	-0.0409959782754391
chr9	106204874	106237190	33	73	724.299	234	628.108	-1.88402836995249	-3.2706252400569
chr9	106237191	119866831	152496	3271737	3343736.4694	2864877	2910507.2312	-0.00652243569217921	0.00858740580541714
chr9	119866832	119866988	2	38	45.2141	270	36.4492	-3.1376891494671	-0.210781555122819
chr9	119866989	120358648	4959	101921	108179.8509	90073	95401.6502	-0.000976438702913108	-0.0459887033754911
chr9	120358649	120360898	30	16	650.551	643	580.829	-5.4901390661295	-5.30552657262475
chr9	120360899	121416511	9749	202784	212376.2808	179626	189741.6678	0.0144460522158888	-0.0266870492816166
chr9	121416512	121417575	7	170	152.771	0	133.533	33.3755295172538	0.194155811887088
chr9	121417576	122094282	5958	121634	130115.6894	108032	115018.72	-0.00475387282252504	-0.0572566027315224
chr10	1186	491742	906	11325	19987.2822	9367	17097.4237	0.0506332476316172	-0.779579489460462
chr10	494964	18803219	203534	4476685	4507028.7906	3760791	3814176.6552	0.0126742018692059	0.030245914282967
chr10	18803220	18806522	43	445	942.759	794	819.698	-1.03504568187048	-1.04309190880266
chr10	18806523	34024616	179513	3838770	3929345.1404	3333161	3439269.0161	0.0136507198233303	0.00634700185168069
chr10	34024617	34035708	48	488	1041.51	10	933.239	5.45253557112677	-1.0537318653332
chr10	34035709	47827677	151041	3294806	3339404.4147	2779571	2835696.1301	0.0115279399227857	0.0205944741655069
chr10	47827678	47828829	15	161	327.938	3	284.662	5.54386572686538	-0.986370623023157
chr10	47828830	57741019	119526	2600283	2635687.6945	2203013	2252012.0681	0.0143102921661659	0.020480985550355
chr10	57741020	57744941	11	6	241.459	123	212.361	-4.54072687051029	-5.29068014906353
chr10	57744942	65216816	82678	1779059	1827678.3182	1503515	1555027.0394	0.0117871211410027	0.00109395917583826
chr10	65216817	65316776	905	17100	20040.1734	16148	16951.11	-0.156789881364791	-0.188906893539589
chr10	65316777	109381214	515385	11154998	11418747.6267	9451265	9656024.1409	-0.000707800720123409	0.00627759892562288
chr10	109381215	109398058	218	3752	4838.428	3846	4053.613	-0.288944438169604	-0.326886792678884
chr10	109398059	112626397	21926	463863	487481.2962	383346	407397.4404	0.0182262274709728	-0.0316563189349548
chr11	797	8860931	89986	1899581	1960936.7012	1701487	1752293.8809	-0.00132858148974596	-0.00586996200368464
chr11	8860932	8862446	19	2	412.443	134	368.062	-6.22825059334	-7.64805913852416
chr11	8862447	19385410	117611	2489940	2563726.9292	2221458	2282139.0238	-0.00116728103625155	-0.00213985290538135
chr11	19385411	19387066	9	11	196.674	83	168.002	-3.14085112256161	-4.12023904385777
chr11	19387067	20923493	15673	327699	341308.8812	298835	306099.1054	-0.0219724555705966	-0.0187149119036934
chr11	20923494	20930041	9	11	196.393	106	175.13	-3.43172157347088	-4.11817630455466
chr11	20930042	21701547	7838	166117	170733.9703	149673	153058.2772	-0.00519880870863645	0.000441361113044512
chr11	21701548	21708032	10	17	218.754	142	190.593	-3.25901401132424	-3.64571097122215
chr11	21708033	23020145	12994	277349	283046.2092	249687	253942.4094	-0.00286990682348631	0.0106566947799263
chr11	23020146	23120801	19	108	411.028	4	370.557	4.60743082047601	-1.88821359055603
chr11	23120802	40565220	183127	3958216	4026383.2491	3422194	3479626.4185	0.00146124722952008	0.0153576145252795
chr11	40565221	40572702	43	170	945.75	337	825.153	-1.1819265379577	-2.43593235125019
chr11	40572703	40875034	3249	68762	70771.2253	63627	63491.3843	-0.0425451278966744	-0.0015596172444811
chr11	40875035	40878262	43	418	934.671	817	842.252	-1.11495528943511	-1.12096391668333
chr11	40878263	52148872	119411	2531220	2604387.398	2246348	2314142.7765	0.00386980387835549	-0.00111938560803376
chr11	52148873	52149247	5	125	109.506	2	95.1343	5.76489638133819	0.230909948428845
chr11	52149248	55778544	37014	787822	808149.2506	690135	712704.0478	0.0117569944942525	0.00323972055632175
chr11	55778545	55779594	14	3	304.29	288	275.114	-6.728295321464	-6.62434882434767
chr11	55779595	56520641	8191	166615	178447.7716	151320	159580.2293	-0.0202198238489849	-0.0589918231935474
chr11	56520642	56530332	44	317	972.5485	542	831.4251	-0.997909376958971	-1.57729558395426
chr11	56530333	60119816	42260	908010	921654.3906	796713	816163.6051	0.0153651197868061	0.0184741005108194
chr11	60119817	60123790	47	505	1023.21	840	899.707	-0.917596526824749	-0.978755202969275
chr11	60123791	60563920	4994	107163	109057.3759	94969	96098.4868	-0.00613889160470822	0.0147113003624646
chr11	60563921	60564745	11	0	238.345	217	212.996	-33.217196419392	-33.1792891760147
chr11	60564746	60621076	715	15909	15612.1	13604	13868.7	0.057064724999781	0.0671703185162852
chr11	60621077	60621751	9	4	196.117	195	172.641	-5.78918524783643	-5.57557900785427
chr11	60621752	60782576	1985	42605	43401.7145	38035	38018.3516	-0.0252763783336999	0.013262489277853
chr11	60782577	60784027	19	175	412.475	373	367.132	-1.25774399112074	-1.19695998538915
chr11	60784028	64478085	44412	958475	971060.3485	842305	853296.7727	0.00196923571804972	0.0211716178111835
chr11	64478086	64487126	116	1198	2558.43	5	2200.04	7.68883955724695	-1.05463907969375
chr11	64487127	82206035	200253	4308881	4403546.8826	3733957	3800349.1897	-0.00384156972267108	0.00863900284775557
chr11	82206036	82212973	91	1042	2010.65	1	1704.34	9.78877504525473	-0.908314918403117
chr11	82212974	90463331	79920	1713001	1763282.8175	1464197	1508897.4796	0.00373174543081104	-0.00174612418031916
chr12	322	6746878	51574	1068026	1137778.1668	926216	972629.6454	-0.0186461183463321	-0.0512807606606798
chr12	6746879	6748684	24	5	532.552	260	450.104	-5.94101919561593	-6.69485870801842
chr12	6748685	18512455	123107	2648462	2738231.0127	2221439	2289145.1805	-0.00269038972188817	-0.00809758359151172
chr12	18512456	18685979	1145	19237	25349.9541	17961	21590.7048	-0.130472113497873	-0.358107532841141
chr12	18685980	24023043	36821	757404	818285.0703	637580	686679.2769	-0.00242590927986761	-0.071548716625119
chr12	24023044	24023343	4	61	87.2575	0	74.3504	32.7048955811379	-0.47647812415207
chr12	24023344	27026611	35448	759933	785058.7769	655728	663127.394	-0.0286553600840744	-0.00693667079744438
chr12	27026612	27196765	2023	37960	44473.8829	36404	38086.5096	-0.161210746331956	-0.188486602784073
chr12	27196766	35017295	82211	1767174	1815017.3263	1525221	1544283.5096	-0.0185353567498309	0.00145255058024348
chr12	35017296	35154411	24	312	522.756	24	456.483	3.50694766269686	-0.704599913441777
chr12	35154412	36708850	6578	140937	146605.6969	115821	122273.1357	0.0234043836867303	-0.0168989825885865
chr12	36708851	36709453	8	185	174.039	0	151.932	33.3094801165747	0.128106411214117
chr12	36709454	43617031	83170	1800031	1858743.3253	1507229	1535562.1678	-0.0173529864909342	-0.00631403584235313
chr12	43617032	43897167	3480	68968	77712.5185	61221	64441.0251	-0.0961825234111517	-0.132228113451022
chr12	43897168	48196874	50864	1122837	1138388.846	928981	937489.1618	-0.00460747056541882	0.0201468513555505
chr12	48196875	48197933	14	0	314.316	126	256.378	-33.217196419392	-33.1792891760147
chr12	48197934	48303486	1339	30407	30128.8	25130	24521.3	-0.0200304040350809	0.0532520449712194
chr12	48303487	48304806	17	0	380.693	177	313.115	-33.217196419392	-33.1792891760147
chr12	48304807	49092886	9305	204868	209407.4051	168843	170227.9174	-0.0177479846693999	0.00837396867858928
chr12	49092887	49306971	146	2241	3206.7387	825	2774.8716	1.23507536840413	-0.476972379146049
chr12	49306972	52716696	41237	909495	922560.4852	753893	760582.4982	-0.00574829957044105	0.0194139789077619
chr13	0	46159166	429598	9010781	9385521.7424	8068671	8293211.8643	-0.0171003780810322	-0.0187930183462337
chr13	46159167	46159621	6	0	129.578	53	116.701	-33.217196419392	-33.1792891760147
chr13	46159622	58731910	149626	3184264	3297226.8177	2740689	2835407.2097	0.000808663387127981	-0.010301409681745
chr13	58731911	58739638	92	951	2003.99	0	1784.39	32.1460074151156	-1.03536629007674
chr13	58739639	71472342	141637	2974117	3095035.8443	2646399	2736029.0674	-0.00735722201865628	-0.0175029414255965
chr13	71472343	71475325	39	6	857.945	153	730.503	-4.90233577532504	-7.11978705987471
chr13	71475326	82450357	128695	2753671	2819299.2333	2388269	2458537.3828	0.00993907035547244	0.0060113640408154
chr13	82450358	82450882	7	0	152.103	62	135.552	-33.217196419392	-33.1792891760147
chr13	82450883	87424133	59213	1275618	1300252.9887	1098058	1124725.4409	0.00910714069325446	0.0123957793958527
chr13	87424134	87428935	19	365	419.318	131	361.28	1.26548681073315	-0.160156524846861
chr13	87428936	110579625	265821	5758841	5851049.6717	4948211	5028728.3449	0.00245415354052405	0.0170747974052408
chr13	110579626	110649764	93	1068	2058.083	511	1730.461	0.815456241623599	-0.906397745390121
chr13	110649765	114025099	40758	888174	896321.5368	761236	772230.5011	0.00959825414858041	0.0268177500128413
chr14	322	1516156	5819	102245	127312.4502	92153	112133.189	-0.0311483775360516	-0.276351443815594
chr14	1516157	4848061	34925	757662	769465.1956	648898	659051.4809	0.00218229404476437	0.0176900932244498
chr14	4848062	4980132	767	14296	16958.665	13581	14506.842	-0.149182754928665	-0.20641929171362
chr14	4980133	39839597	377076	8024258	8260260.9084	7030945	7216615.2313	-0.00213110125776172	-0.00182758533129879
chr14	39839598	39847025	18	210	393.404	0	350.301	32.315743179716	-0.865630525510042
chr14	39847026	47868730	82888	1769106	1815277.2163	1548872	1585863.8707	-0.00103384783210601	0.00282238274157334
chr14	47868731	48200631	869	16888	18928.7621	16816	16975.624	-0.148867019237871	-0.124589808180682
chr14	48200632	62739018	150607	3156964	3287020.0411	2819679	2920348.999	-0.00554805556583095	-0.0182506704361251
chr14	62739019	62746444	39	369	848.975	0	755.703	32.0192642236742	-1.16210948149022
chr14	62746445	95519623	350985	7588169	7714668.6825	6536108	6680866.694	0.00983559033971063	0.0161393835924256
chr14	95519624	95550871	55	801	1207.303	164	1042.295	2.07816681824075	-0.551921877671089
chr14	95550872	95568226	113	1233	2461.34	4	2198.27	8.10696616925656	-0.957279386994315
chr14	95568227	97151454	314	4259	6869.1534	2959	6006.4233	0.333863411727284	-0.649625799719399
chr14	97156312	100462608	34078	720000	743506.257	640262	660299.3961	0.000194491603448453	-0.00635620381089659
chr14	100462609	100463512	10	15	220.285	113	190.93	-3.1175312914445	-3.83634507926427
chr14	100463513	101967556	6406	131287	139829.183	114651	123045.5916	0.0130871406580785	-0.0509496482159011
chr14	101967557	101989322	24	237	520.1716	15	468.8943	3.83421228558436	-1.09410880178069
chr14	101993268	102173977	45	673	986.999	415	862.8455	0.505633330095591	-0.512450345077773
chr14	102173978	102218126	51	487	1118.109	13	974.0491	5.03042832780018	-1.15907538702886
chr14	102218127	102534252	2833	58009	61802.9204	51201	54683.6222	0.00562308828920105	-0.0514064896726399
chr14	102534253	102535307	14	1	304.86	129	269.085	-7.18922760417377	-8.21201124290326
chr14	102535308	112458825	111867	2385859	2454877.6447	2073351	2131401.7028	0.000780343549397748	-0.0011505620808645
chr14	112458826	112459425	8	195	172.597	0	159.65	33.397432213843	0.216058508474357
chr14	112459426	112964836	6059	128963	132087.4696	114455	117859.7543	0.00983880178118693	0.00545537038825718
chr14	112964837	112965286	6	3	130.315	101	115.935	-5.23985143107865	-5.40090506582237
chr14	112965287	113291298	3468	75503	75675.831	65794	67093.3028	0.0269986256817999	0.0366931294885243
chr14	113291299	113293623	31	19	677.361	535	600.82	-4.98637512014568	-5.11586182238227
chr14	113293624	114756323	15547	325866	339911.6765	283499	298764.6898	0.0168694444745402	-0.0208893156334947
chr14	114756324	114762428	10	10	221.331	177	190.533	-4.35975756278819	-4.42814185047176
chr14	114762429	115493372	7907	162309	172598.2622	143842	152603.0803	-0.00129131236240254	-0.0486831666082693
chr15	0	21027652	224160	4803742	4914889.8574	4160847	4272071.6185	0.00714270556358579	0.00699135552164276
chr15	21027653	23165584	510	6711	11158.8996	4793	9738.7274	0.291293745925455	-0.693603331990223
chr15	23165585	29257689	61494	1316661	1351591.8422	1150074	1166505.195	-0.0152250351319583	0.00221616852569037
chr15	29257690	29716341	176	2988	3848.0748	3971	3376.646	-0.59678358770726	-0.32496492173556
chr15	29716342	29952152	146	1615	3187.1184	1274	2786.2272	0.150313706847883	-0.94072667751358
chr15	29952153	30406082	214	3056	4672.4569	3615	4114.7033	-0.423659524911877	-0.572545039771339
chr15	30406083	30556531	290	5400	6328.1684	4633	5597.8055	0.0461706224673159	-0.188836811828435
chr15	30556532	30562250	20	43	438.782	203	386.99	-2.4181946893405	-3.31110400452422
chr15	30562251	32138539	1173	19635	25656.2317	21288	22467.0463	-0.30602710720872	-0.345889916797914
chr15	32157805	33037673	8447	182351	185522.3738	148100	160562.7009	0.0937746056116314	0.0151166995207514
chr15	33037674	33046377	114	1662	2518.87	2150	2147.41	-0.599510746104984	-0.559864510675561
chr15	33046378	33047090	9	2	199.456	166	168.935	-6.61255715378464	-6.5999349255022
chr15	33047091	38644715	50005	1077639	1103369.3053	923491	942444.3329	-0.00264774959982773	0.00594998960728654
chr15	38644716	38650209	39	621	860.954	30	727.643	4.13093803227031	-0.431351116274569
chr15	38650210	38716547	281	11507	6167.214	4100	5323.202	1.27857587593607	0.939812715875326
chr15	38716548	38724709	60	345	1314.026	1	1146.615	8.2359241514582	-1.88933378144322
chr15	38724710	39671025	10453	221915	228680.9114	190654	199429.9167	0.0236808183380231	-0.00333698463730091
chr15	39671026	39693820	108	2922	2371.2363	960	2044.2144	1.39384147408355	0.34130851273804
chr15	39693821	65194592	281101	6064051	6171328.7543	5240944	5345653.0444	0.00532477550375513	0.0146925091710277
chr15	65194593	65339051	43	77	939.9685	5	831.2909	3.76968395965507	-3.56969028480831
chr15	65339052	95309262	332982	7000357	7261336.0551	6290798	6463529.385	-0.0116428746355169	-0.0128147517889915
chr15	95309263	95310312	14	0	304.6	143	271.288	-33.217196419392	-33.1792891760147
chr15	95310313	96729426	16045	338101	349557.6787	306542	313094.7332	-0.0154772283770266	-0.00808447057149283
chr15	96729427	96731694	29	0	631.34	288	564.477	-33.217196419392	-33.1792891760147
chr15	96731695	97045738	3769	80813	82159.1234	72180	73431.4084	0.00304925932568065	0.0161583752415311
chr15	97045739	97046402	7	0	152.718	74	138.548	-33.217196419392	-33.1792891760147
chr15	97046403	111109631	148611	3170558	3254093.3522	2772811	2848664.8048	0.0035022495709807	0.00247290266521106
chr15	111109632	111239624	605	10221	13274.8747	9830	11572.1118	-0.139688516050185	-0.337170117348507
chr16	17697	5785472	61544	1335872	1355673.3485	1137929	1161653.2589	0.0106256666083594	0.0187639510743836
chr16	5785473	5785997	7	85	157.952	0	128.058	32.3274140200056	-0.853959685222656
chr16	5785998	14496043	92705	2020987	2047154.6737	1710029	1747007.3844	0.0143893758428532	0.0214317046581811
chr16	14496044	14498120	27	10	586.052	515	516.782	-5.86588884861826	-5.83296499326165
chr16	14498121	14668426	2115	46889	46138.284	39833	40575.223	0.0520045772676606	0.0632769365580842
chr16	14668427	14710873	252	4908	5491.671	4424	4858.191	-0.0249575941844978	-0.122118175771616
chr16	14710874	14719188	55	1291	1196.48	2177	1061.49	-0.924473378535526	0.149684492216337
chr16	14719189	14832475	1331	27186	28999.691	24138	25725.686	0.00081430284012739	-0.053181858296038
chr16	14832476	14834275	24	564	520.961	0	468.923	33.3358852669642	0.154511561601088
chr16	14834276	30619840	158279	3361316	3476863.1415	2918751	3020100.3398	0.00256977084038177	-0.00876832896070349
chr16	30619841	31018557	116	2041	2552.1204	1280	2220.9985	0.474728928060308	-0.282428436539879
chr16	31018558	43366449	113259	2358459	2470534.7812	2108686	2195279.4403	-0.00683400461138061	-0.02698707283052
chr16	43366450	43373675	95	967	2070.12	1601	1852.575	-0.885483433198601	-1.05813483181315
chr16	43373676	50418873	80236	1720484	1755449.4613	1511845	1539625.7668	-0.000671972818851146	0.0109657863063873
chr16	50418874	50430928	158	1903	3477.79	3246	2998.73	-0.982122098898013	-0.829903486033824
chr16	50430929	50787347	4181	85095	91527.1261	76306	79853.9166	-0.0374738197573117	-0.0651332437964352
chr16	50787348	50796163	34	629	742.671	1142	654.0964	-1.04156616930266	-0.199671454565306
chr16	50796164	57056701	64896	1362426	1415765.5	1209292	1255265.5088	0.000509981567064725	-0.0154126795170693
chr16	57056702	57058051	18	166	390.783	7	350.691	4.41360172987214	-1.19519269319794
chr16	57058052	64896286	90307	1931450	1976933.944	1698960	1727728.5233	-0.00727114718265853	0.0064114370118326
chr16	64920676	64933865	77	9760	1676.92	964	1506.85	3.18758257130801	2.58105905607265
chr16	64934998	64978895	77	6357	1680.0691	1002	1494.2433	2.49844261189934	1.9598172901235
chr16	64978896	64984693	31	2294	677.645	551	606.856	1.90065023672562	1.79925557703271
chr16	64984694	66016369	11748	247259	256153.3911	219122	226528.898	-0.000939661339944604	-0.0109931833923283
chr16	66016370	66019627	40	450	872.439	788	773.005	-0.980762615859453	-0.915137488576338
chr16	66019628	78865248	138640	2976945	3041941.717	2576344	2639667.826	0.0059557400983336	0.00883182900514767
chr16	78865249	78866122	11	37	240.732	125	216.116	-1.90986843315413	-2.66183897933464
chr16	78866123	90664038	135055	2925784	2975632.7442	2520834	2560342.9113	0.000147243296226557	0.0156185590250143
chr16	90664039	90668716	38	364	828.765	634	694.2679	-1.05393046854628	-1.14703285350502
chr17	545	21080573	233302	5012406	5159213.6188	4273404	4379288.5408	-0.00425258184136113	-0.00165613365967394
chr17	21080574	21081773	16	176	352.062	0	301.611	32.2211113896733	-0.960262315534394
chr17	21081774	36072141	164395	3493165	3605671.9344	3035085	3128034.3546	-0.00012938136101055	-0.00574157452181812
chr17	36072142	36146884	740	14434	16293.35	13683	13979.8501	-0.141763255456629	-0.134820327288614
chr17	36146885	48010065	115860	2441955	2531730.9811	2146348	2226353.6315	0.00279578977656067	-0.012095725950934
chr17	48010066	48492738	388	7356	8471.2241	7549	7515.6769	-0.207946946098567	-0.163657202662036
chr17	48492739	84827044	389436	8250362	8523951.0303	7234040	7454200.1601	-0.00172837022735832	-0.00707311024163062
chr17	84827045	84851089	279	4778	6147.632	3434	5187.846	0.233706190756516	-0.323632180404466
chr17	84851090	89385792	50480	1074416	1106609.128	934836	961483.0032	3.95563902524511e-05	-0.0026012618006794
chr17	89385793	89420092	124	863	2715.3341	437	2312.1307	0.751905040252902	-1.61370548313129
chr17	89420093	89463173	97	1829	2124.4313	541	1857.0151	1.56534796086777	-0.17602984232472
chr17	89464669	90843705	12725	268615	278567.7725	233477	243744.2058	0.0116835253494785	-0.0124967192266911
chr18	0	29846876	326503	6949797	7152868.5942	6085999	6248835.2791	-0.00137335638998097	-0.00155932684943279
chr18	29846877	29850264	45	482	979.557	0	871.358	32.1982691800718	-0.9831045251313
chr18	29850265	38385910	84129	1823105	1843582.9752	1582589	1607997.3524	0.00894823016821723	0.0238770773255667
chr18	38418199	38536859	664	12753	14483.0444	12933	12910.3867	-0.183968455417062	-0.143536457344862
chr18	38536860	40903037	21587	455165	471358.0942	401298	415884.1011	0.00315821972109105	-0.0104421037726006
chr18	40903038	40905621	34	385	750.861	652	645.76	-0.975476769044746	-0.923695640627838
chr18	40905622	44533954	39584	832559	863880.3657	744355	764348.1934	-0.012955334164723	-0.0132872482632431
chr18	44533955	44552281	52	189	1162.622	358	971.645	-1.17836972484405	-2.58093220038622
chr18	44552282	44748345	2436	53973	53230.4	46498	46879.7	0.0338666753761274	0.0599792449194829
chr18	44748346	44754130	77	862	1695.78	1479	1451.02	-1.00165935930215	-0.936197468147203
chr18	44754131	46142204	14688	307910	320379.52	271966	284083.8601	0.00770188993086812	-0.0172814319962266
chr18	46142205	46146029	51	595	1110.81	969	999.114	-0.854413332124467	-0.860658723441473
chr18	46146030	54524786	96356	2079204	2106327.9008	1831930	1848163.731	-0.00388600538913855	0.0212930432388726
chr18	54524787	54529551	62	700	1356.63	0	1199.43	32.2667650040399	-0.914608701176854
chr18	54529552	60530586	67828	1481087	1492389.8418	1276818	1285801.3884	0.00123139045795252	0.0290237155951114
chr18	60530587	60535612	67	0	1473.4	624	1264.18	-33.217196419392	-33.1792891760147
chr18	60535613	61798718	13427	286114	296120.294	247306	252468.9624	-0.0176999467358	-0.00960150037041509
chr18	61798719	61799384	8	94	175.32	0	152.043	32.3221075562829	-0.859266148944331
chr18	61799385	68769868	81666	1726156	1786418.2845	1512487	1563981.2206	0.000877906954120658	-0.00951529688900422
chr18	68769869	68777348	94	2809	2053.068	1808	1813.184	0.458490399859877	0.492266985453087
chr18	68777349	85677633	182392	3924749	4014505.6964	3383773	3458499.8678	0.000976173625147261	0.00736980456007764
chr18	85677634	85692202	52	269	1143.278	491	998.54	-1.06131644874538	-2.04750640122809
chr18	85692203	86399797	7932	165763	172872.0483	146209	153606.6059	0.0127100703953514	-0.0205908268589032
chr18	86399798	86403308	41	1	893.489	377	794.441	-8.72584601058191	-9.76331425595524
chr18	86403309	87774341	12381	252820	269908.0916	226328	241066.1775	-0.00125893044619709	-0.054365858863938
chr18	87774342	88201446	132	2336	2906.4993	1632	2538.2113	0.324013360247937	-0.275250513855492
chr19	0	136884	1067	21288	23365.239	18103	20359.7391	0.0372514264028905	-0.0943316059286881
chr19	136885	148307	44	160	983.506	2	837.171	6.09160104693134	-2.57987017501186
chr19	148308	10533854	112031	2409286	2450599.6739	2134135	2157149.8229	-0.0069696945465217	0.015462608214209
chr19	10533855	10665004	1674	30804	37482.7	30708	30846.2	-0.274544428607614	-0.24311540394426
chr19	10665005	36055735	258567	5550066	5695090.0146	4764392	4888728.8519	0.00203808365655182	0.00277805589451791
chr19	36055736	36077043	42	678	922.9981	989	797.237	-0.753919728461744	-0.405050631656313
chr19	36077089	59676245	276879	6005851	6140868.0604	5100930	5173159.6	-0.00970399477554317	0.00791784992574272
chr19	59676246	59689358	157	2234	3495.3857	2377	2954.0733	-0.330174222809483	-0.605830700350212
chr19	59689359	62275498	28212	601658	618684.3426	523898	536274.0228	-0.00449092769827987	-0.000268100368122477
chr20	747	4008	7	259	151.64	15	136.006	3.95502215702192	0.812293509233985
chr20	4009	452023	2840	53135	62198.2867	48097	54526.495	-0.0441173237617553	-0.187220591015617
chr20	452024	504623	131	1599	2857.2157	7	2551.9869	7.67469474783778	-0.797448241936041
chr20	504624	504716	1	29	21.6066	49	18.9607	-0.943104160512869	0.464572604667438
chr20	504717	521314	55	631	1195.91	12	1051.39	5.5328073079628	-0.88240513799018
chr20	521315	784759	2023	43617	44158.9526	38053	39162.2509	0.0257226116044578	0.0221763636382344
chr20	784760	794607	117	3536	2547.46	2184	2278.55	0.53628648349917	0.513050554197913
chr20	794608	814764	162	2375	3541.147	2218	3140.2583	-0.072580824732832	-0.536297447572479
chr20	814765	815332	6	68	130.162	0	114.505	32.2846638058535	-0.896709899366715
chr20	815333	2872493	13854	288256	303928.2606	245444	264206.08	0.031974104832613	-0.0363884186377098
chr20	2872494	2876482	5	3	109.55	82	94.1585	-4.98893121162528	-5.15049139525458
chr20	2876483	2878790	5	166	110.956	100	94.0376	0.4945897114704	0.621187330442813
chr20	2878791	2883504	12	368	265.624	4	226.672	6.29686716356814	0.510312034440334
chr20	2883505	4034151	8747	174615	196064.2891	142154	160338.2357	0.00859904687721938	-0.127157519282058
chr20	4034152	4044844	122	2029	2699.45	1041	2284.43	0.724052066542275	-0.371904856871042
chr20	4044845	4046353	20	164	452.104	4	339.599	4.9468140505328	-1.42296709388924
chr20	4046354	4048153	24	435	549.076	245	433.239	0.488475447926344	-0.29599867875189
chr20	4048154	4065815	212	2331	4657.05	11	4011.97	7.51428059380841	-0.958475593993521
chr20	4065816	4071972	81	1211	1802.88	740	1502.835	0.450069465399294	-0.534112735832212
chr20	4071973	4073547	21	247	465.064	28	393.318	2.90136378196836	-0.872926452095543
chr20	4073548	4277740	2227	45313	49356.397	37930	41775.457	0.0180886957093291	-0.0833202997528561
chr20	4277741	4280748	23	559	517.485	0	426.258	33.3326967166653	0.151323011302562
chr20	4280749	15655162	118044	2557334	2645752.9037	2109935	2171885.804	-0.00520350990456046	-0.00904596073609797
chr20	15655163	15655687	7	0	152.737	63	132.709	-33.217196419392	-33.1792891760147
chr20	15655688	21013488	63353	1332555	1390079.0165	1173601	1206702.3225	-0.018759462230606	-0.0209800394882596
chr20	21013489	21014014	7	168	152.9	1	135.721	7.2224574910415	0.175864599295504
chr20	21014015	34063609	145843	3112163	3211316.6236	2695376	2763862.6056	-0.00696340381099911	-0.00525551964004686
chr20	34063610	34064673	14	134	305.285	1	269.615	6.88891773866252	-1.14793193143808
chr20	34064674	55073049	235100	4940571	5150878.4381	4358576	4505968.9135	-0.0100756794101213	-0.0201489304941543
chr20	55073050	55083514	56	1060	1231.1089	1380	1086.5991	-0.558658099164094	-0.175902345892949
chr20	55083515	56205872	12376	253453	270121.0733	224522	238937.7983	-2.51446107377099e-05	-0.0518961815254388
chrX	598	22597280	198003	4150750	4331427.733	3685309	3801947.3914	-0.0144330967435516	-0.0214788331467642
chrX	22597281	22609966	90	685	1971.533	1178	1723.489	-0.974064884382841	-1.48515019236923
chrX	22609967	23792750	9830	202550	214762.7948	180078	189270.9277	-0.0105505811079851	-0.0444742265039651
chrX	23792751	23823061	93	992	2030.28	16	1797.86	5.78088279960093	-0.99327490722859
chrX	23823062	56160071	314182	6602469	6853044.8777	5943040	6085421.0057	-0.0174989977407663	-0.0137477389753677
chrX	56160072	56412367	2059	38587	44834.779	38046	40337.557	-0.130039944343551	-0.176511629476682
chrX	56412368	63559811	72453	1510801	1580401.5517	1377325	1408653.4155	-0.0304453240714533	-0.0249857511018161
chrX	63559812	63594005	266	6460	6107.68	7525	4621.62	-0.620298721207528	0.120901460996948
chrX	63594006	106167668	401846	8320522	8770247.3616	7497806	7790838.1476	-0.0185489176789204	-0.0359517201469659
chrX	106167669	106186158	143	2793	3213.263	3236	2633.43	-0.497407461021275	-0.162231721084602
chrX	106186159	112386400	61058	1256177	1333070.8788	1127407	1178101.4201	-0.020173888160983	-0.0457219572869412
chrX	112386401	112394903	71	1739	1629.625	1951	1185.965	-0.6223498996504	0.133709687736029
chrX	112394904	113107015	7735	161650	168732.4204	145656	149733.6929	-0.0199454041383046	-0.0218719205173684
chrX	113107016	113110167	41	435	891.313	755	787.757	-0.971558192868665	-0.994924973962805
chrX	113110168	149661786	358727	7502152	7826289.3624	6740579	6944297.5889	-0.0159831760935284	-0.0210321856362814
chrX	149661787	150631024	286	4184	6247.5862	803	5559.975	2.21527498145257	-0.538424277127743
chrX	150631025	159969947	80278	1685427	1755757.5317	1496155	1545321.1623	-0.0102478941142614	-0.0189877089311278
